0 0.270312 0.986111 0.149899 0.329824
0 0.357812 0.949074 0.137609 0.316375
0 0.452969 0.925926 0.124215 0.300456
0 0.547031 0.925926 0.124152 0.300376
0 0.642187 0.949074 0.137546 0.316296
0 0.729688 0.986111 0.149838 0.329746
7 0.033333 0.094444 0.037500 0.066667
7 0.070833 0.094444 0.037500 0.066667
7 0.108333 0.094444 0.037500 0.066667
7 0.145833 0.094444 0.037500 0.066667
7 0.183333 0.094444 0.037500 0.066667
7 0.220833 0.094444 0.037500 0.066667
7 0.258333 0.094444 0.037500 0.066667
7 0.295833 0.094444 0.037500 0.066667
7 0.333333 0.094444 0.037500 0.066667
7 0.370833 0.094444 0.037500 0.066667
7 0.408333 0.094444 0.037500 0.066667
7 0.445833 0.094444 0.037500 0.066667
7 0.483333 0.094444 0.037500 0.066667
7 0.520833 0.094444 0.037500 0.066667
7 0.558333 0.094444 0.037500 0.066667
7 0.595833 0.094444 0.037500 0.066667
7 0.633333 0.094444 0.037500 0.066667
7 0.670833 0.094444 0.037500 0.066667
7 0.708333 0.094444 0.037500 0.066667
5 0.334375 0.027778 0.033333 0.059259
5 0.363542 0.027778 0.033333 0.059259
5 0.392708 0.027778 0.033333 0.059259
5 0.421875 0.027778 0.033333 0.059259
5 0.451042 0.027778 0.033333 0.059259
4 0.247917 0.565741 0.114583 0.268519
2 0.247917 0.716667 0.120312 0.023333
6 0.195833 0.744444 0.025000 0.044444
6 0.220833 0.744444 0.025000 0.044444
6 0.245833 0.744444 0.025000 0.044444
6 0.525000 0.752778 0.025000 0.044444
6 0.550000 0.752778 0.025000 0.044444
6 0.575000 0.752778 0.025000 0.044444
6 0.600000 0.752778 0.025000 0.044444
1 0.644792 0.509259 0.250000 0.398148
2 0.644792 0.725000 0.262500 0.023333
3 0.644792 0.280556 0.038333 0.068148
6 0.726042 0.729630 0.025000 0.044444
1 0.844792 0.495370 0.247917 0.379630
2 0.844792 0.701852 0.260312 0.023333
3 0.844792 0.275926 0.038333 0.068148