0 0.182812 1.000000 0.145411 0.296825
0 0.237500 0.976852 0.136936 0.289694
0 0.303125 0.951852 0.127414 0.280350
0 0.379687 0.928704 0.116968 0.268919
0 0.456250 0.921296 0.105583 0.255387
0 0.543750 0.921296 0.105530 0.255319
0 0.620313 0.928704 0.116914 0.268851
0 0.696875 0.951852 0.127362 0.280284
0 0.762500 0.976852 0.136885 0.289630
0 0.817187 1.000000 0.145376 0.296799
7 0.033333 0.094444 0.037500 0.066667
7 0.070833 0.094444 0.037500 0.066667
7 0.108333 0.094444 0.037500 0.066667
7 0.145833 0.094444 0.037500 0.066667
7 0.183333 0.094444 0.037500 0.066667
7 0.220833 0.094444 0.037500 0.066667
7 0.258333 0.094444 0.037500 0.066667
7 0.295833 0.094444 0.037500 0.066667
7 0.333333 0.094444 0.037500 0.066667
7 0.370833 0.094444 0.037500 0.066667
7 0.408333 0.094444 0.037500 0.066667
7 0.445833 0.094444 0.037500 0.066667
7 0.483333 0.094444 0.037500 0.066667
7 0.520833 0.094444 0.037500 0.066667
7 0.558333 0.094444 0.037500 0.066667
5 0.334375 0.027778 0.033333 0.059259
5 0.363542 0.027778 0.033333 0.059259
5 0.392708 0.027778 0.033333 0.059259
5 0.421875 0.027778 0.033333 0.059259
5 0.451042 0.027778 0.033333 0.059259
4 0.247917 0.565741 0.114583 0.268519
2 0.247917 0.716667 0.120312 0.023333
6 0.195833 0.744444 0.025000 0.044444
6 0.220833 0.744444 0.025000 0.044444
6 0.245833 0.744444 0.025000 0.044444
6 0.270833 0.744444 0.025000 0.044444
6 0.408333 0.725000 0.025000 0.044444
6 0.433333 0.725000 0.025000 0.044444
6 0.458333 0.725000 0.025000 0.044444
1 0.450000 0.615741 0.093750 0.129630
2 0.450000 0.697222 0.098437 0.023333
3 0.450000 0.521296 0.038333 0.068148
6 0.551042 0.731481 0.025000 0.044444
1 0.650000 0.525000 0.208333 0.324074
2 0.650000 0.703704 0.218750 0.023333
3 0.650000 0.333333 0.038333 0.068148
6 0.803125 0.743519 0.025000 0.044444
6 0.828125 0.743519 0.025000 0.044444
6 0.853125 0.743519 0.025000 0.044444
6 0.878125 0.743519 0.025000 0.044444
1 0.850000 0.555556 0.104167 0.287037
2 0.850000 0.715741 0.109375 0.023333
3 0.850000 0.382407 0.038333 0.068148