0 0.193750 1.000000 0.149621 0.310807
0 0.259375 0.982716 0.140084 0.302077
0 0.332656 0.955556 0.129526 0.291092
0 0.412500 0.930247 0.117934 0.277839
0 0.500000 0.925926 0.105469 0.262500
0 0.587500 0.930247 0.117877 0.277768
0 0.667344 0.955556 0.129470 0.291021
0 0.740625 0.982716 0.140029 0.302007
0 0.806250 1.000000 0.149567 0.310740
7 0.033333 0.094444 0.037500 0.066667
7 0.070833 0.094444 0.037500 0.066667
7 0.108333 0.094444 0.037500 0.066667
5 0.334375 0.027778 0.033333 0.059259
5 0.363542 0.027778 0.033333 0.059259
5 0.392708 0.027778 0.033333 0.059259
5 0.421875 0.027778 0.033333 0.059259
5 0.451042 0.027778 0.033333 0.059259
4 0.247917 0.565741 0.114583 0.268519
2 0.247917 0.716667 0.120312 0.023333
6 0.195833 0.744444 0.025000 0.044444
6 0.220833 0.744444 0.025000 0.044444
6 0.245833 0.744444 0.025000 0.044444
6 0.756250 0.743519 0.025000 0.044444
1 0.870833 0.583333 0.239583 0.231481
2 0.870833 0.715741 0.251562 0.023333
3 0.870833 0.437963 0.038333 0.068148