0 0.351250 0.960648 0.137609 0.316375
0 0.449688 0.935185 0.124215 0.300456
0 0.550312 0.935185 0.124152 0.300376
0 0.648750 0.960648 0.137546 0.316296
7 0.033333 0.094444 0.037500 0.066667
7 0.070833 0.094444 0.037500 0.066667
5 0.334375 0.027778 0.033333 0.059259
5 0.363542 0.027778 0.033333 0.059259
5 0.392708 0.027778 0.033333 0.059259
5 0.421875 0.027778 0.033333 0.059259
5 0.451042 0.027778 0.033333 0.059259
4 0.247917 0.565741 0.114583 0.268519
2 0.247917 0.716667 0.120312 0.023333
6 0.195833 0.744444 0.025000 0.044444
6 0.610937 0.729630 0.025000 0.044444
1 0.650000 0.578704 0.088542 0.212963
2 0.650000 0.701852 0.092969 0.023333
3 0.650000 0.442593 0.038333 0.068148
6 0.751042 0.743519 0.025000 0.044444
1 0.850000 0.509259 0.208333 0.379630
2 0.850000 0.715741 0.218750 0.023333
3 0.850000 0.289815 0.038333 0.068148