0 0.193750 1.000000 0.149621 0.310807
0 0.259375 0.982716 0.140084 0.302077
0 0.332656 0.955556 0.129526 0.291092
0 0.412500 0.930247 0.117934 0.277839
0 0.500000 0.925926 0.105469 0.262500
0 0.587500 0.930247 0.117877 0.277768
0 0.667344 0.955556 0.129470 0.291021
0 0.740625 0.982716 0.140029 0.302007
0 0.806250 1.000000 0.149567 0.310740
7 0.033333 0.094444 0.037500 0.066667
5 0.334375 0.027778 0.033333 0.059259
5 0.363542 0.027778 0.033333 0.059259
5 0.392708 0.027778 0.033333 0.059259
5 0.421875 0.027778 0.033333 0.059259
5 0.451042 0.027778 0.033333 0.059259
4 0.247917 0.565741 0.114583 0.268519
2 0.247917 0.716667 0.120312 0.023333
6 0.195833 0.744444 0.025000 0.044444
6 0.220833 0.744444 0.025000 0.044444
6 0.245833 0.744444 0.025000 0.044444
6 0.270833 0.744444 0.025000 0.044444
6 0.421354 0.724074 0.025000 0.044444
6 0.446354 0.724074 0.025000 0.044444
6 0.471354 0.724074 0.025000 0.044444
6 0.496354 0.724074 0.025000 0.044444
1 0.450000 0.633333 0.067708 0.092593
2 0.450000 0.696296 0.071094 0.023333
3 0.450000 0.557407 0.038333 0.068148
6 0.795313 0.748148 0.025000 0.044444
6 0.820313 0.748148 0.025000 0.044444
6 0.845312 0.748148 0.025000 0.044444
1 0.850000 0.587963 0.119792 0.231481
2 0.850000 0.720370 0.125781 0.023333
3 0.850000 0.442593 0.038333 0.068148
6 0.553646 0.725926 0.025000 0.044444
6 0.578646 0.725926 0.025000 0.044444
6 0.603646 0.725926 0.025000 0.044444
6 0.628646 0.725926 0.025000 0.044444
1 0.650000 0.500926 0.203125 0.361111
2 0.650000 0.698148 0.213281 0.023333
3 0.650000 0.290741 0.038333 0.068148