0 0.226563 1.000000 0.153046 0.323776
0 0.300938 0.968750 0.142404 0.313332
0 0.379687 0.943287 0.130728 0.300556
0 0.458438 0.925926 0.118005 0.285433
0 0.541562 0.925926 0.117945 0.285357
0 0.620313 0.943287 0.130669 0.300481
0 0.693594 0.968750 0.142346 0.313258
0 0.773438 1.000000 0.152989 0.323704
8 0.033333 0.094444 0.037500 0.066667
8 0.070833 0.094444 0.037500 0.066667
8 0.108333 0.094444 0.037500 0.066667
8 0.145833 0.094444 0.037500 0.066667
6 0.334375 0.027778 0.033333 0.059259
6 0.363542 0.027778 0.033333 0.059259
6 0.392708 0.027778 0.033333 0.059259
6 0.421875 0.027778 0.033333 0.059259
6 0.451042 0.027778 0.033333 0.059259
5 0.234896 0.595370 0.154687 0.360556
2 0.247917 0.716667 0.120312 0.023333
3 0.182292 0.716667 0.037500 0.066667
7 0.195833 0.744444 0.025000 0.044444
7 0.220833 0.744444 0.025000 0.044444
7 0.245833 0.744444 0.025000 0.044444
16 0.350128 0.499860 0.050000 0.088889
16 0.293469 0.382636 0.050000 0.088889
16 0.206531 0.382636 0.050000 0.088889
16 0.149872 0.499860 0.050000 0.088889
1 0.436979 0.540741 0.229167 0.497037
2 0.450000 0.724074 0.191406 0.023333
3 0.350521 0.724074 0.037500 0.066667
7 0.364062 0.751852 0.025000 0.044444
7 0.389062 0.751852 0.025000 0.044444
4 0.450000 0.344444 0.038333 0.068148
1 0.636979 0.555556 0.143229 0.446111
2 0.650000 0.715741 0.109375 0.023333
3 0.589583 0.715741 0.037500 0.066667
7 0.603125 0.743519 0.025000 0.044444
7 0.628125 0.743519 0.025000 0.044444
7 0.653125 0.743519 0.025000 0.044444
4 0.650000 0.382407 0.038333 0.068148
1 0.836979 0.523148 0.240625 0.476667
2 0.850000 0.697222 0.202344 0.023333
3 0.745313 0.697222 0.037500 0.066667
7 0.758854 0.725000 0.025000 0.044444
7 0.783854 0.725000 0.025000 0.044444
4 0.850000 0.336111 0.038333 0.068148
9 0.103125 0.824074 0.062500 0.111111
10 0.854167 0.805556 0.119792 0.101852
11 0.036458 0.944444 0.071875 0.127778
12 0.963542 0.944444 0.071875 0.127778
13 0.285417 0.029630 0.062500 0.059259
14 0.547917 0.029630 0.109375 0.059259
15 0.939583 0.029630 0.033333 0.059259