0 0.226563 1.000000 0.153046 0.323776
0 0.300938 0.968750 0.142404 0.313332
0 0.379687 0.943287 0.130728 0.300556
0 0.458438 0.925926 0.118005 0.285433
0 0.541562 0.925926 0.117945 0.285357
0 0.620313 0.943287 0.130669 0.300481
0 0.693594 0.968750 0.142346 0.313258
0 0.773438 1.000000 0.152989 0.323704
7 0.033333 0.094444 0.037500 0.066667
7 0.070833 0.094444 0.037500 0.066667
7 0.108333 0.094444 0.037500 0.066667
7 0.145833 0.094444 0.037500 0.066667
7 0.183333 0.094444 0.037500 0.066667
7 0.220833 0.094444 0.037500 0.066667
7 0.258333 0.094444 0.037500 0.066667
5 0.334375 0.027778 0.033333 0.059259
5 0.363542 0.027778 0.033333 0.059259
5 0.392708 0.027778 0.033333 0.059259
5 0.421875 0.027778 0.033333 0.059259
5 0.451042 0.027778 0.033333 0.059259
4 0.247917 0.565741 0.114583 0.268519
2 0.247917 0.716667 0.120312 0.023333
6 0.195833 0.744444 0.025000 0.044444
6 0.220833 0.744444 0.025000 0.044444
6 0.245833 0.744444 0.025000 0.044444
6 0.270833 0.744444 0.025000 0.044444
6 0.810938 0.741294 0.025000 0.044444
6 0.835938 0.741294 0.025000 0.044444
1 0.850000 0.636665 0.088542 0.120370
2 0.850000 0.713516 0.092969 0.023333
3 0.850000 0.546850 0.038333 0.068148
6 0.566667 0.738889 0.025000 0.044444
6 0.591667 0.738889 0.025000 0.044444
1 0.652604 0.490741 0.182292 0.407407
2 0.652604 0.711111 0.191406 0.023333
3 0.652604 0.257407 0.038333 0.068148