0 0.500000 0.925926 0.117188 0.291667
7 0.033333 0.094444 0.037500 0.066667
7 0.070833 0.094444 0.037500 0.066667
7 0.108333 0.094444 0.037500 0.066667
7 0.145833 0.094444 0.037500 0.066667
7 0.183333 0.094444 0.037500 0.066667
7 0.220833 0.094444 0.037500 0.066667
7 0.258333 0.094444 0.037500 0.066667
7 0.295833 0.094444 0.037500 0.066667
7 0.333333 0.094444 0.037500 0.066667
7 0.370833 0.094444 0.037500 0.066667
7 0.408333 0.094444 0.037500 0.066667
7 0.445833 0.094444 0.037500 0.066667
7 0.483333 0.094444 0.037500 0.066667
7 0.520833 0.094444 0.037500 0.066667
7 0.558333 0.094444 0.037500 0.066667
7 0.595833 0.094444 0.037500 0.066667
7 0.633333 0.094444 0.037500 0.066667
7 0.670833 0.094444 0.037500 0.066667
7 0.708333 0.094444 0.037500 0.066667
7 0.745833 0.094444 0.037500 0.066667
5 0.334375 0.027778 0.033333 0.059259
5 0.363542 0.027778 0.033333 0.059259
5 0.392708 0.027778 0.033333 0.059259
5 0.421875 0.027778 0.033333 0.059259
5 0.451042 0.027778 0.033333 0.059259
4 0.247917 0.565741 0.114583 0.268519
2 0.247917 0.716667 0.120312 0.023333
6 0.195833 0.744444 0.025000 0.044444
6 0.740625 0.734259 0.025000 0.044444
6 0.765625 0.734259 0.025000 0.044444
6 0.790625 0.734259 0.025000 0.044444
1 0.850000 0.527778 0.229167 0.324074
2 0.850000 0.706481 0.240625 0.023333
3 0.850000 0.336111 0.038333 0.068148