0 0.401563 0.953704 0.131037 0.308710
0 0.500000 0.925926 0.117188 0.291667
0 0.598437 0.953704 0.130975 0.308631
7 0.033333 0.094444 0.037500 0.066667
7 0.070833 0.094444 0.037500 0.066667
7 0.108333 0.094444 0.037500 0.066667
7 0.145833 0.094444 0.037500 0.066667
7 0.183333 0.094444 0.037500 0.066667
7 0.220833 0.094444 0.037500 0.066667
7 0.258333 0.094444 0.037500 0.066667
7 0.295833 0.094444 0.037500 0.066667
7 0.333333 0.094444 0.037500 0.066667
7 0.370833 0.094444 0.037500 0.066667
7 0.408333 0.094444 0.037500 0.066667
7 0.445833 0.094444 0.037500 0.066667
5 0.334375 0.027778 0.033333 0.059259
5 0.363542 0.027778 0.033333 0.059259
5 0.392708 0.027778 0.033333 0.059259
5 0.421875 0.027778 0.033333 0.059259
5 0.451042 0.027778 0.033333 0.059259
4 0.247917 0.565741 0.114583 0.268519
2 0.247917 0.716667 0.120312 0.023333
6 0.195833 0.744444 0.025000 0.044444
6 0.220833 0.744444 0.025000 0.044444
6 0.626562 0.740741 0.025000 0.044444
1 0.650000 0.594444 0.057292 0.203704
2 0.650000 0.712963 0.060156 0.023333
3 0.650000 0.462963 0.038333 0.068148
6 0.782812 0.734259 0.025000 0.044444
1 0.842708 0.537037 0.130208 0.305556
2 0.842708 0.706481 0.136719 0.023333
3 0.842708 0.354630 0.038333 0.068148