0 0.448594 0.925926 0.124215 0.300456
0 0.557969 0.925926 0.124152 0.300376
7 0.033333 0.094444 0.037500 0.066667
5 0.334375 0.027778 0.033333 0.059259
5 0.363542 0.027778 0.033333 0.059259
5 0.392708 0.027778 0.033333 0.059259
5 0.421875 0.027778 0.033333 0.059259
5 0.451042 0.027778 0.033333 0.059259
4 0.247917 0.565741 0.114583 0.268519
2 0.247917 0.716667 0.120312 0.023333
6 0.195833 0.744444 0.025000 0.044444
6 0.220833 0.744444 0.025000 0.044444
6 0.810938 0.724250 0.025000 0.044444
1 0.850000 0.619620 0.088542 0.120370
2 0.850000 0.696472 0.092969 0.023333
3 0.850000 0.529805 0.038333 0.068148
6 0.525000 0.752778 0.025000 0.044444
6 0.550000 0.752778 0.025000 0.044444
1 0.644792 0.509259 0.250000 0.398148
2 0.644792 0.725000 0.262500 0.023333
3 0.644792 0.280556 0.038333 0.068148