0 0.270312 0.986111 0.149899 0.329824
0 0.357812 0.949074 0.137609 0.316375
0 0.452969 0.925926 0.124215 0.300456
0 0.547031 0.925926 0.124152 0.300376
0 0.642187 0.949074 0.137546 0.316296
0 0.729688 0.986111 0.149838 0.329746
7 0.033333 0.094444 0.037500 0.066667
7 0.070833 0.094444 0.037500 0.066667
7 0.108333 0.094444 0.037500 0.066667
7 0.145833 0.094444 0.037500 0.066667
7 0.183333 0.094444 0.037500 0.066667
7 0.220833 0.094444 0.037500 0.066667
7 0.258333 0.094444 0.037500 0.066667
7 0.295833 0.094444 0.037500 0.066667
7 0.333333 0.094444 0.037500 0.066667
5 0.334375 0.027778 0.033333 0.059259
5 0.363542 0.027778 0.033333 0.059259
5 0.392708 0.027778 0.033333 0.059259
5 0.421875 0.027778 0.033333 0.059259
5 0.451042 0.027778 0.033333 0.059259
4 0.247917 0.565741 0.114583 0.268519
2 0.247917 0.716667 0.120312 0.023333
6 0.195833 0.744444 0.025000 0.044444
6 0.220833 0.744444 0.025000 0.044444
6 0.771875 0.734259 0.025000 0.044444
6 0.796875 0.734259 0.025000 0.044444
6 0.821875 0.734259 0.025000 0.044444
1 0.850000 0.587963 0.166667 0.203704
2 0.850000 0.706481 0.175000 0.023333
3 0.850000 0.456481 0.038333 0.068148
6 0.548437 0.729630 0.025000 0.044444
6 0.573438 0.729630 0.025000 0.044444
6 0.598437 0.729630 0.025000 0.044444
6 0.623438 0.729630 0.025000 0.044444
1 0.660417 0.476852 0.234375 0.416667
2 0.660417 0.701852 0.246094 0.023333
3 0.660417 0.238889 0.038333 0.068148