519 0.237500 1.000000 0.155649 0.335641
451 0.314063 0.968783 0.143917 0.323435
352 0.401563 0.945767 0.131037 0.308710
620 0.500000 0.931481 0.117188 0.291667
514 0.598437 0.945767 0.130975 0.308631
209 0.685938 0.968783 0.143855 0.323357
588 0.762500 1.000000 0.155588 0.335564
173 0.033333 0.094444 0.037500 0.066667
94 0.070833 0.094444 0.037500 0.066667
93 0.108333 0.094444 0.037500 0.066667
28 0.145833 0.094444 0.037500 0.066667
200 0.334375 0.027778 0.033333 0.059259
304 0.363542 0.027778 0.033333 0.059259
12 0.392708 0.027778 0.033333 0.059259
13 0.421875 0.027778 0.033333 0.059259
13 0.451042 0.027778 0.033333 0.059259
14 0.247917 0.565741 0.114583 0.268519
15 0.247917 0.716667 0.120312 0.023333
414 0.195833 0.744444 0.025000 0.044444
45 0.220833 0.744444 0.025000 0.044444
119 0.603125 0.729630 0.025000 0.044444
382 0.650000 0.583333 0.104167 0.203704
20 0.650000 0.701852 0.109375 0.023333
48 0.650000 0.451852 0.038333 0.068148
296 0.818750 0.706481 0.025000 0.044444
369 0.843750 0.706481 0.025000 0.044444
306 0.868750 0.706481 0.025000 0.044444
57 0.850000 0.601852 0.072917 0.120370
20 0.850000 0.678704 0.076563 0.023333
48 0.850000 0.512037 0.038333 0.068148
