301 0.237500 1.000000 0.155649 0.335641
544 0.314063 0.968783 0.143917 0.323435
567 0.401563 0.945767 0.131037 0.308710
233 0.500000 0.931481 0.117188 0.291667
392 0.598437 0.945767 0.130975 0.308631
609 0.685938 0.968783 0.143855 0.323357
334 0.762500 1.000000 0.155588 0.335564
37 0.033333 0.094444 0.037500 0.066667
8 0.070833 0.094444 0.037500 0.066667
107 0.108333 0.094444 0.037500 0.066667
199 0.145833 0.094444 0.037500 0.066667
108 0.183333 0.094444 0.037500 0.066667
94 0.220833 0.094444 0.037500 0.066667
238 0.334375 0.027778 0.033333 0.059259
113 0.363542 0.027778 0.033333 0.059259
13 0.392708 0.027778 0.033333 0.059259
13 0.421875 0.027778 0.033333 0.059259
13 0.451042 0.027778 0.033333 0.059259
14 0.247917 0.565741 0.114583 0.268519
15 0.247917 0.716667 0.120312 0.023333
266 0.195833 0.744444 0.025000 0.044444
165 0.220833 0.744444 0.025000 0.044444
314 0.245833 0.744444 0.025000 0.044444
327 0.270833 0.744444 0.025000 0.044444
151 0.774479 0.725926 0.025000 0.044444
279 0.860417 0.561111 0.182292 0.240741
20 0.860417 0.698148 0.191406 0.023333
280 0.860417 0.411111 0.038333 0.068148
49 0.556250 0.734259 0.025000 0.044444
125 0.650000 0.555556 0.197917 0.268519
20 0.650000 0.706481 0.207812 0.023333
170 0.650000 0.391667 0.038333 0.068148
