432 0.500000 0.925926 0.117188 0.291667
32 0.033333 0.094444 0.037500 0.066667
110 0.070833 0.094444 0.037500 0.066667
110 0.108333 0.094444 0.037500 0.066667
37 0.145833 0.094444 0.037500 0.066667
96 0.334375 0.027778 0.033333 0.059259
13 0.363542 0.027778 0.033333 0.059259
13 0.392708 0.027778 0.033333 0.059259
13 0.421875 0.027778 0.033333 0.059259
13 0.451042 0.027778 0.033333 0.059259
14 0.247917 0.565741 0.114583 0.268519
15 0.247917 0.716667 0.120312 0.023333
435 0.195833 0.744444 0.025000 0.044444
43 0.220833 0.744444 0.025000 0.044444
50 0.245833 0.744444 0.025000 0.044444
424 0.270833 0.744444 0.025000 0.044444
313 0.787500 0.720370 0.025000 0.044444
330 0.850000 0.583333 0.135417 0.185185
20 0.850000 0.692593 0.142188 0.023333
48 0.850000 0.461111 0.038333 0.068148
275 0.611979 0.740741 0.025000 0.044444
81 0.645833 0.626852 0.078125 0.138889
20 0.645833 0.712963 0.082031 0.023333
82 0.645833 0.527778 0.038333 0.068148
