375 0.401563 0.953704 0.131037 0.308710
541 0.500000 0.925926 0.117188 0.291667
85 0.598437 0.953704 0.130975 0.308631
110 0.033333 0.094444 0.037500 0.066667
37 0.070833 0.094444 0.037500 0.066667
144 0.334375 0.027778 0.033333 0.059259
13 0.363542 0.027778 0.033333 0.059259
13 0.392708 0.027778 0.033333 0.059259
13 0.421875 0.027778 0.033333 0.059259
13 0.451042 0.027778 0.033333 0.059259
14 0.247917 0.565741 0.114583 0.268519
15 0.247917 0.716667 0.120312 0.023333
178 0.195833 0.744444 0.025000 0.044444
187 0.220833 0.744444 0.025000 0.044444
277 0.245833 0.744444 0.025000 0.044444
328 0.270833 0.744444 0.025000 0.044444
242 0.348437 0.738889 0.025000 0.044444
189 0.373437 0.738889 0.025000 0.044444
169 0.413542 0.518519 0.140625 0.351852
20 0.413542 0.711111 0.147656 0.023333
170 0.397917 0.312963 0.038333 0.068148
369 0.597917 0.737037 0.025000 0.044444
134 0.622917 0.737037 0.025000 0.044444
119 0.647917 0.737037 0.025000 0.044444
104 0.672917 0.737037 0.025000 0.044444
426 0.644792 0.562963 0.104167 0.259259
20 0.644792 0.709259 0.109375 0.023333
170 0.644792 0.403704 0.038333 0.068148
122 0.740625 0.739815 0.025000 0.044444
188 0.765625 0.739815 0.025000 0.044444
41 0.790625 0.739815 0.025000 0.044444
447 0.815625 0.739815 0.025000 0.044444
446 0.852604 0.551852 0.234375 0.287037
20 0.852604 0.712037 0.246094 0.023333
167 0.852604 0.378704 0.038333 0.068148
