283 0.237500 1.000000 0.155649 0.335641
246 0.314063 0.968783 0.143917 0.323435
301 0.401563 0.945767 0.131037 0.308710
236 0.500000 0.931481 0.117188 0.291667
433 0.598437 0.945767 0.130975 0.308631
434 0.685938 0.968783 0.143855 0.323357
300 0.762500 1.000000 0.155588 0.335564
36 0.033333 0.094444 0.037500 0.066667
31 0.070833 0.094444 0.037500 0.066667
184 0.108333 0.094444 0.037500 0.066667
93 0.145833 0.094444 0.037500 0.066667
35 0.183333 0.094444 0.037500 0.066667
36 0.220833 0.094444 0.037500 0.066667
67 0.258333 0.094444 0.037500 0.066667
67 0.295833 0.094444 0.037500 0.066667
110 0.333333 0.094444 0.037500 0.066667
38 0.370833 0.094444 0.037500 0.066667
109 0.408333 0.094444 0.037500 0.066667
38 0.445833 0.094444 0.037500 0.066667
109 0.483333 0.094444 0.037500 0.066667
272 0.334375 0.027778 0.033333 0.059259
254 0.363542 0.027778 0.033333 0.059259
96 0.392708 0.027778 0.033333 0.059259
303 0.421875 0.027778 0.033333 0.059259
336 0.451042 0.027778 0.033333 0.059259
14 0.247917 0.565741 0.114583 0.268519
15 0.247917 0.716667 0.120312 0.023333
337 0.195833 0.744444 0.025000 0.044444
435 0.220833 0.744444 0.025000 0.044444
327 0.842188 0.728704 0.025000 0.044444
369 0.867188 0.728704 0.025000 0.044444
99 0.892187 0.728704 0.025000 0.044444
396 0.870833 0.600926 0.067708 0.166667
20 0.870833 0.700926 0.071094 0.023333
158 0.870833 0.487963 0.038333 0.068148
