312 0.237500 1.000000 0.155649 0.335641
629 0.314063 0.968783 0.143917 0.323435
427 0.401563 0.945767 0.131037 0.308710
443 0.500000 0.931481 0.117188 0.291667
574 0.598437 0.945767 0.130975 0.308631
612 0.685938 0.968783 0.143855 0.323357
550 0.762500 1.000000 0.155588 0.335564
199 0.033333 0.094444 0.037500 0.066667
34 0.070833 0.094444 0.037500 0.066667
186 0.334375 0.027778 0.033333 0.059259
96 0.363542 0.027778 0.033333 0.059259
9 0.392708 0.027778 0.033333 0.059259
12 0.421875 0.027778 0.033333 0.059259
144 0.451042 0.027778 0.033333 0.059259
14 0.247917 0.565741 0.114583 0.268519
15 0.247917 0.716667 0.120312 0.023333
207 0.195833 0.744444 0.025000 0.044444
137 0.220833 0.744444 0.025000 0.044444
139 0.245833 0.744444 0.025000 0.044444
119 0.808333 0.711111 0.025000 0.044444
47 0.850000 0.601852 0.093750 0.129630
20 0.850000 0.683333 0.098437 0.023333
48 0.850000 0.507407 0.038333 0.068148
306 0.611979 0.735185 0.025000 0.044444
138 0.636979 0.735185 0.025000 0.044444
42 0.661979 0.735185 0.025000 0.044444
549 0.645833 0.621296 0.078125 0.138889
20 0.645833 0.707407 0.082031 0.023333
48 0.645833 0.522222 0.038333 0.068148
