510 0.226563 1.000000 0.153046 0.323776
370 0.300938 0.968750 0.142404 0.313332
576 0.379687 0.943287 0.130728 0.300556
244 0.458438 0.925926 0.118005 0.285433
607 0.541562 0.925926 0.117945 0.285357
387 0.620313 0.943287 0.130669 0.300481
432 0.693594 0.968750 0.142346 0.313258
372 0.773438 1.000000 0.152989 0.323704
29 0.033333 0.094444 0.037500 0.066667
6 0.070833 0.094444 0.037500 0.066667
355 0.334375 0.027778 0.033333 0.059259
13 0.363542 0.027778 0.033333 0.059259
13 0.392708 0.027778 0.033333 0.059259
13 0.421875 0.027778 0.033333 0.059259
13 0.451042 0.027778 0.033333 0.059259
14 0.247917 0.565741 0.114583 0.268519
15 0.247917 0.716667 0.120312 0.023333
117 0.195833 0.744444 0.025000 0.044444
80 0.220833 0.744444 0.025000 0.044444
305 0.584896 0.738889 0.025000 0.044444
117 0.609896 0.738889 0.025000 0.044444
327 0.634896 0.738889 0.025000 0.044444
137 0.659896 0.738889 0.025000 0.044444
53 0.650000 0.509259 0.140625 0.370370
20 0.650000 0.711111 0.147656 0.023333
331 0.650000 0.294444 0.038333 0.068148
79 0.756250 0.743519 0.025000 0.044444
228 0.781250 0.743519 0.025000 0.044444
402 0.806250 0.743519 0.025000 0.044444
414 0.831250 0.743519 0.025000 0.044444
297 0.870833 0.583333 0.239583 0.231481
20 0.870833 0.715741 0.251562 0.023333
48 0.870833 0.437963 0.038333 0.068148
