172 0.226563 1.000000 0.153046 0.323776
398 0.300938 0.968750 0.142404 0.313332
613 0.379687 0.943287 0.130728 0.300556
504 0.458438 0.925926 0.118005 0.285433
302 0.541562 0.925926 0.117945 0.285357
465 0.620313 0.943287 0.130669 0.300481
418 0.693594 0.968750 0.142346 0.313258
478 0.773438 1.000000 0.152989 0.323704
173 0.033333 0.094444 0.037500 0.066667
35 0.070833 0.094444 0.037500 0.066667
200 0.334375 0.027778 0.033333 0.059259
13 0.363542 0.027778 0.033333 0.059259
13 0.392708 0.027778 0.033333 0.059259
13 0.421875 0.027778 0.033333 0.059259
13 0.451042 0.027778 0.033333 0.059259
14 0.247917 0.565741 0.114583 0.268519
15 0.247917 0.716667 0.120312 0.023333
222 0.195833 0.744444 0.025000 0.044444
203 0.220833 0.744444 0.025000 0.044444
294 0.245833 0.744444 0.025000 0.044444
100 0.270833 0.744444 0.025000 0.044444
137 0.803125 0.729630 0.025000 0.044444
382 0.850000 0.583333 0.104167 0.203704
20 0.850000 0.701852 0.109375 0.023333
48 0.850000 0.451852 0.038333 0.068148
80 0.564062 0.751852 0.025000 0.044444
226 0.589063 0.751852 0.025000 0.044444
78 0.614062 0.751852 0.025000 0.044444
146 0.639063 0.751852 0.025000 0.044444
590 0.650000 0.540741 0.182292 0.333333
20 0.650000 0.724074 0.191406 0.023333
48 0.650000 0.344444 0.038333 0.068148
