245 0.193750 1.000000 0.149621 0.310807
626 0.259375 0.982716 0.140084 0.302077
373 0.332656 0.955556 0.129526 0.291092
234 0.412500 0.930247 0.117934 0.277839
487 0.500000 0.925926 0.105469 0.262500
387 0.587500 0.930247 0.117877 0.277768
551 0.667344 0.955556 0.129470 0.291021
298 0.740625 0.982716 0.140029 0.302007
649 0.806250 1.000000 0.149567 0.310740
199 0.033333 0.094444 0.037500 0.066667
131 0.070833 0.094444 0.037500 0.066667
31 0.108333 0.094444 0.037500 0.066667
37 0.145833 0.094444 0.037500 0.066667
5 0.183333 0.094444 0.037500 0.066667
130 0.220833 0.094444 0.037500 0.066667
92 0.258333 0.094444 0.037500 0.066667
33 0.295833 0.094444 0.037500 0.066667
38 0.333333 0.094444 0.037500 0.066667
199 0.370833 0.094444 0.037500 0.066667
8 0.408333 0.094444 0.037500 0.066667
184 0.445833 0.094444 0.037500 0.066667
8 0.483333 0.094444 0.037500 0.066667
96 0.334375 0.027778 0.033333 0.059259
112 0.363542 0.027778 0.033333 0.059259
13 0.392708 0.027778 0.033333 0.059259
13 0.421875 0.027778 0.033333 0.059259
13 0.451042 0.027778 0.033333 0.059259
14 0.247917 0.565741 0.114583 0.268519
15 0.247917 0.716667 0.120312 0.023333
326 0.195833 0.744444 0.025000 0.044444
273 0.584896 0.738889 0.025000 0.044444
328 0.609896 0.738889 0.025000 0.044444
406 0.634896 0.738889 0.025000 0.044444
307 0.659896 0.738889 0.025000 0.044444
53 0.650000 0.509259 0.140625 0.370370
20 0.650000 0.711111 0.147656 0.023333
331 0.650000 0.294444 0.038333 0.068148
203 0.811979 0.740741 0.025000 0.044444
176 0.836979 0.740741 0.025000 0.044444
296 0.861979 0.740741 0.025000 0.044444
81 0.845833 0.626852 0.078125 0.138889
20 0.845833 0.712963 0.082031 0.023333
82 0.845833 0.527778 0.038333 0.068148
