491 0.226563 1.000000 0.153046 0.323776
562 0.300938 0.968750 0.142404 0.313332
351 0.379687 0.943287 0.130728 0.300556
350 0.458438 0.925926 0.118005 0.285433
400 0.541562 0.925926 0.117945 0.285357
273 0.620313 0.943287 0.130669 0.300481
439 0.693594 0.968750 0.142346 0.313258
260 0.773438 1.000000 0.152989 0.323704
261 0.033333 0.094444 0.037500 0.066667
41 0.070833 0.094444 0.037500 0.066667
50 0.334375 0.027778 0.033333 0.059259
13 0.363542 0.027778 0.033333 0.059259
13 0.392708 0.027778 0.033333 0.059259
13 0.421875 0.027778 0.033333 0.059259
13 0.451042 0.027778 0.033333 0.059259
14 0.247917 0.565741 0.114583 0.268519
15 0.247917 0.716667 0.120312 0.023333
107 0.195833 0.744444 0.025000 0.044444
58 0.605729 0.757407 0.025000 0.044444
86 0.630729 0.757407 0.025000 0.044444
125 0.655729 0.757407 0.025000 0.044444
150 0.652604 0.583333 0.104167 0.259259
23 0.652604 0.729630 0.109375 0.023333
57 0.652604 0.424074 0.038333 0.068148
565 0.782292 0.720370 0.025000 0.044444
357 0.807292 0.720370 0.025000 0.044444
480 0.850000 0.546296 0.145833 0.259259
23 0.850000 0.692593 0.153125 0.023333
61 0.850000 0.387037 0.038333 0.068148
406 0.405729 0.738889 0.025000 0.044444
124 0.430729 0.738889 0.025000 0.044444
338 0.455729 0.738889 0.025000 0.044444
376 0.447396 0.564815 0.093750 0.259259
23 0.447396 0.711111 0.098437 0.023333
169 0.447396 0.405556 0.038333 0.068148
