452 0.448594 0.925926 0.124215 0.300456
345 0.557969 0.925926 0.124152 0.300376
130 0.033333 0.094444 0.037500 0.066667
184 0.070833 0.094444 0.037500 0.066667
32 0.108333 0.094444 0.037500 0.066667
37 0.145833 0.094444 0.037500 0.066667
109 0.183333 0.094444 0.037500 0.066667
36 0.220833 0.094444 0.037500 0.066667
31 0.258333 0.094444 0.037500 0.066667
67 0.295833 0.094444 0.037500 0.066667
67 0.333333 0.094444 0.037500 0.066667
33 0.370833 0.094444 0.037500 0.066667
163 0.408333 0.094444 0.037500 0.066667
29 0.445833 0.094444 0.037500 0.066667
110 0.483333 0.094444 0.037500 0.066667
91 0.520833 0.094444 0.037500 0.066667
4 0.558333 0.094444 0.037500 0.066667
8 0.595833 0.094444 0.037500 0.066667
31 0.633333 0.094444 0.037500 0.066667
28 0.670833 0.094444 0.037500 0.066667
8 0.708333 0.094444 0.037500 0.066667
199 0.745833 0.094444 0.037500 0.066667
12 0.334375 0.027778 0.033333 0.059259
12 0.363542 0.027778 0.033333 0.059259
13 0.392708 0.027778 0.033333 0.059259
13 0.421875 0.027778 0.033333 0.059259
13 0.451042 0.027778 0.033333 0.059259
14 0.247917 0.565741 0.114583 0.268519
15 0.247917 0.716667 0.120312 0.023333
16 0.195833 0.744444 0.025000 0.044444
366 0.220833 0.744444 0.025000 0.044444
447 0.245833 0.744444 0.025000 0.044444
189 0.842188 0.728704 0.025000 0.044444
406 0.867188 0.728704 0.025000 0.044444
378 0.892187 0.728704 0.025000 0.044444
203 0.917188 0.728704 0.025000 0.044444
396 0.870833 0.600926 0.067708 0.166667
20 0.870833 0.700926 0.071094 0.023333
158 0.870833 0.487963 0.038333 0.068148
50 0.351042 0.743519 0.025000 0.044444
338 0.450000 0.509259 0.208333 0.379630
20 0.450000 0.715741 0.218750 0.023333
216 0.450000 0.289815 0.038333 0.068148
240 0.571875 0.724074 0.025000 0.044444
441 0.639583 0.563889 0.145833 0.231481
20 0.639583 0.696296 0.153125 0.023333
48 0.639583 0.418519 0.038333 0.068148
