594 0.193750 1.000000 0.149621 0.310807
59 0.259375 0.982716 0.140084 0.302077
651 0.332656 0.955556 0.129526 0.291092
557 0.412500 0.930247 0.117934 0.277839
439 0.500000 0.925926 0.105469 0.262500
625 0.587500 0.930247 0.117877 0.277768
505 0.667344 0.955556 0.129470 0.291021
565 0.740625 0.982716 0.140029 0.302007
576 0.806250 1.000000 0.149567 0.310740
107 0.033333 0.094444 0.037500 0.066667
173 0.070833 0.094444 0.037500 0.066667
173 0.108333 0.094444 0.037500 0.066667
91 0.145833 0.094444 0.037500 0.066667
33 0.183333 0.094444 0.037500 0.066667
8 0.220833 0.094444 0.037500 0.066667
163 0.258333 0.094444 0.037500 0.066667
184 0.295833 0.094444 0.037500 0.066667
64 0.333333 0.094444 0.037500 0.066667
32 0.370833 0.094444 0.037500 0.066667
132 0.408333 0.094444 0.037500 0.066667
8 0.445833 0.094444 0.037500 0.066667
303 0.334375 0.027778 0.033333 0.059259
254 0.363542 0.027778 0.033333 0.059259
13 0.392708 0.027778 0.033333 0.059259
13 0.421875 0.027778 0.033333 0.059259
13 0.451042 0.027778 0.033333 0.059259
14 0.247917 0.565741 0.114583 0.268519
15 0.247917 0.716667 0.120312 0.023333
177 0.195833 0.744444 0.025000 0.044444
215 0.220833 0.744444 0.025000 0.044444
148 0.810938 0.698223 0.025000 0.044444
50 0.835938 0.698223 0.025000 0.044444
165 0.860937 0.698223 0.025000 0.044444
269 0.885938 0.698223 0.025000 0.044444
448 0.850000 0.593594 0.088542 0.120370
20 0.850000 0.670445 0.092969 0.023333
82 0.850000 0.503779 0.038333 0.068148
104 0.611979 0.735185 0.025000 0.044444
415 0.636979 0.735185 0.025000 0.044444
549 0.645833 0.621296 0.078125 0.138889
20 0.645833 0.707407 0.082031 0.023333
216 0.645833 0.522222 0.038333 0.068148
