1 0.351250 0.960648 0.137609 0.316375
233 0.449688 0.935185 0.124215 0.300456
434 0.550312 0.935185 0.124152 0.300376
61 0.648750 0.960648 0.137546 0.316296
38 0.033333 0.094444 0.037500 0.066667
30 0.070833 0.094444 0.037500 0.066667
64 0.108333 0.094444 0.037500 0.066667
64 0.145833 0.094444 0.037500 0.066667
66 0.183333 0.094444 0.037500 0.066667
272 0.334375 0.027778 0.033333 0.059259
40 0.363542 0.027778 0.033333 0.059259
13 0.392708 0.027778 0.033333 0.059259
13 0.421875 0.027778 0.033333 0.059259
13 0.451042 0.027778 0.033333 0.059259
14 0.247917 0.565741 0.114583 0.268519
15 0.247917 0.716667 0.120312 0.023333
120 0.195833 0.744444 0.025000 0.044444
41 0.410937 0.729630 0.025000 0.044444
269 0.435937 0.729630 0.025000 0.044444
347 0.460938 0.729630 0.025000 0.044444
516 0.450000 0.578704 0.088542 0.212963
20 0.450000 0.701852 0.092969 0.023333
48 0.450000 0.442593 0.038333 0.068148
168 0.577083 0.729630 0.025000 0.044444
464 0.650000 0.601852 0.156250 0.166667
20 0.650000 0.701852 0.164063 0.023333
170 0.650000 0.488889 0.038333 0.068148
270 0.756250 0.734259 0.025000 0.044444
326 0.781250 0.734259 0.025000 0.044444
273 0.806250 0.734259 0.025000 0.044444
125 0.850000 0.555556 0.197917 0.268519
20 0.850000 0.706481 0.207812 0.023333
216 0.850000 0.391667 0.038333 0.068148
