604 0.182812 1.000000 0.145411 0.296825
449 0.237500 0.976852 0.136936 0.289694
233 0.303125 0.951852 0.127414 0.280350
25 0.379687 0.928704 0.116968 0.268919
392 0.456250 0.921296 0.105583 0.255387
193 0.543750 0.921296 0.105530 0.255319
554 0.620313 0.928704 0.116914 0.268851
432 0.696875 0.951852 0.127362 0.280284
610 0.762500 0.976852 0.136885 0.289630
283 0.817187 1.000000 0.145376 0.296799
29 0.033333 0.094444 0.037500 0.066667
132 0.070833 0.094444 0.037500 0.066667
28 0.108333 0.094444 0.037500 0.066667
4 0.145833 0.094444 0.037500 0.066667
31 0.183333 0.094444 0.037500 0.066667
38 0.220833 0.094444 0.037500 0.066667
36 0.258333 0.094444 0.037500 0.066667
199 0.295833 0.094444 0.037500 0.066667
129 0.333333 0.094444 0.037500 0.066667
129 0.370833 0.094444 0.037500 0.066667
184 0.408333 0.094444 0.037500 0.066667
173 0.445833 0.094444 0.037500 0.066667
28 0.483333 0.094444 0.037500 0.066667
132 0.520833 0.094444 0.037500 0.066667
9 0.334375 0.027778 0.033333 0.059259
9 0.363542 0.027778 0.033333 0.059259
13 0.392708 0.027778 0.033333 0.059259
13 0.421875 0.027778 0.033333 0.059259
13 0.451042 0.027778 0.033333 0.059259
14 0.247917 0.565741 0.114583 0.268519
15 0.247917 0.716667 0.120312 0.023333
41 0.195833 0.744444 0.025000 0.044444
74 0.220833 0.744444 0.025000 0.044444
222 0.245833 0.744444 0.025000 0.044444
357 0.270833 0.744444 0.025000 0.044444
299 0.808333 0.706481 0.025000 0.044444
51 0.833333 0.706481 0.025000 0.044444
47 0.850000 0.597222 0.093750 0.129630
20 0.850000 0.678704 0.098437 0.023333
48 0.850000 0.502778 0.038333 0.068148
49 0.605729 0.757407 0.025000 0.044444
469 0.630729 0.757407 0.025000 0.044444
80 0.655729 0.757407 0.025000 0.044444
207 0.680729 0.757407 0.025000 0.044444
141 0.652604 0.583333 0.104167 0.259259
20 0.652604 0.729630 0.109375 0.023333
170 0.652604 0.424074 0.038333 0.068148
