468 0.270312 0.986111 0.149899 0.329824
211 0.357812 0.949074 0.137609 0.316375
500 0.452969 0.925926 0.124215 0.300456
647 0.547031 0.925926 0.124152 0.300376
219 0.642187 0.949074 0.137546 0.316296
433 0.729688 0.986111 0.149838 0.329746
4 0.033333 0.094444 0.037500 0.066667
303 0.334375 0.027778 0.033333 0.059259
133 0.363542 0.027778 0.033333 0.059259
303 0.392708 0.027778 0.033333 0.059259
145 0.421875 0.027778 0.033333 0.059259
13 0.451042 0.027778 0.033333 0.059259
14 0.247917 0.565741 0.114583 0.268519
15 0.247917 0.716667 0.120312 0.023333
79 0.195833 0.744444 0.025000 0.044444
100 0.220833 0.744444 0.025000 0.044444
204 0.808333 0.725000 0.025000 0.044444
242 0.833333 0.725000 0.025000 0.044444
455 0.858333 0.725000 0.025000 0.044444
277 0.883333 0.725000 0.025000 0.044444
47 0.850000 0.615741 0.093750 0.129630
20 0.850000 0.697222 0.098437 0.023333
48 0.850000 0.521296 0.038333 0.068148
101 0.410937 0.729630 0.025000 0.044444
70 0.435937 0.729630 0.025000 0.044444
516 0.450000 0.578704 0.088542 0.212963
20 0.450000 0.701852 0.092969 0.023333
21 0.450000 0.442593 0.038333 0.068148
239 0.603125 0.741667 0.025000 0.044444
55 0.628125 0.741667 0.025000 0.044444
425 0.653125 0.741667 0.025000 0.044444
366 0.678125 0.741667 0.025000 0.044444
217 0.644792 0.565278 0.093750 0.263889
20 0.644792 0.713889 0.098437 0.023333
158 0.644792 0.403704 0.038333 0.068148
