388 0.237500 1.000000 0.155649 0.335641
651 0.314063 0.968783 0.143917 0.323435
375 0.401563 0.945767 0.131037 0.308710
244 0.500000 0.931481 0.117188 0.291667
565 0.598437 0.945767 0.130975 0.308631
569 0.685938 0.968783 0.143855 0.323357
370 0.762500 1.000000 0.155588 0.335564
8 0.033333 0.094444 0.037500 0.066667
66 0.070833 0.094444 0.037500 0.066667
4 0.108333 0.094444 0.037500 0.066667
129 0.145833 0.094444 0.037500 0.066667
130 0.183333 0.094444 0.037500 0.066667
107 0.220833 0.094444 0.037500 0.066667
107 0.258333 0.094444 0.037500 0.066667
108 0.295833 0.094444 0.037500 0.066667
37 0.333333 0.094444 0.037500 0.066667
64 0.370833 0.094444 0.037500 0.066667
68 0.334375 0.027778 0.033333 0.059259
13 0.363542 0.027778 0.033333 0.059259
13 0.392708 0.027778 0.033333 0.059259
13 0.421875 0.027778 0.033333 0.059259
13 0.451042 0.027778 0.033333 0.059259
14 0.247917 0.565741 0.114583 0.268519
15 0.247917 0.716667 0.120312 0.023333
337 0.195833 0.744444 0.025000 0.044444
69 0.220833 0.744444 0.025000 0.044444
202 0.245833 0.744444 0.025000 0.044444
455 0.803125 0.741667 0.025000 0.044444
402 0.828125 0.741667 0.025000 0.044444
222 0.853125 0.741667 0.025000 0.044444
139 0.878125 0.741667 0.025000 0.044444
217 0.844792 0.565278 0.093750 0.263889
20 0.844792 0.713889 0.098437 0.023333
158 0.844792 0.403704 0.038333 0.068148
