89 0.401563 0.953704 0.131037 0.308710
386 0.500000 0.925926 0.117188 0.291667
514 0.598437 0.953704 0.130975 0.308631
92 0.033333 0.094444 0.037500 0.066667
38 0.070833 0.094444 0.037500 0.066667
29 0.108333 0.094444 0.037500 0.066667
29 0.145833 0.094444 0.037500 0.066667
29 0.183333 0.094444 0.037500 0.066667
32 0.220833 0.094444 0.037500 0.066667
66 0.258333 0.094444 0.037500 0.066667
4 0.295833 0.094444 0.037500 0.066667
36 0.333333 0.094444 0.037500 0.066667
8 0.370833 0.094444 0.037500 0.066667
199 0.408333 0.094444 0.037500 0.066667
131 0.445833 0.094444 0.037500 0.066667
36 0.483333 0.094444 0.037500 0.066667
28 0.520833 0.094444 0.037500 0.066667
92 0.558333 0.094444 0.037500 0.066667
29 0.595833 0.094444 0.037500 0.066667
32 0.633333 0.094444 0.037500 0.066667
93 0.670833 0.094444 0.037500 0.066667
67 0.708333 0.094444 0.037500 0.066667
9 0.334375 0.027778 0.033333 0.059259
112 0.363542 0.027778 0.033333 0.059259
336 0.392708 0.027778 0.033333 0.059259
144 0.421875 0.027778 0.033333 0.059259
13 0.451042 0.027778 0.033333 0.059259
14 0.247917 0.565741 0.114583 0.268519
15 0.247917 0.716667 0.120312 0.023333
124 0.195833 0.744444 0.025000 0.044444
239 0.220833 0.744444 0.025000 0.044444
328 0.395312 0.748148 0.025000 0.044444
266 0.420312 0.748148 0.025000 0.044444
414 0.445313 0.748148 0.025000 0.044444
42 0.470313 0.748148 0.025000 0.044444
482 0.450000 0.587963 0.119792 0.231481
20 0.450000 0.720370 0.125781 0.023333
216 0.450000 0.442593 0.038333 0.068148
188 0.787500 0.720370 0.025000 0.044444
101 0.812500 0.720370 0.025000 0.044444
330 0.850000 0.583333 0.135417 0.185185
20 0.850000 0.692593 0.142188 0.023333
331 0.850000 0.461111 0.038333 0.068148
18 0.571875 0.724074 0.025000 0.044444
441 0.639583 0.563889 0.145833 0.231481
20 0.639583 0.696296 0.153125 0.023333
170 0.639583 0.418519 0.038333 0.068148
