651 0.401563 0.953704 0.131037 0.308710
246 0.500000 0.925926 0.117188 0.291667
603 0.598437 0.953704 0.130975 0.308631
108 0.033333 0.094444 0.037500 0.066667
94 0.070833 0.094444 0.037500 0.066667
108 0.108333 0.094444 0.037500 0.066667
4 0.145833 0.094444 0.037500 0.066667
32 0.183333 0.094444 0.037500 0.066667
94 0.220833 0.094444 0.037500 0.066667
94 0.258333 0.094444 0.037500 0.066667
272 0.334375 0.027778 0.033333 0.059259
200 0.363542 0.027778 0.033333 0.059259
68 0.392708 0.027778 0.033333 0.059259
324 0.421875 0.027778 0.033333 0.059259
200 0.451042 0.027778 0.033333 0.059259
14 0.247917 0.565741 0.114583 0.268519
15 0.247917 0.716667 0.120312 0.023333
371 0.195833 0.744444 0.025000 0.044444
265 0.220833 0.744444 0.025000 0.044444
481 0.245833 0.744444 0.025000 0.044444
78 0.270833 0.744444 0.025000 0.044444
204 0.771875 0.724074 0.025000 0.044444
134 0.796875 0.724074 0.025000 0.044444
124 0.821875 0.724074 0.025000 0.044444
116 0.846875 0.724074 0.025000 0.044444
441 0.839583 0.563889 0.145833 0.231481
20 0.839583 0.696296 0.153125 0.023333
48 0.839583 0.418519 0.038333 0.068148
