473 0.314063 0.986111 0.143917 0.323435
560 0.401563 0.953704 0.131037 0.308710
589 0.500000 0.935185 0.117188 0.291667
244 0.598437 0.953704 0.130975 0.308631
196 0.685938 0.986111 0.143855 0.323357
94 0.033333 0.094444 0.037500 0.066667
184 0.070833 0.094444 0.037500 0.066667
173 0.108333 0.094444 0.037500 0.066667
7 0.145833 0.094444 0.037500 0.066667
107 0.183333 0.094444 0.037500 0.066667
36 0.220833 0.094444 0.037500 0.066667
109 0.258333 0.094444 0.037500 0.066667
28 0.295833 0.094444 0.037500 0.066667
34 0.333333 0.094444 0.037500 0.066667
92 0.370833 0.094444 0.037500 0.066667
355 0.334375 0.027778 0.033333 0.059259
272 0.363542 0.027778 0.033333 0.059259
200 0.392708 0.027778 0.033333 0.059259
13 0.421875 0.027778 0.033333 0.059259
13 0.451042 0.027778 0.033333 0.059259
14 0.247917 0.565741 0.114583 0.268519
15 0.247917 0.716667 0.120312 0.023333
268 0.195833 0.744444 0.025000 0.044444
295 0.591146 0.729630 0.025000 0.044444
120 0.616146 0.729630 0.025000 0.044444
118 0.641146 0.729630 0.025000 0.044444
220 0.666146 0.729630 0.025000 0.044444
221 0.645833 0.574074 0.119792 0.222222
20 0.645833 0.701852 0.125781 0.023333
48 0.645833 0.433333 0.038333 0.068148
295 0.371875 0.734259 0.025000 0.044444
151 0.396875 0.734259 0.025000 0.044444
149 0.450000 0.587963 0.166667 0.203704
20 0.450000 0.706481 0.175000 0.023333
150 0.450000 0.456481 0.038333 0.068148
207 0.805729 0.738889 0.025000 0.044444
123 0.830729 0.738889 0.025000 0.044444
117 0.855729 0.738889 0.025000 0.044444
266 0.880729 0.738889 0.025000 0.044444
329 0.847396 0.564815 0.093750 0.259259
20 0.847396 0.711111 0.098437 0.023333
21 0.847396 0.405556 0.038333 0.068148
