607 0.500000 0.925926 0.117188 0.291667
108 0.033333 0.094444 0.037500 0.066667
108 0.070833 0.094444 0.037500 0.066667
35 0.108333 0.094444 0.037500 0.066667
130 0.145833 0.094444 0.037500 0.066667
38 0.183333 0.094444 0.037500 0.066667
129 0.220833 0.094444 0.037500 0.066667
130 0.258333 0.094444 0.037500 0.066667
163 0.295833 0.094444 0.037500 0.066667
34 0.333333 0.094444 0.037500 0.066667
199 0.370833 0.094444 0.037500 0.066667
173 0.408333 0.094444 0.037500 0.066667
109 0.445833 0.094444 0.037500 0.066667
12 0.334375 0.027778 0.033333 0.059259
10 0.363542 0.027778 0.033333 0.059259
214 0.392708 0.027778 0.033333 0.059259
111 0.421875 0.027778 0.033333 0.059259
13 0.451042 0.027778 0.033333 0.059259
14 0.247917 0.565741 0.114583 0.268519
15 0.247917 0.716667 0.120312 0.023333
43 0.195833 0.744444 0.025000 0.044444
165 0.220833 0.744444 0.025000 0.044444
207 0.245833 0.744444 0.025000 0.044444
104 0.270833 0.744444 0.025000 0.044444
266 0.611979 0.724074 0.025000 0.044444
315 0.645833 0.610185 0.078125 0.138889
20 0.645833 0.696296 0.082031 0.023333
48 0.645833 0.511111 0.038333 0.068148
414 0.735417 0.729630 0.025000 0.044444
177 0.760417 0.729630 0.025000 0.044444
55 0.785417 0.729630 0.025000 0.044444
208 0.850000 0.546296 0.239583 0.277778
20 0.850000 0.701852 0.251562 0.023333
48 0.850000 0.377778 0.038333 0.068148
