645 0.351250 0.960648 0.137609 0.316375
284 0.449688 0.935185 0.124215 0.300456
233 0.550312 0.935185 0.124152 0.300376
656 0.648750 0.960648 0.137546 0.316296
30 0.033333 0.094444 0.037500 0.066667
7 0.070833 0.094444 0.037500 0.066667
5 0.108333 0.094444 0.037500 0.066667
28 0.145833 0.094444 0.037500 0.066667
38 0.183333 0.094444 0.037500 0.066667
110 0.220833 0.094444 0.037500 0.066667
35 0.258333 0.094444 0.037500 0.066667
7 0.295833 0.094444 0.037500 0.066667
28 0.333333 0.094444 0.037500 0.066667
163 0.370833 0.094444 0.037500 0.066667
94 0.408333 0.094444 0.037500 0.066667
91 0.445833 0.094444 0.037500 0.066667
7 0.483333 0.094444 0.037500 0.066667
355 0.334375 0.027778 0.033333 0.059259
13 0.363542 0.027778 0.033333 0.059259
13 0.392708 0.027778 0.033333 0.059259
13 0.421875 0.027778 0.033333 0.059259
13 0.451042 0.027778 0.033333 0.059259
14 0.247917 0.565741 0.114583 0.268519
15 0.247917 0.716667 0.120312 0.023333
139 0.195833 0.744444 0.025000 0.044444
165 0.220833 0.744444 0.025000 0.044444
101 0.245833 0.744444 0.025000 0.044444
54 0.803125 0.729630 0.025000 0.044444
483 0.828125 0.729630 0.025000 0.044444
79 0.853125 0.729630 0.025000 0.044444
242 0.878125 0.729630 0.025000 0.044444
531 0.850000 0.583333 0.104167 0.203704
20 0.850000 0.701852 0.109375 0.023333
48 0.850000 0.451852 0.038333 0.068148
