551 0.500000 0.925926 0.117188 0.291667
4 0.033333 0.094444 0.037500 0.066667
132 0.070833 0.094444 0.037500 0.066667
36 0.108333 0.094444 0.037500 0.066667
92 0.145833 0.094444 0.037500 0.066667
108 0.183333 0.094444 0.037500 0.066667
37 0.220833 0.094444 0.037500 0.066667
290 0.334375 0.027778 0.033333 0.059259
13 0.363542 0.027778 0.033333 0.059259
13 0.392708 0.027778 0.033333 0.059259
13 0.421875 0.027778 0.033333 0.059259
13 0.451042 0.027778 0.033333 0.059259
14 0.247917 0.565741 0.114583 0.268519
15 0.247917 0.716667 0.120312 0.023333
74 0.195833 0.744444 0.025000 0.044444
266 0.220833 0.744444 0.025000 0.044444
256 0.245833 0.744444 0.025000 0.044444
281 0.270833 0.744444 0.025000 0.044444
325 0.577083 0.729630 0.025000 0.044444
306 0.602083 0.729630 0.025000 0.044444
464 0.650000 0.601852 0.156250 0.166667
20 0.650000 0.701852 0.164063 0.023333
48 0.650000 0.488889 0.038333 0.068148
264 0.821354 0.724074 0.025000 0.044444
123 0.846354 0.724074 0.025000 0.044444
260 0.850000 0.633333 0.067708 0.092593
20 0.850000 0.696296 0.071094 0.023333
48 0.850000 0.557407 0.038333 0.068148
