428 0.182812 1.000000 0.145411 0.296825
544 0.237500 0.976852 0.136936 0.289694
558 0.303125 0.951852 0.127414 0.280350
419 0.379687 0.928704 0.116968 0.268919
599 0.456250 0.921296 0.105583 0.255387
566 0.543750 0.921296 0.105530 0.255319
569 0.620313 0.928704 0.116914 0.268851
594 0.696875 0.951852 0.127362 0.280284
231 0.762500 0.976852 0.136885 0.289630
316 0.817187 1.000000 0.145376 0.296799
38 0.033333 0.094444 0.037500 0.066667
91 0.070833 0.094444 0.037500 0.066667
38 0.108333 0.094444 0.037500 0.066667
131 0.145833 0.094444 0.037500 0.066667
109 0.183333 0.094444 0.037500 0.066667
37 0.220833 0.094444 0.037500 0.066667
93 0.258333 0.094444 0.037500 0.066667
110 0.295833 0.094444 0.037500 0.066667
64 0.333333 0.094444 0.037500 0.066667
7 0.370833 0.094444 0.037500 0.066667
28 0.408333 0.094444 0.037500 0.066667
38 0.445833 0.094444 0.037500 0.066667
37 0.483333 0.094444 0.037500 0.066667
324 0.334375 0.027778 0.033333 0.059259
10 0.363542 0.027778 0.033333 0.059259
255 0.392708 0.027778 0.033333 0.059259
254 0.421875 0.027778 0.033333 0.059259
13 0.451042 0.027778 0.033333 0.059259
14 0.247917 0.565741 0.114583 0.268519
15 0.247917 0.716667 0.120312 0.023333
337 0.195833 0.744444 0.025000 0.044444
268 0.220833 0.744444 0.025000 0.044444
371 0.245833 0.744444 0.025000 0.044444
454 0.270833 0.744444 0.025000 0.044444
281 0.621354 0.724074 0.025000 0.044444
347 0.646354 0.724074 0.025000 0.044444
156 0.671354 0.724074 0.025000 0.044444
260 0.650000 0.633333 0.067708 0.092593
20 0.650000 0.696296 0.071094 0.023333
48 0.650000 0.557407 0.038333 0.068148
151 0.371875 0.734259 0.025000 0.044444
70 0.396875 0.734259 0.025000 0.044444
79 0.421875 0.734259 0.025000 0.044444
118 0.446875 0.734259 0.025000 0.044444
149 0.450000 0.587963 0.166667 0.203704
20 0.450000 0.706481 0.175000 0.023333
150 0.450000 0.456481 0.038333 0.068148
242 0.725000 0.752778 0.025000 0.044444
481 0.750000 0.752778 0.025000 0.044444
397 0.844792 0.509259 0.250000 0.398148
20 0.844792 0.725000 0.262500 0.023333
21 0.844792 0.280556 0.038333 0.068148
