532 0.401563 0.953704 0.131037 0.308710
517 0.500000 0.925926 0.117188 0.291667
434 0.598437 0.953704 0.130975 0.308631
92 0.033333 0.094444 0.037500 0.066667
108 0.070833 0.094444 0.037500 0.066667
38 0.108333 0.094444 0.037500 0.066667
131 0.145833 0.094444 0.037500 0.066667
67 0.183333 0.094444 0.037500 0.066667
8 0.220833 0.094444 0.037500 0.066667
31 0.258333 0.094444 0.037500 0.066667
37 0.295833 0.094444 0.037500 0.066667
28 0.333333 0.094444 0.037500 0.066667
110 0.370833 0.094444 0.037500 0.066667
4 0.408333 0.094444 0.037500 0.066667
31 0.445833 0.094444 0.037500 0.066667
6 0.483333 0.094444 0.037500 0.066667
32 0.520833 0.094444 0.037500 0.066667
199 0.558333 0.094444 0.037500 0.066667
32 0.595833 0.094444 0.037500 0.066667
8 0.633333 0.094444 0.037500 0.066667
129 0.670833 0.094444 0.037500 0.066667
238 0.334375 0.027778 0.033333 0.059259
145 0.363542 0.027778 0.033333 0.059259
13 0.392708 0.027778 0.033333 0.059259
13 0.421875 0.027778 0.033333 0.059259
13 0.451042 0.027778 0.033333 0.059259
14 0.247917 0.565741 0.114583 0.268519
15 0.247917 0.716667 0.120312 0.023333
207 0.195833 0.744444 0.025000 0.044444
188 0.220833 0.744444 0.025000 0.044444
215 0.808333 0.725000 0.025000 0.044444
337 0.833333 0.725000 0.025000 0.044444
77 0.858333 0.725000 0.025000 0.044444
447 0.883333 0.725000 0.025000 0.044444
47 0.850000 0.615741 0.093750 0.129630
20 0.850000 0.697222 0.098437 0.023333
82 0.850000 0.521296 0.038333 0.068148
45 0.608333 0.706481 0.025000 0.044444
47 0.650000 0.597222 0.093750 0.129630
20 0.650000 0.678704 0.098437 0.023333
48 0.650000 0.502778 0.038333 0.068148
