127 0.237500 1.000000 0.155649 0.335641
128 0.314063 0.968783 0.143917 0.323435
129 0.401563 0.945767 0.131037 0.308710
130 0.500000 0.931481 0.117188 0.291667
131 0.598437 0.945767 0.130975 0.308631
132 0.685938 0.968783 0.143855 0.323357
133 0.762500 1.000000 0.155588 0.335564
50 0.033333 0.094444 0.037500 0.066667
103 0.070833 0.094444 0.037500 0.066667
134 0.108333 0.094444 0.037500 0.066667
81 0.145833 0.094444 0.037500 0.066667
83 0.334375 0.027778 0.033333 0.059259
115 0.363542 0.027778 0.033333 0.059259
135 0.392708 0.027778 0.033333 0.059259
136 0.421875 0.027778 0.033333 0.059259
15 0.451042 0.027778 0.033333 0.059259
137 0.247917 0.595370 0.126042 0.360556
17 0.247917 0.716667 0.120312 0.023333
138 0.195833 0.744444 0.025000 0.044444
139 0.220833 0.744444 0.025000 0.044444
140 0.850000 0.523148 0.103125 0.446111
17 0.850000 0.683333 0.098437 0.023333
141 0.808333 0.711111 0.025000 0.044444
142 0.833333 0.711111 0.025000 0.044444
143 0.850000 0.350000 0.038333 0.068148
144 0.436979 0.509259 0.183333 0.537778
17 0.450000 0.711111 0.147656 0.023333
18 0.371354 0.711111 0.037500 0.066667
145 0.384896 0.738889 0.025000 0.044444
28 0.450000 0.294444 0.038333 0.068148
91 0.632813 0.610185 0.114583 0.283148
17 0.645833 0.696296 0.082031 0.023333
18 0.598437 0.696296 0.037500 0.066667
146 0.611979 0.724074 0.025000 0.044444
147 0.636979 0.724074 0.025000 0.044444
28 0.645833 0.511111 0.038333 0.068148
37 0.103125 0.824074 0.062500 0.111111
38 0.854167 0.805556 0.119792 0.101852
39 0.036458 0.944444 0.071875 0.127778
40 0.963542 0.944444 0.071875 0.127778
41 0.285417 0.029630 0.062500 0.059259
42 0.547917 0.029630 0.109375 0.059259
43 0.939583 0.029630 0.033333 0.059259
