0 0.314063 0.986111 0.143917 0.323435
459 0.401563 0.953704 0.131037 0.308710
593 0.500000 0.935185 0.117188 0.291667
506 0.598437 0.953704 0.130975 0.308631
191 0.685938 0.986111 0.143855 0.323357
32 0.033333 0.094444 0.037500 0.066667
32 0.070833 0.094444 0.037500 0.066667
28 0.108333 0.094444 0.037500 0.066667
32 0.145833 0.094444 0.037500 0.066667
96 0.334375 0.027778 0.033333 0.059259
174 0.363542 0.027778 0.033333 0.059259
200 0.392708 0.027778 0.033333 0.059259
39 0.421875 0.027778 0.033333 0.059259
254 0.451042 0.027778 0.033333 0.059259
14 0.247917 0.565741 0.114583 0.268519
15 0.247917 0.716667 0.120312 0.023333
276 0.195833 0.744444 0.025000 0.044444
337 0.220833 0.744444 0.025000 0.044444
187 0.245833 0.744444 0.025000 0.044444
296 0.740625 0.739815 0.025000 0.044444
118 0.765625 0.739815 0.025000 0.044444
347 0.790625 0.739815 0.025000 0.044444
446 0.852604 0.551852 0.234375 0.287037
20 0.852604 0.712037 0.246094 0.023333
21 0.852604 0.378704 0.038333 0.068148
