286 0.193750 1.000000 0.149621 0.310807
538 0.259375 0.982716 0.140084 0.302077
249 0.332656 0.955556 0.129526 0.291092
180 0.412500 0.930247 0.117934 0.277839
428 0.500000 0.925926 0.105469 0.262500
261 0.587500 0.930247 0.117877 0.277768
457 0.667344 0.955556 0.129470 0.291021
512 0.740625 0.982716 0.140029 0.302007
496 0.806250 1.000000 0.149567 0.310740
129 0.033333 0.094444 0.037500 0.066667
8 0.070833 0.094444 0.037500 0.066667
8 0.108333 0.094444 0.037500 0.066667
30 0.145833 0.094444 0.037500 0.066667
110 0.183333 0.094444 0.037500 0.066667
163 0.220833 0.094444 0.037500 0.066667
131 0.258333 0.094444 0.037500 0.066667
184 0.295833 0.094444 0.037500 0.066667
34 0.333333 0.094444 0.037500 0.066667
36 0.370833 0.094444 0.037500 0.066667
33 0.408333 0.094444 0.037500 0.066667
108 0.445833 0.094444 0.037500 0.066667
92 0.483333 0.094444 0.037500 0.066667
94 0.520833 0.094444 0.037500 0.066667
7 0.558333 0.094444 0.037500 0.066667
67 0.595833 0.094444 0.037500 0.066667
272 0.334375 0.027778 0.033333 0.059259
377 0.363542 0.027778 0.033333 0.059259
13 0.392708 0.027778 0.033333 0.059259
13 0.421875 0.027778 0.033333 0.059259
13 0.451042 0.027778 0.033333 0.059259
14 0.247917 0.565741 0.114583 0.268519
15 0.247917 0.716667 0.120312 0.023333
100 0.195833 0.744444 0.025000 0.044444
44 0.220833 0.744444 0.025000 0.044444
55 0.245833 0.744444 0.025000 0.044444
268 0.270833 0.744444 0.025000 0.044444
204 0.558854 0.748148 0.025000 0.044444
74 0.583854 0.748148 0.025000 0.044444
455 0.608854 0.748148 0.025000 0.044444
470 0.634375 0.562500 0.161458 0.282407
20 0.634375 0.720370 0.169531 0.023333
48 0.634375 0.391667 0.038333 0.068148
226 0.782812 0.734259 0.025000 0.044444
74 0.807813 0.734259 0.025000 0.044444
276 0.832812 0.734259 0.025000 0.044444
485 0.842708 0.537037 0.130208 0.305556
20 0.842708 0.706481 0.136719 0.023333
48 0.842708 0.354630 0.038333 0.068148
