632 0.193750 1.000000 0.149621 0.310807
641 0.259375 0.982716 0.140084 0.302077
621 0.332656 0.955556 0.129526 0.291092
345 0.412500 0.930247 0.117934 0.277839
333 0.500000 0.925926 0.105469 0.262500
399 0.587500 0.930247 0.117877 0.277768
583 0.667344 0.955556 0.129470 0.291021
643 0.740625 0.982716 0.140029 0.302007
349 0.806250 1.000000 0.149567 0.310740
29 0.033333 0.094444 0.037500 0.066667
94 0.070833 0.094444 0.037500 0.066667
107 0.108333 0.094444 0.037500 0.066667
91 0.145833 0.094444 0.037500 0.066667
64 0.183333 0.094444 0.037500 0.066667
107 0.220833 0.094444 0.037500 0.066667
28 0.258333 0.094444 0.037500 0.066667
38 0.295833 0.094444 0.037500 0.066667
173 0.333333 0.094444 0.037500 0.066667
36 0.370833 0.094444 0.037500 0.066667
173 0.408333 0.094444 0.037500 0.066667
30 0.445833 0.094444 0.037500 0.066667
32 0.483333 0.094444 0.037500 0.066667
131 0.520833 0.094444 0.037500 0.066667
32 0.558333 0.094444 0.037500 0.066667
94 0.595833 0.094444 0.037500 0.066667
184 0.633333 0.094444 0.037500 0.066667
5 0.670833 0.094444 0.037500 0.066667
64 0.708333 0.094444 0.037500 0.066667
255 0.334375 0.027778 0.033333 0.059259
145 0.363542 0.027778 0.033333 0.059259
13 0.392708 0.027778 0.033333 0.059259
13 0.421875 0.027778 0.033333 0.059259
13 0.451042 0.027778 0.033333 0.059259
14 0.247917 0.565741 0.114583 0.268519
15 0.247917 0.716667 0.120312 0.023333
77 0.195833 0.744444 0.025000 0.044444
447 0.220833 0.744444 0.025000 0.044444
273 0.591146 0.729630 0.025000 0.044444
202 0.616146 0.729630 0.025000 0.044444
275 0.641146 0.729630 0.025000 0.044444
120 0.666146 0.729630 0.025000 0.044444
221 0.645833 0.574074 0.119792 0.222222
20 0.645833 0.701852 0.125781 0.023333
48 0.645833 0.433333 0.038333 0.068148
205 0.782812 0.734259 0.025000 0.044444
485 0.842708 0.537037 0.130208 0.305556
20 0.842708 0.706481 0.136719 0.023333
48 0.842708 0.354630 0.038333 0.068148
