399 0.226563 1.000000 0.153046 0.323776
430 0.300938 0.968750 0.142404 0.313332
431 0.379687 0.943287 0.130728 0.300556
308 0.458438 0.925926 0.118005 0.285433
432 0.541562 0.925926 0.117945 0.285357
2 0.620313 0.943287 0.130669 0.300481
321 0.693594 0.968750 0.142346 0.313258
364 0.773438 1.000000 0.152989 0.323704
67 0.033333 0.094444 0.037500 0.066667
130 0.070833 0.094444 0.037500 0.066667
173 0.108333 0.094444 0.037500 0.066667
65 0.145833 0.094444 0.037500 0.066667
184 0.183333 0.094444 0.037500 0.066667
336 0.334375 0.027778 0.033333 0.059259
214 0.363542 0.027778 0.033333 0.059259
39 0.392708 0.027778 0.033333 0.059259
324 0.421875 0.027778 0.033333 0.059259
40 0.451042 0.027778 0.033333 0.059259
14 0.247917 0.565741 0.114583 0.268519
15 0.247917 0.716667 0.120312 0.023333
136 0.195833 0.744444 0.025000 0.044444
155 0.784896 0.738889 0.025000 0.044444
425 0.809896 0.738889 0.025000 0.044444
138 0.834896 0.738889 0.025000 0.044444
53 0.850000 0.509259 0.140625 0.370370
20 0.850000 0.711111 0.147656 0.023333
48 0.850000 0.294444 0.038333 0.068148
156 0.566667 0.738889 0.025000 0.044444
259 0.591667 0.738889 0.025000 0.044444
69 0.616667 0.738889 0.025000 0.044444
422 0.652604 0.490741 0.182292 0.407407
20 0.652604 0.711111 0.191406 0.023333
82 0.652604 0.257407 0.038333 0.068148
226 0.356250 0.743519 0.025000 0.044444
98 0.381250 0.743519 0.025000 0.044444
337 0.406250 0.743519 0.025000 0.044444
327 0.431250 0.743519 0.025000 0.044444
297 0.470833 0.583333 0.239583 0.231481
20 0.470833 0.715741 0.251562 0.023333
48 0.470833 0.437963 0.038333 0.068148
