341 0.226563 1.000000 0.153046 0.323776
563 0.300938 0.968750 0.142404 0.313332
251 0.379687 0.943287 0.130728 0.300556
171 0.458438 0.925926 0.118005 0.285433
491 0.541562 0.925926 0.117945 0.285357
229 0.620313 0.943287 0.130669 0.300481
364 0.693594 0.968750 0.142346 0.313258
488 0.773438 1.000000 0.152989 0.323704
65 0.033333 0.094444 0.037500 0.066667
4 0.070833 0.094444 0.037500 0.066667
110 0.108333 0.094444 0.037500 0.066667
67 0.145833 0.094444 0.037500 0.066667
37 0.183333 0.094444 0.037500 0.066667
132 0.220833 0.094444 0.037500 0.066667
28 0.258333 0.094444 0.037500 0.066667
36 0.295833 0.094444 0.037500 0.066667
107 0.333333 0.094444 0.037500 0.066667
9 0.334375 0.027778 0.033333 0.059259
111 0.363542 0.027778 0.033333 0.059259
145 0.392708 0.027778 0.033333 0.059259
12 0.421875 0.027778 0.033333 0.059259
13 0.451042 0.027778 0.033333 0.059259
14 0.247917 0.565741 0.114583 0.268519
15 0.247917 0.716667 0.120312 0.023333
116 0.195833 0.744444 0.025000 0.044444
406 0.220833 0.744444 0.025000 0.044444
74 0.245833 0.744444 0.025000 0.044444
203 0.270833 0.744444 0.025000 0.044444
78 0.803125 0.729630 0.025000 0.044444
187 0.828125 0.729630 0.025000 0.044444
178 0.853125 0.729630 0.025000 0.044444
382 0.850000 0.583333 0.104167 0.203704
20 0.850000 0.701852 0.109375 0.023333
48 0.850000 0.451852 0.038333 0.068148
