558 0.270312 0.986111 0.149899 0.329824
478 0.357812 0.949074 0.137609 0.316375
604 0.452969 0.925926 0.124215 0.300456
495 0.547031 0.925926 0.124152 0.300376
530 0.642187 0.949074 0.137546 0.316296
491 0.729688 0.986111 0.149838 0.329746
177 0.033333 0.094444 0.037500 0.066667
98 0.070833 0.094444 0.037500 0.066667
76 0.108333 0.094444 0.037500 0.066667
75 0.145833 0.094444 0.037500 0.066667
261 0.183333 0.094444 0.037500 0.066667
77 0.220833 0.094444 0.037500 0.066667
178 0.258333 0.094444 0.037500 0.066667
139 0.295833 0.094444 0.037500 0.066667
138 0.333333 0.094444 0.037500 0.066667
46 0.370833 0.094444 0.037500 0.066667
177 0.408333 0.094444 0.037500 0.066667
117 0.445833 0.094444 0.037500 0.066667
188 0.483333 0.094444 0.037500 0.066667
139 0.520833 0.094444 0.037500 0.066667
98 0.558333 0.094444 0.037500 0.066667
204 0.334375 0.027778 0.033333 0.059259
360 0.363542 0.027778 0.033333 0.059259
120 0.392708 0.027778 0.033333 0.059259
191 0.421875 0.027778 0.033333 0.059259
13 0.451042 0.027778 0.033333 0.059259
14 0.247917 0.565741 0.114583 0.268519
15 0.247917 0.716667 0.120312 0.023333
412 0.195833 0.744444 0.025000 0.044444
262 0.220833 0.744444 0.025000 0.044444
431 0.245833 0.744444 0.025000 0.044444
148 0.270833 0.744444 0.025000 0.044444
16 0.821354 0.724074 0.025000 0.044444
127 0.850000 0.633333 0.067708 0.092593
23 0.850000 0.696296 0.071094 0.023333
61 0.850000 0.557407 0.038333 0.068148
54 0.408333 0.711111 0.025000 0.044444
223 0.433333 0.711111 0.025000 0.044444
104 0.458333 0.711111 0.025000 0.044444
107 0.483333 0.711111 0.025000 0.044444
84 0.450000 0.523148 0.093750 0.287037
23 0.450000 0.683333 0.098437 0.023333
24 0.450000 0.350000 0.038333 0.068148
271 0.525000 0.752778 0.025000 0.044444
239 0.550000 0.752778 0.025000 0.044444
347 0.644792 0.509259 0.250000 0.398148
23 0.644792 0.725000 0.262500 0.023333
169 0.644792 0.280556 0.038333 0.068148
