411 0.314063 0.986111 0.143917 0.323435
497 0.401563 0.953704 0.131037 0.308710
87 0.500000 0.935185 0.117188 0.291667
391 0.598437 0.953704 0.130975 0.308631
638 0.685938 0.986111 0.143855 0.323357
33 0.033333 0.094444 0.037500 0.066667
92 0.070833 0.094444 0.037500 0.066667
8 0.108333 0.094444 0.037500 0.066667
377 0.334375 0.027778 0.033333 0.059259
13 0.363542 0.027778 0.033333 0.059259
13 0.392708 0.027778 0.033333 0.059259
13 0.421875 0.027778 0.033333 0.059259
13 0.451042 0.027778 0.033333 0.059259
14 0.247917 0.565741 0.114583 0.268519
15 0.247917 0.716667 0.120312 0.023333
276 0.195833 0.744444 0.025000 0.044444
152 0.220833 0.744444 0.025000 0.044444
469 0.245833 0.744444 0.025000 0.044444
337 0.270833 0.744444 0.025000 0.044444
276 0.795313 0.748148 0.025000 0.044444
205 0.820313 0.748148 0.025000 0.044444
327 0.845312 0.748148 0.025000 0.044444
204 0.870313 0.748148 0.025000 0.044444
482 0.850000 0.587963 0.119792 0.231481
20 0.850000 0.720370 0.125781 0.023333
170 0.850000 0.442593 0.038333 0.068148
