230 0.182812 1.000000 0.145411 0.296825
612 0.237500 0.976852 0.136936 0.289694
544 0.303125 0.951852 0.127414 0.280350
128 0.379687 0.928704 0.116968 0.268919
232 0.456250 0.921296 0.105583 0.255387
558 0.543750 0.921296 0.105530 0.255319
471 0.620313 0.928704 0.116914 0.268851
556 0.696875 0.951852 0.127362 0.280284
496 0.762500 0.976852 0.136885 0.289630
593 0.817187 1.000000 0.145376 0.296799
94 0.033333 0.094444 0.037500 0.066667
5 0.070833 0.094444 0.037500 0.066667
29 0.108333 0.094444 0.037500 0.066667
8 0.145833 0.094444 0.037500 0.066667
36 0.183333 0.094444 0.037500 0.066667
92 0.220833 0.094444 0.037500 0.066667
132 0.258333 0.094444 0.037500 0.066667
199 0.295833 0.094444 0.037500 0.066667
30 0.333333 0.094444 0.037500 0.066667
64 0.370833 0.094444 0.037500 0.066667
145 0.334375 0.027778 0.033333 0.059259
355 0.363542 0.027778 0.033333 0.059259
112 0.392708 0.027778 0.033333 0.059259
144 0.421875 0.027778 0.033333 0.059259
13 0.451042 0.027778 0.033333 0.059259
14 0.247917 0.565741 0.114583 0.268519
15 0.247917 0.716667 0.120312 0.023333
455 0.195833 0.744444 0.025000 0.044444
124 0.220833 0.744444 0.025000 0.044444
240 0.608333 0.711111 0.025000 0.044444
202 0.633333 0.711111 0.025000 0.044444
268 0.658333 0.711111 0.025000 0.044444
47 0.650000 0.601852 0.093750 0.129630
20 0.650000 0.683333 0.098437 0.023333
48 0.650000 0.507407 0.038333 0.068148
435 0.374479 0.725926 0.025000 0.044444
279 0.460417 0.561111 0.182292 0.240741
20 0.460417 0.698148 0.191406 0.023333
170 0.460417 0.411111 0.038333 0.068148
241 0.811979 0.724074 0.025000 0.044444
201 0.836979 0.724074 0.025000 0.044444
175 0.861979 0.724074 0.025000 0.044444
357 0.886979 0.724074 0.025000 0.044444
315 0.845833 0.610185 0.078125 0.138889
20 0.845833 0.696296 0.082031 0.023333
48 0.845833 0.511111 0.038333 0.068148
