552 0.226563 1.000000 0.153046 0.323776
451 0.300938 0.968750 0.142404 0.313332
486 0.379687 0.943287 0.130728 0.300556
235 0.458438 0.925926 0.118005 0.285433
614 0.541562 0.925926 0.117945 0.285357
534 0.620313 0.943287 0.130669 0.300481
439 0.693594 0.968750 0.142346 0.313258
610 0.773438 1.000000 0.152989 0.323704
93 0.033333 0.094444 0.037500 0.066667
65 0.070833 0.094444 0.037500 0.066667
6 0.108333 0.094444 0.037500 0.066667
199 0.145833 0.094444 0.037500 0.066667
92 0.183333 0.094444 0.037500 0.066667
108 0.220833 0.094444 0.037500 0.066667
107 0.258333 0.094444 0.037500 0.066667
94 0.295833 0.094444 0.037500 0.066667
64 0.333333 0.094444 0.037500 0.066667
6 0.370833 0.094444 0.037500 0.066667
31 0.408333 0.094444 0.037500 0.066667
6 0.445833 0.094444 0.037500 0.066667
129 0.483333 0.094444 0.037500 0.066667
34 0.520833 0.094444 0.037500 0.066667
66 0.558333 0.094444 0.037500 0.066667
144 0.334375 0.027778 0.033333 0.059259
145 0.363542 0.027778 0.033333 0.059259
13 0.392708 0.027778 0.033333 0.059259
13 0.421875 0.027778 0.033333 0.059259
13 0.451042 0.027778 0.033333 0.059259
14 0.247917 0.565741 0.114583 0.268519
15 0.247917 0.716667 0.120312 0.023333
357 0.195833 0.744444 0.025000 0.044444
97 0.220833 0.744444 0.025000 0.044444
226 0.245833 0.744444 0.025000 0.044444
306 0.808333 0.706481 0.025000 0.044444
75 0.833333 0.706481 0.025000 0.044444
367 0.858333 0.706481 0.025000 0.044444
117 0.883333 0.706481 0.025000 0.044444
47 0.850000 0.597222 0.093750 0.129630
20 0.850000 0.678704 0.098437 0.023333
82 0.850000 0.502778 0.038333 0.068148
