60 0.182812 1.000000 0.145411 0.296825
528 0.237500 0.976852 0.136936 0.289694
318 0.303125 0.951852 0.127414 0.280350
197 0.379687 0.928704 0.116968 0.268919
586 0.456250 0.921296 0.105583 0.255387
288 0.543750 0.921296 0.105530 0.255319
474 0.620313 0.928704 0.116914 0.268851
1 0.696875 0.951852 0.127362 0.280284
619 0.762500 0.976852 0.136885 0.289630
182 0.817187 1.000000 0.145376 0.296799
64 0.033333 0.094444 0.037500 0.066667
9 0.334375 0.027778 0.033333 0.059259
174 0.363542 0.027778 0.033333 0.059259
145 0.392708 0.027778 0.033333 0.059259
13 0.421875 0.027778 0.033333 0.059259
13 0.451042 0.027778 0.033333 0.059259
14 0.247917 0.565741 0.114583 0.268519
15 0.247917 0.716667 0.120312 0.023333
356 0.195833 0.744444 0.025000 0.044444
414 0.220833 0.744444 0.025000 0.044444
101 0.245833 0.744444 0.025000 0.044444
79 0.270833 0.744444 0.025000 0.044444
242 0.810938 0.729630 0.025000 0.044444
122 0.835938 0.729630 0.025000 0.044444
516 0.850000 0.578704 0.088542 0.212963
20 0.850000 0.701852 0.092969 0.023333
170 0.850000 0.442593 0.038333 0.068148
99 0.558854 0.725000 0.025000 0.044444
16 0.583854 0.725000 0.025000 0.044444
476 0.650000 0.523148 0.192708 0.314815
20 0.650000 0.697222 0.202344 0.023333
48 0.650000 0.336111 0.038333 0.068148
207 0.411979 0.735185 0.025000 0.044444
328 0.436979 0.735185 0.025000 0.044444
549 0.445833 0.621296 0.078125 0.138889
20 0.445833 0.707407 0.082031 0.023333
216 0.445833 0.522222 0.038333 0.068148
