478 0.351250 0.960648 0.137609 0.316375
183 0.449688 0.935185 0.124215 0.300456
24 0.550312 0.935185 0.124152 0.300376
213 0.648750 0.960648 0.137546 0.316296
163 0.033333 0.094444 0.037500 0.066667
31 0.070833 0.094444 0.037500 0.066667
163 0.108333 0.094444 0.037500 0.066667
65 0.145833 0.094444 0.037500 0.066667
37 0.183333 0.094444 0.037500 0.066667
94 0.220833 0.094444 0.037500 0.066667
93 0.258333 0.094444 0.037500 0.066667
37 0.295833 0.094444 0.037500 0.066667
199 0.333333 0.094444 0.037500 0.066667
92 0.370833 0.094444 0.037500 0.066667
5 0.408333 0.094444 0.037500 0.066667
130 0.445833 0.094444 0.037500 0.066667
6 0.483333 0.094444 0.037500 0.066667
34 0.520833 0.094444 0.037500 0.066667
34 0.558333 0.094444 0.037500 0.066667
65 0.595833 0.094444 0.037500 0.066667
129 0.633333 0.094444 0.037500 0.066667
28 0.670833 0.094444 0.037500 0.066667
31 0.708333 0.094444 0.037500 0.066667
238 0.334375 0.027778 0.033333 0.059259
112 0.363542 0.027778 0.033333 0.059259
143 0.392708 0.027778 0.033333 0.059259
214 0.421875 0.027778 0.033333 0.059259
12 0.451042 0.027778 0.033333 0.059259
14 0.247917 0.565741 0.114583 0.268519
15 0.247917 0.716667 0.120312 0.023333
447 0.195833 0.744444 0.025000 0.044444
49 0.220833 0.744444 0.025000 0.044444
277 0.245833 0.744444 0.025000 0.044444
43 0.610937 0.729630 0.025000 0.044444
265 0.635938 0.729630 0.025000 0.044444
148 0.660937 0.729630 0.025000 0.044444
405 0.650000 0.578704 0.088542 0.212963
20 0.650000 0.701852 0.092969 0.023333
48 0.650000 0.442593 0.038333 0.068148
52 0.748438 0.738889 0.025000 0.044444
201 0.773438 0.738889 0.025000 0.044444
406 0.798437 0.738889 0.025000 0.044444
188 0.823438 0.738889 0.025000 0.044444
169 0.813542 0.518519 0.140625 0.351852
20 0.813542 0.711111 0.147656 0.023333
170 0.797917 0.312963 0.038333 0.068148
371 0.384896 0.738889 0.025000 0.044444
187 0.409896 0.738889 0.025000 0.044444
78 0.434896 0.738889 0.025000 0.044444
415 0.459896 0.738889 0.025000 0.044444
53 0.450000 0.509259 0.140625 0.370370
20 0.450000 0.711111 0.147656 0.023333
48 0.450000 0.294444 0.038333 0.068148
