301 0.226563 1.000000 0.153046 0.323776
346 0.300938 0.968750 0.142404 0.313332
192 0.379687 0.943287 0.130728 0.300556
363 0.458438 0.925926 0.118005 0.285433
364 0.541562 0.925926 0.117945 0.285357
22 0.620313 0.943287 0.130669 0.300481
365 0.693594 0.968750 0.142346 0.313258
335 0.773438 1.000000 0.152989 0.323704
33 0.033333 0.094444 0.037500 0.066667
110 0.070833 0.094444 0.037500 0.066667
199 0.108333 0.094444 0.037500 0.066667
93 0.145833 0.094444 0.037500 0.066667
67 0.183333 0.094444 0.037500 0.066667
92 0.220833 0.094444 0.037500 0.066667
92 0.258333 0.094444 0.037500 0.066667
34 0.295833 0.094444 0.037500 0.066667
35 0.333333 0.094444 0.037500 0.066667
64 0.370833 0.094444 0.037500 0.066667
5 0.408333 0.094444 0.037500 0.066667
38 0.445833 0.094444 0.037500 0.066667
36 0.483333 0.094444 0.037500 0.066667
64 0.520833 0.094444 0.037500 0.066667
65 0.558333 0.094444 0.037500 0.066667
64 0.595833 0.094444 0.037500 0.066667
4 0.633333 0.094444 0.037500 0.066667
355 0.334375 0.027778 0.033333 0.059259
113 0.363542 0.027778 0.033333 0.059259
95 0.392708 0.027778 0.033333 0.059259
174 0.421875 0.027778 0.033333 0.059259
355 0.451042 0.027778 0.033333 0.059259
14 0.247917 0.565741 0.114583 0.268519
15 0.247917 0.716667 0.120312 0.023333
79 0.195833 0.744444 0.025000 0.044444
168 0.603125 0.743519 0.025000 0.044444
366 0.628125 0.743519 0.025000 0.044444
356 0.653125 0.743519 0.025000 0.044444
367 0.678125 0.743519 0.025000 0.044444
368 0.650000 0.555556 0.104167 0.287037
20 0.650000 0.715741 0.109375 0.023333
331 0.650000 0.382407 0.038333 0.068148
307 0.805729 0.738889 0.025000 0.044444
369 0.830729 0.738889 0.025000 0.044444
357 0.855729 0.738889 0.025000 0.044444
329 0.847396 0.564815 0.093750 0.259259
20 0.847396 0.711111 0.098437 0.023333
21 0.847396 0.405556 0.038333 0.068148
