342 0.448594 0.925926 0.124215 0.300456
502 0.557969 0.925926 0.124152 0.300376
163 0.033333 0.094444 0.037500 0.066667
184 0.070833 0.094444 0.037500 0.066667
38 0.108333 0.094444 0.037500 0.066667
184 0.145833 0.094444 0.037500 0.066667
107 0.183333 0.094444 0.037500 0.066667
67 0.220833 0.094444 0.037500 0.066667
36 0.258333 0.094444 0.037500 0.066667
93 0.295833 0.094444 0.037500 0.066667
107 0.333333 0.094444 0.037500 0.066667
32 0.370833 0.094444 0.037500 0.066667
4 0.408333 0.094444 0.037500 0.066667
131 0.445833 0.094444 0.037500 0.066667
29 0.483333 0.094444 0.037500 0.066667
200 0.334375 0.027778 0.033333 0.059259
96 0.363542 0.027778 0.033333 0.059259
336 0.392708 0.027778 0.033333 0.059259
13 0.421875 0.027778 0.033333 0.059259
13 0.451042 0.027778 0.033333 0.059259
14 0.247917 0.565741 0.114583 0.268519
15 0.247917 0.716667 0.120312 0.023333
50 0.195833 0.744444 0.025000 0.044444
366 0.220833 0.744444 0.025000 0.044444
99 0.245833 0.744444 0.025000 0.044444
277 0.270833 0.744444 0.025000 0.044444
222 0.577083 0.729630 0.025000 0.044444
464 0.650000 0.601852 0.156250 0.166667
20 0.650000 0.701852 0.164063 0.023333
170 0.650000 0.488889 0.038333 0.068148
337 0.403125 0.733333 0.025000 0.044444
292 0.428125 0.733333 0.025000 0.044444
52 0.453125 0.733333 0.025000 0.044444
176 0.478125 0.733333 0.025000 0.044444
319 0.447396 0.605556 0.098958 0.166667
20 0.447396 0.705556 0.103906 0.023333
48 0.447396 0.492593 0.038333 0.068148
49 0.811979 0.740741 0.025000 0.044444
151 0.836979 0.740741 0.025000 0.044444
81 0.845833 0.626852 0.078125 0.138889
20 0.845833 0.712963 0.082031 0.023333
82 0.845833 0.527778 0.038333 0.068148
