534 0.351250 0.960648 0.137609 0.316375
158 0.449688 0.935185 0.124215 0.300456
583 0.550312 0.935185 0.124152 0.300376
443 0.648750 0.960648 0.137546 0.316296
46 0.033333 0.094444 0.037500 0.066667
75 0.070833 0.094444 0.037500 0.066667
117 0.108333 0.094444 0.037500 0.066667
261 0.145833 0.094444 0.037500 0.066667
164 0.183333 0.094444 0.037500 0.066667
308 0.334375 0.027778 0.033333 0.059259
375 0.363542 0.027778 0.033333 0.059259
316 0.392708 0.027778 0.033333 0.059259
13 0.421875 0.027778 0.033333 0.059259
13 0.451042 0.027778 0.033333 0.059259
14 0.247917 0.565741 0.114583 0.268519
15 0.247917 0.716667 0.120312 0.023333
346 0.195833 0.744444 0.025000 0.044444
304 0.220833 0.744444 0.025000 0.044444
447 0.245833 0.744444 0.025000 0.044444
430 0.810938 0.729630 0.025000 0.044444
124 0.835938 0.729630 0.025000 0.044444
168 0.850000 0.578704 0.088542 0.212963
23 0.850000 0.701852 0.092969 0.023333
169 0.850000 0.442593 0.038333 0.068148
17 0.556250 0.734259 0.025000 0.044444
20 0.581250 0.734259 0.025000 0.044444
123 0.606250 0.734259 0.025000 0.044444
539 0.650000 0.555556 0.197917 0.268519
23 0.650000 0.706481 0.207812 0.023333
146 0.650000 0.391667 0.038333 0.068148
