237 0.401563 0.953704 0.131037 0.308710
318 0.500000 0.925926 0.117188 0.291667
398 0.598437 0.953704 0.130975 0.308631
108 0.033333 0.094444 0.037500 0.066667
107 0.070833 0.094444 0.037500 0.066667
163 0.108333 0.094444 0.037500 0.066667
111 0.334375 0.027778 0.033333 0.059259
13 0.363542 0.027778 0.033333 0.059259
13 0.392708 0.027778 0.033333 0.059259
13 0.421875 0.027778 0.033333 0.059259
13 0.451042 0.027778 0.033333 0.059259
14 0.247917 0.565741 0.114583 0.268519
15 0.247917 0.716667 0.120312 0.023333
256 0.195833 0.744444 0.025000 0.044444
264 0.220833 0.744444 0.025000 0.044444
328 0.771875 0.734259 0.025000 0.044444
76 0.850000 0.495370 0.166667 0.388889
20 0.850000 0.706481 0.175000 0.023333
48 0.850000 0.271296 0.038333 0.068148
79 0.558854 0.725000 0.025000 0.044444
240 0.583854 0.725000 0.025000 0.044444
424 0.608854 0.725000 0.025000 0.044444
476 0.650000 0.523148 0.192708 0.314815
20 0.650000 0.697222 0.202344 0.023333
48 0.650000 0.336111 0.038333 0.068148
