636 0.351250 0.960648 0.137609 0.316375
578 0.449688 0.935185 0.124215 0.300456
599 0.550312 0.935185 0.124152 0.300376
471 0.648750 0.960648 0.137546 0.316296
8 0.033333 0.094444 0.037500 0.066667
38 0.070833 0.094444 0.037500 0.066667
184 0.108333 0.094444 0.037500 0.066667
145 0.334375 0.027778 0.033333 0.059259
304 0.363542 0.027778 0.033333 0.059259
13 0.392708 0.027778 0.033333 0.059259
13 0.421875 0.027778 0.033333 0.059259
13 0.451042 0.027778 0.033333 0.059259
14 0.247917 0.565741 0.114583 0.268519
15 0.247917 0.716667 0.120312 0.023333
274 0.195833 0.744444 0.025000 0.044444
242 0.220833 0.744444 0.025000 0.044444
122 0.810938 0.729630 0.025000 0.044444
406 0.835938 0.729630 0.025000 0.044444
151 0.860937 0.729630 0.025000 0.044444
269 0.885938 0.729630 0.025000 0.044444
405 0.850000 0.578704 0.088542 0.212963
20 0.850000 0.701852 0.092969 0.023333
48 0.850000 0.442593 0.038333 0.068148
104 0.626562 0.740741 0.025000 0.044444
41 0.651563 0.740741 0.025000 0.044444
75 0.676562 0.740741 0.025000 0.044444
267 0.650000 0.594444 0.057292 0.203704
20 0.650000 0.712963 0.060156 0.023333
170 0.650000 0.462963 0.038333 0.068148
256 0.408333 0.725000 0.025000 0.044444
77 0.433333 0.725000 0.025000 0.044444
201 0.458333 0.725000 0.025000 0.044444
102 0.450000 0.615741 0.093750 0.129630
20 0.450000 0.697222 0.098437 0.023333
48 0.450000 0.521296 0.038333 0.068148
