575 0.182812 1.000000 0.145411 0.296825
436 0.237500 0.976852 0.136936 0.289694
288 0.303125 0.951852 0.127414 0.280350
248 0.379687 0.928704 0.116968 0.268919
511 0.456250 0.921296 0.105583 0.255387
582 0.543750 0.921296 0.105530 0.255319
85 0.620313 0.928704 0.116914 0.268851
342 0.696875 0.951852 0.127362 0.280284
421 0.762500 0.976852 0.136885 0.289630
22 0.817187 1.000000 0.145376 0.296799
92 0.033333 0.094444 0.037500 0.066667
129 0.070833 0.094444 0.037500 0.066667
36 0.108333 0.094444 0.037500 0.066667
7 0.145833 0.094444 0.037500 0.066667
67 0.183333 0.094444 0.037500 0.066667
37 0.220833 0.094444 0.037500 0.066667
65 0.258333 0.094444 0.037500 0.066667
108 0.295833 0.094444 0.037500 0.066667
143 0.334375 0.027778 0.033333 0.059259
13 0.363542 0.027778 0.033333 0.059259
13 0.392708 0.027778 0.033333 0.059259
13 0.421875 0.027778 0.033333 0.059259
13 0.451042 0.027778 0.033333 0.059259
14 0.247917 0.565741 0.114583 0.268519
15 0.247917 0.716667 0.120312 0.023333
241 0.195833 0.744444 0.025000 0.044444
240 0.220833 0.744444 0.025000 0.044444
51 0.245833 0.744444 0.025000 0.044444
264 0.270833 0.744444 0.025000 0.044444
98 0.823958 0.733333 0.025000 0.044444
154 0.850000 0.614815 0.062500 0.148148
20 0.850000 0.705556 0.065625 0.023333
48 0.850000 0.511111 0.038333 0.068148
