218 0.401563 0.953704 0.131037 0.308710
491 0.500000 0.925926 0.117188 0.291667
321 0.598437 0.953704 0.130975 0.308631
99 0.033333 0.094444 0.037500 0.066667
100 0.070833 0.094444 0.037500 0.066667
261 0.108333 0.094444 0.037500 0.066667
164 0.145833 0.094444 0.037500 0.066667
75 0.183333 0.094444 0.037500 0.066667
46 0.220833 0.094444 0.037500 0.066667
98 0.258333 0.094444 0.037500 0.066667
9 0.295833 0.094444 0.037500 0.066667
97 0.333333 0.094444 0.037500 0.066667
75 0.370833 0.094444 0.037500 0.066667
162 0.408333 0.094444 0.037500 0.066667
11 0.445833 0.094444 0.037500 0.066667
40 0.483333 0.094444 0.037500 0.066667
177 0.520833 0.094444 0.037500 0.066667
136 0.558333 0.094444 0.037500 0.066667
139 0.595833 0.094444 0.037500 0.066667
177 0.633333 0.094444 0.037500 0.066667
163 0.670833 0.094444 0.037500 0.066667
140 0.708333 0.094444 0.037500 0.066667
289 0.334375 0.027778 0.033333 0.059259
13 0.363542 0.027778 0.033333 0.059259
13 0.392708 0.027778 0.033333 0.059259
13 0.421875 0.027778 0.033333 0.059259
13 0.451042 0.027778 0.033333 0.059259
14 0.247917 0.565741 0.114583 0.268519
15 0.247917 0.716667 0.120312 0.023333
171 0.195833 0.744444 0.025000 0.044444
166 0.220833 0.744444 0.025000 0.044444
327 0.245833 0.744444 0.025000 0.044444
301 0.270833 0.744444 0.025000 0.044444
463 0.608333 0.706481 0.025000 0.044444
85 0.633333 0.706481 0.025000 0.044444
167 0.658333 0.706481 0.025000 0.044444
110 0.683333 0.706481 0.025000 0.044444
184 0.650000 0.597222 0.093750 0.129630
23 0.650000 0.678704 0.098437 0.023333
61 0.650000 0.502778 0.038333 0.068148
112 0.823958 0.706481 0.025000 0.044444
237 0.848958 0.706481 0.025000 0.044444
413 0.873958 0.706481 0.025000 0.044444
303 0.850000 0.569444 0.062500 0.185185
23 0.850000 0.678704 0.065625 0.023333
196 0.850000 0.447222 0.038333 0.068148
324 0.411979 0.724074 0.025000 0.044444
55 0.436979 0.724074 0.025000 0.044444
499 0.461979 0.724074 0.025000 0.044444
269 0.486979 0.724074 0.025000 0.044444
510 0.445833 0.610185 0.078125 0.138889
23 0.445833 0.696296 0.082031 0.023333
61 0.445833 0.511111 0.038333 0.068148
