486 0.500000 0.925926 0.117188 0.291667
132 0.033333 0.094444 0.037500 0.066667
163 0.070833 0.094444 0.037500 0.066667
38 0.108333 0.094444 0.037500 0.066667
255 0.334375 0.027778 0.033333 0.059259
12 0.363542 0.027778 0.033333 0.059259
13 0.392708 0.027778 0.033333 0.059259
13 0.421875 0.027778 0.033333 0.059259
13 0.451042 0.027778 0.033333 0.059259
14 0.247917 0.565741 0.114583 0.268519
15 0.247917 0.716667 0.120312 0.023333
266 0.195833 0.744444 0.025000 0.044444
207 0.220833 0.744444 0.025000 0.044444
151 0.605729 0.738889 0.025000 0.044444
103 0.630729 0.738889 0.025000 0.044444
329 0.647396 0.564815 0.093750 0.259259
20 0.647396 0.711111 0.098437 0.023333
21 0.647396 0.405556 0.038333 0.068148
307 0.751042 0.743519 0.025000 0.044444
294 0.776042 0.743519 0.025000 0.044444
136 0.801042 0.743519 0.025000 0.044444
338 0.850000 0.509259 0.208333 0.379630
20 0.850000 0.715741 0.218750 0.023333
48 0.850000 0.289815 0.038333 0.068148
