84 0.448594 0.925926 0.124215 0.300456
647 0.557969 0.925926 0.124152 0.300376
5 0.033333 0.094444 0.037500 0.066667
66 0.070833 0.094444 0.037500 0.066667
129 0.108333 0.094444 0.037500 0.066667
34 0.145833 0.094444 0.037500 0.066667
36 0.183333 0.094444 0.037500 0.066667
34 0.220833 0.094444 0.037500 0.066667
108 0.258333 0.094444 0.037500 0.066667
11 0.334375 0.027778 0.033333 0.059259
112 0.363542 0.027778 0.033333 0.059259
145 0.392708 0.027778 0.033333 0.059259
39 0.421875 0.027778 0.033333 0.059259
13 0.451042 0.027778 0.033333 0.059259
14 0.247917 0.565741 0.114583 0.268519
15 0.247917 0.716667 0.120312 0.023333
203 0.195833 0.744444 0.025000 0.044444
165 0.220833 0.744444 0.025000 0.044444
50 0.245833 0.744444 0.025000 0.044444
177 0.270833 0.744444 0.025000 0.044444
103 0.808333 0.725000 0.025000 0.044444
325 0.833333 0.725000 0.025000 0.044444
75 0.858333 0.725000 0.025000 0.044444
178 0.883333 0.725000 0.025000 0.044444
102 0.850000 0.615741 0.093750 0.129630
20 0.850000 0.697222 0.098437 0.023333
48 0.850000 0.521296 0.038333 0.068148
266 0.540625 0.734259 0.025000 0.044444
408 0.565625 0.734259 0.025000 0.044444
529 0.650000 0.527778 0.229167 0.324074
20 0.650000 0.706481 0.240625 0.023333
72 0.650000 0.336111 0.038333 0.068148
17 0.356250 0.734259 0.025000 0.044444
264 0.381250 0.734259 0.025000 0.044444
125 0.450000 0.555556 0.197917 0.268519
20 0.450000 0.706481 0.207812 0.023333
170 0.450000 0.391667 0.038333 0.068148
