194 0.401563 0.953704 0.131037 0.308710
572 0.500000 0.925926 0.117188 0.291667
653 0.598437 0.953704 0.130975 0.308631
132 0.033333 0.094444 0.037500 0.066667
34 0.070833 0.094444 0.037500 0.066667
38 0.108333 0.094444 0.037500 0.066667
64 0.145833 0.094444 0.037500 0.066667
130 0.183333 0.094444 0.037500 0.066667
129 0.220833 0.094444 0.037500 0.066667
65 0.258333 0.094444 0.037500 0.066667
37 0.295833 0.094444 0.037500 0.066667
30 0.333333 0.094444 0.037500 0.066667
37 0.370833 0.094444 0.037500 0.066667
6 0.408333 0.094444 0.037500 0.066667
37 0.445833 0.094444 0.037500 0.066667
35 0.483333 0.094444 0.037500 0.066667
107 0.520833 0.094444 0.037500 0.066667
30 0.558333 0.094444 0.037500 0.066667
8 0.595833 0.094444 0.037500 0.066667
214 0.334375 0.027778 0.033333 0.059259
214 0.363542 0.027778 0.033333 0.059259
13 0.392708 0.027778 0.033333 0.059259
13 0.421875 0.027778 0.033333 0.059259
13 0.451042 0.027778 0.033333 0.059259
14 0.247917 0.565741 0.114583 0.268519
15 0.247917 0.716667 0.120312 0.023333
273 0.195833 0.744444 0.025000 0.044444
80 0.220833 0.744444 0.025000 0.044444
100 0.245833 0.744444 0.025000 0.044444
201 0.270833 0.744444 0.025000 0.044444
146 0.540625 0.734259 0.025000 0.044444
529 0.650000 0.527778 0.229167 0.324074
20 0.650000 0.706481 0.240625 0.023333
72 0.650000 0.336111 0.038333 0.068148
313 0.753646 0.725926 0.025000 0.044444
134 0.778646 0.725926 0.025000 0.044444
243 0.850000 0.500926 0.203125 0.361111
20 0.850000 0.698148 0.213281 0.023333
170 0.850000 0.290741 0.038333 0.068148
