171 0.182812 1.000000 0.145411 0.296825
261 0.237500 0.976852 0.136936 0.289694
478 0.303125 0.951852 0.127414 0.280350
579 0.379687 0.928704 0.116968 0.268919
394 0.456250 0.921296 0.105583 0.255387
385 0.543750 0.921296 0.105530 0.255319
3 0.620313 0.928704 0.116914 0.268851
603 0.696875 0.951852 0.127362 0.280284
639 0.762500 0.976852 0.136885 0.289630
346 0.817187 1.000000 0.145376 0.296799
199 0.033333 0.094444 0.037500 0.066667
110 0.070833 0.094444 0.037500 0.066667
31 0.108333 0.094444 0.037500 0.066667
4 0.145833 0.094444 0.037500 0.066667
66 0.183333 0.094444 0.037500 0.066667
65 0.220833 0.094444 0.037500 0.066667
5 0.258333 0.094444 0.037500 0.066667
28 0.295833 0.094444 0.037500 0.066667
174 0.334375 0.027778 0.033333 0.059259
377 0.363542 0.027778 0.033333 0.059259
13 0.392708 0.027778 0.033333 0.059259
13 0.421875 0.027778 0.033333 0.059259
13 0.451042 0.027778 0.033333 0.059259
14 0.247917 0.565741 0.114583 0.268519
15 0.247917 0.716667 0.120312 0.023333
291 0.195833 0.744444 0.025000 0.044444
50 0.611979 0.735185 0.025000 0.044444
549 0.645833 0.621296 0.078125 0.138889
20 0.645833 0.707407 0.082031 0.023333
48 0.645833 0.522222 0.038333 0.068148
153 0.811979 0.740741 0.025000 0.044444
70 0.836979 0.740741 0.025000 0.044444
273 0.861979 0.740741 0.025000 0.044444
147 0.886979 0.740741 0.025000 0.044444
81 0.845833 0.626852 0.078125 0.138889
20 0.845833 0.712963 0.082031 0.023333
82 0.845833 0.527778 0.038333 0.068148
