181 0.182812 1.000000 0.145411 0.296825
457 0.237500 0.976852 0.136936 0.289694
288 0.303125 0.951852 0.127414 0.280350
341 0.379687 0.928704 0.116968 0.268919
332 0.456250 0.921296 0.105583 0.255387
512 0.543750 0.921296 0.105530 0.255319
458 0.620313 0.928704 0.116914 0.268851
433 0.696875 0.951852 0.127362 0.280284
323 0.762500 0.976852 0.136885 0.289630
591 0.817187 1.000000 0.145376 0.296799
5 0.033333 0.094444 0.037500 0.066667
336 0.334375 0.027778 0.033333 0.059259
290 0.363542 0.027778 0.033333 0.059259
145 0.392708 0.027778 0.033333 0.059259
11 0.421875 0.027778 0.033333 0.059259
143 0.451042 0.027778 0.033333 0.059259
14 0.247917 0.565741 0.114583 0.268519
15 0.247917 0.716667 0.120312 0.023333
276 0.195833 0.744444 0.025000 0.044444
103 0.220833 0.744444 0.025000 0.044444
104 0.245833 0.744444 0.025000 0.044444
305 0.270833 0.744444 0.025000 0.044444
313 0.810938 0.729630 0.025000 0.044444
296 0.835938 0.729630 0.025000 0.044444
78 0.860937 0.729630 0.025000 0.044444
405 0.850000 0.578704 0.088542 0.212963
20 0.850000 0.701852 0.092969 0.023333
48 0.850000 0.442593 0.038333 0.068148
204 0.405729 0.757407 0.025000 0.044444
44 0.430729 0.757407 0.025000 0.044444
141 0.452604 0.583333 0.104167 0.259259
20 0.452604 0.729630 0.109375 0.023333
82 0.452604 0.424074 0.038333 0.068148
337 0.611979 0.735185 0.025000 0.044444
103 0.636979 0.735185 0.025000 0.044444
305 0.661979 0.735185 0.025000 0.044444
549 0.645833 0.621296 0.078125 0.138889
20 0.645833 0.707407 0.082031 0.023333
48 0.645833 0.522222 0.038333 0.068148
