635 0.448594 0.925926 0.124215 0.300456
621 0.557969 0.925926 0.124152 0.300376
35 0.033333 0.094444 0.037500 0.066667
91 0.070833 0.094444 0.037500 0.066667
129 0.108333 0.094444 0.037500 0.066667
163 0.145833 0.094444 0.037500 0.066667
32 0.183333 0.094444 0.037500 0.066667
66 0.220833 0.094444 0.037500 0.066667
8 0.258333 0.094444 0.037500 0.066667
36 0.295833 0.094444 0.037500 0.066667
7 0.333333 0.094444 0.037500 0.066667
34 0.370833 0.094444 0.037500 0.066667
303 0.334375 0.027778 0.033333 0.059259
13 0.363542 0.027778 0.033333 0.059259
13 0.392708 0.027778 0.033333 0.059259
13 0.421875 0.027778 0.033333 0.059259
13 0.451042 0.027778 0.033333 0.059259
14 0.247917 0.565741 0.114583 0.268519
15 0.247917 0.716667 0.120312 0.023333
265 0.195833 0.744444 0.025000 0.044444
256 0.220833 0.744444 0.025000 0.044444
134 0.245833 0.744444 0.025000 0.044444
269 0.270833 0.744444 0.025000 0.044444
205 0.582812 0.734259 0.025000 0.044444
273 0.607813 0.734259 0.025000 0.044444
139 0.632813 0.734259 0.025000 0.044444
485 0.642708 0.537037 0.130208 0.305556
20 0.642708 0.706481 0.136719 0.023333
72 0.642708 0.354630 0.038333 0.068148
70 0.797917 0.748148 0.025000 0.044444
275 0.822917 0.748148 0.025000 0.044444
179 0.850000 0.555556 0.114583 0.296296
20 0.850000 0.720370 0.120312 0.023333
170 0.850000 0.377778 0.038333 0.068148
