365 0.448594 0.925926 0.124215 0.300456
312 0.557969 0.925926 0.124152 0.300376
91 0.033333 0.094444 0.037500 0.066667
272 0.334375 0.027778 0.033333 0.059259
143 0.363542 0.027778 0.033333 0.059259
40 0.392708 0.027778 0.033333 0.059259
200 0.421875 0.027778 0.033333 0.059259
96 0.451042 0.027778 0.033333 0.059259
14 0.247917 0.565741 0.114583 0.268519
15 0.247917 0.716667 0.120312 0.023333
176 0.195833 0.744444 0.025000 0.044444
454 0.220833 0.744444 0.025000 0.044444
165 0.245833 0.744444 0.025000 0.044444
371 0.818750 0.706481 0.025000 0.044444
256 0.843750 0.706481 0.025000 0.044444
483 0.868750 0.706481 0.025000 0.044444
347 0.893750 0.706481 0.025000 0.044444
57 0.850000 0.601852 0.072917 0.120370
20 0.850000 0.678704 0.076563 0.023333
48 0.850000 0.512037 0.038333 0.068148
