312 0.448594 0.925926 0.124215 0.300456
622 0.557969 0.925926 0.124152 0.300376
199 0.033333 0.094444 0.037500 0.066667
132 0.070833 0.094444 0.037500 0.066667
6 0.108333 0.094444 0.037500 0.066667
31 0.145833 0.094444 0.037500 0.066667
37 0.183333 0.094444 0.037500 0.066667
34 0.220833 0.094444 0.037500 0.066667
65 0.258333 0.094444 0.037500 0.066667
163 0.295833 0.094444 0.037500 0.066667
199 0.333333 0.094444 0.037500 0.066667
35 0.370833 0.094444 0.037500 0.066667
31 0.408333 0.094444 0.037500 0.066667
67 0.445833 0.094444 0.037500 0.066667
109 0.483333 0.094444 0.037500 0.066667
94 0.520833 0.094444 0.037500 0.066667
92 0.558333 0.094444 0.037500 0.066667
7 0.595833 0.094444 0.037500 0.066667
8 0.633333 0.094444 0.037500 0.066667
131 0.670833 0.094444 0.037500 0.066667
324 0.334375 0.027778 0.033333 0.059259
39 0.363542 0.027778 0.033333 0.059259
96 0.392708 0.027778 0.033333 0.059259
13 0.421875 0.027778 0.033333 0.059259
13 0.451042 0.027778 0.033333 0.059259
14 0.247917 0.565741 0.114583 0.268519
15 0.247917 0.716667 0.120312 0.023333
371 0.195833 0.744444 0.025000 0.044444
147 0.220833 0.744444 0.025000 0.044444
415 0.826563 0.740741 0.025000 0.044444
292 0.851563 0.740741 0.025000 0.044444
119 0.876562 0.740741 0.025000 0.044444
454 0.901563 0.740741 0.025000 0.044444
267 0.850000 0.594444 0.057292 0.203704
20 0.850000 0.712963 0.060156 0.023333
170 0.850000 0.462963 0.038333 0.068148
327 0.597917 0.748148 0.025000 0.044444
122 0.622917 0.748148 0.025000 0.044444
179 0.650000 0.555556 0.114583 0.296296
20 0.650000 0.720370 0.120312 0.023333
170 0.650000 0.377778 0.038333 0.068148
