0 0.193750 1.000000 0.149621 0.310807
600 0.259375 0.982716 0.140084 0.302077
521 0.332656 0.955556 0.129526 0.291092
558 0.412500 0.930247 0.117934 0.277839
350 0.500000 0.925926 0.105469 0.262500
195 0.587500 0.930247 0.117877 0.277768
247 0.667344 0.955556 0.129470 0.291021
87 0.740625 0.982716 0.140029 0.302007
542 0.806250 1.000000 0.149567 0.310740
108 0.033333 0.094444 0.037500 0.066667
130 0.070833 0.094444 0.037500 0.066667
108 0.108333 0.094444 0.037500 0.066667
37 0.145833 0.094444 0.037500 0.066667
132 0.183333 0.094444 0.037500 0.066667
30 0.220833 0.094444 0.037500 0.066667
130 0.258333 0.094444 0.037500 0.066667
109 0.295833 0.094444 0.037500 0.066667
92 0.333333 0.094444 0.037500 0.066667
108 0.370833 0.094444 0.037500 0.066667
29 0.408333 0.094444 0.037500 0.066667
67 0.445833 0.094444 0.037500 0.066667
93 0.483333 0.094444 0.037500 0.066667
184 0.520833 0.094444 0.037500 0.066667
200 0.334375 0.027778 0.033333 0.059259
304 0.363542 0.027778 0.033333 0.059259
13 0.392708 0.027778 0.033333 0.059259
13 0.421875 0.027778 0.033333 0.059259
13 0.451042 0.027778 0.033333 0.059259
14 0.247917 0.565741 0.114583 0.268519
15 0.247917 0.716667 0.120312 0.023333
148 0.195833 0.744444 0.025000 0.044444
447 0.220833 0.744444 0.025000 0.044444
114 0.245833 0.744444 0.025000 0.044444
70 0.748438 0.738889 0.025000 0.044444
41 0.773438 0.738889 0.025000 0.044444
169 0.813542 0.518519 0.140625 0.351852
20 0.813542 0.711111 0.147656 0.023333
48 0.797917 0.312963 0.038333 0.068148
