437 0.500000 0.925926 0.117188 0.291667
38 0.033333 0.094444 0.037500 0.066667
108 0.070833 0.094444 0.037500 0.066667
108 0.108333 0.094444 0.037500 0.066667
254 0.334375 0.027778 0.033333 0.059259
40 0.363542 0.027778 0.033333 0.059259
304 0.392708 0.027778 0.033333 0.059259
144 0.421875 0.027778 0.033333 0.059259
185 0.451042 0.027778 0.033333 0.059259
14 0.247917 0.565741 0.114583 0.268519
15 0.247917 0.716667 0.120312 0.023333
299 0.195833 0.744444 0.025000 0.044444
176 0.220833 0.744444 0.025000 0.044444
268 0.787500 0.729630 0.025000 0.044444
178 0.812500 0.729630 0.025000 0.044444
347 0.837500 0.729630 0.025000 0.044444
166 0.850000 0.606481 0.135417 0.157407
20 0.850000 0.701852 0.142188 0.023333
331 0.850000 0.498148 0.038333 0.068148
435 0.418750 0.706481 0.025000 0.044444
54 0.443750 0.706481 0.025000 0.044444
118 0.468750 0.706481 0.025000 0.044444
134 0.493750 0.706481 0.025000 0.044444
57 0.450000 0.601852 0.072917 0.120370
20 0.450000 0.678704 0.076563 0.023333
48 0.450000 0.512037 0.038333 0.068148
201 0.540625 0.739815 0.025000 0.044444
446 0.652604 0.551852 0.234375 0.287037
20 0.652604 0.712037 0.246094 0.023333
48 0.652604 0.378704 0.038333 0.068148
