616 0.448594 0.925926 0.124215 0.300456
2 0.557969 0.925926 0.124152 0.300376
28 0.033333 0.094444 0.037500 0.066667
38 0.070833 0.094444 0.037500 0.066667
110 0.108333 0.094444 0.037500 0.066667
130 0.145833 0.094444 0.037500 0.066667
8 0.183333 0.094444 0.037500 0.066667
8 0.220833 0.094444 0.037500 0.066667
109 0.258333 0.094444 0.037500 0.066667
32 0.295833 0.094444 0.037500 0.066667
7 0.333333 0.094444 0.037500 0.066667
91 0.370833 0.094444 0.037500 0.066667
35 0.408333 0.094444 0.037500 0.066667
31 0.445833 0.094444 0.037500 0.066667
92 0.483333 0.094444 0.037500 0.066667
67 0.520833 0.094444 0.037500 0.066667
5 0.558333 0.094444 0.037500 0.066667
39 0.334375 0.027778 0.033333 0.059259
10 0.363542 0.027778 0.033333 0.059259
290 0.392708 0.027778 0.033333 0.059259
186 0.421875 0.027778 0.033333 0.059259
11 0.451042 0.027778 0.033333 0.059259
14 0.247917 0.565741 0.114583 0.268519
15 0.247917 0.716667 0.120312 0.023333
134 0.195833 0.744444 0.025000 0.044444
371 0.220833 0.744444 0.025000 0.044444
305 0.245833 0.744444 0.025000 0.044444
325 0.270833 0.744444 0.025000 0.044444
189 0.621354 0.731481 0.025000 0.044444
103 0.646354 0.731481 0.025000 0.044444
294 0.671354 0.731481 0.025000 0.044444
104 0.696354 0.731481 0.025000 0.044444
105 0.650000 0.640741 0.067708 0.092593
20 0.650000 0.703704 0.071094 0.023333
82 0.650000 0.564815 0.038333 0.068148
277 0.753646 0.725926 0.025000 0.044444
104 0.778646 0.725926 0.025000 0.044444
99 0.803646 0.725926 0.025000 0.044444
115 0.828646 0.725926 0.025000 0.044444
243 0.850000 0.500926 0.203125 0.361111
20 0.850000 0.698148 0.213281 0.023333
170 0.850000 0.290741 0.038333 0.068148
