517 0.351250 0.960648 0.137609 0.316375
211 0.449688 0.935185 0.124215 0.300456
618 0.550312 0.935185 0.124152 0.300376
605 0.648750 0.960648 0.137546 0.316296
66 0.033333 0.094444 0.037500 0.066667
67 0.070833 0.094444 0.037500 0.066667
29 0.108333 0.094444 0.037500 0.066667
184 0.145833 0.094444 0.037500 0.066667
93 0.183333 0.094444 0.037500 0.066667
7 0.220833 0.094444 0.037500 0.066667
93 0.258333 0.094444 0.037500 0.066667
94 0.295833 0.094444 0.037500 0.066667
199 0.333333 0.094444 0.037500 0.066667
66 0.370833 0.094444 0.037500 0.066667
108 0.408333 0.094444 0.037500 0.066667
131 0.445833 0.094444 0.037500 0.066667
173 0.483333 0.094444 0.037500 0.066667
12 0.334375 0.027778 0.033333 0.059259
95 0.363542 0.027778 0.033333 0.059259
13 0.392708 0.027778 0.033333 0.059259
13 0.421875 0.027778 0.033333 0.059259
13 0.451042 0.027778 0.033333 0.059259
14 0.247917 0.565741 0.114583 0.268519
15 0.247917 0.716667 0.120312 0.023333
153 0.195833 0.744444 0.025000 0.044444
269 0.220833 0.744444 0.025000 0.044444
104 0.245833 0.744444 0.025000 0.044444
46 0.270833 0.744444 0.025000 0.044444
356 0.608333 0.725000 0.025000 0.044444
47 0.650000 0.615741 0.093750 0.129630
20 0.650000 0.697222 0.098437 0.023333
48 0.650000 0.521296 0.038333 0.068148
99 0.803125 0.733333 0.025000 0.044444
319 0.847396 0.605556 0.098958 0.166667
20 0.847396 0.705556 0.103906 0.023333
48 0.847396 0.492593 0.038333 0.068148
80 0.353646 0.725926 0.025000 0.044444
119 0.378646 0.725926 0.025000 0.044444
243 0.450000 0.500926 0.203125 0.361111
20 0.450000 0.698148 0.213281 0.023333
170 0.450000 0.290741 0.038333 0.068148
