493 0.314063 0.986111 0.143917 0.323435
510 0.401563 0.953704 0.131037 0.308710
434 0.500000 0.935185 0.117188 0.291667
552 0.598437 0.953704 0.130975 0.308631
562 0.685938 0.986111 0.143855 0.323357
31 0.033333 0.094444 0.037500 0.066667
93 0.070833 0.094444 0.037500 0.066667
91 0.108333 0.094444 0.037500 0.066667
7 0.145833 0.094444 0.037500 0.066667
108 0.183333 0.094444 0.037500 0.066667
5 0.220833 0.094444 0.037500 0.066667
130 0.258333 0.094444 0.037500 0.066667
29 0.295833 0.094444 0.037500 0.066667
91 0.333333 0.094444 0.037500 0.066667
65 0.370833 0.094444 0.037500 0.066667
33 0.408333 0.094444 0.037500 0.066667
30 0.445833 0.094444 0.037500 0.066667
129 0.483333 0.094444 0.037500 0.066667
32 0.520833 0.094444 0.037500 0.066667
113 0.334375 0.027778 0.033333 0.059259
303 0.363542 0.027778 0.033333 0.059259
272 0.392708 0.027778 0.033333 0.059259
255 0.421875 0.027778 0.033333 0.059259
13 0.451042 0.027778 0.033333 0.059259
14 0.247917 0.565741 0.114583 0.268519
15 0.247917 0.716667 0.120312 0.023333
175 0.195833 0.744444 0.025000 0.044444
454 0.808333 0.725000 0.025000 0.044444
164 0.833333 0.725000 0.025000 0.044444
295 0.858333 0.725000 0.025000 0.044444
47 0.850000 0.615741 0.093750 0.129630
20 0.850000 0.697222 0.098437 0.023333
48 0.850000 0.521296 0.038333 0.068148
295 0.608333 0.711111 0.025000 0.044444
206 0.650000 0.523148 0.093750 0.287037
20 0.650000 0.683333 0.098437 0.023333
48 0.650000 0.350000 0.038333 0.068148
178 0.351042 0.743519 0.025000 0.044444
101 0.376042 0.743519 0.025000 0.044444
338 0.450000 0.509259 0.208333 0.379630
20 0.450000 0.715741 0.218750 0.023333
170 0.450000 0.289815 0.038333 0.068148
