344 0.270312 0.986111 0.149899 0.329824
637 0.357812 0.949074 0.137609 0.316375
650 0.452969 0.925926 0.124215 0.300456
509 0.547031 0.925926 0.124152 0.300376
237 0.642187 0.949074 0.137546 0.316296
410 0.729688 0.986111 0.149838 0.329746
30 0.033333 0.094444 0.037500 0.066667
38 0.070833 0.094444 0.037500 0.066667
33 0.108333 0.094444 0.037500 0.066667
34 0.145833 0.094444 0.037500 0.066667
66 0.183333 0.094444 0.037500 0.066667
108 0.220833 0.094444 0.037500 0.066667
67 0.258333 0.094444 0.037500 0.066667
92 0.295833 0.094444 0.037500 0.066667
107 0.333333 0.094444 0.037500 0.066667
35 0.370833 0.094444 0.037500 0.066667
91 0.408333 0.094444 0.037500 0.066667
38 0.445833 0.094444 0.037500 0.066667
112 0.334375 0.027778 0.033333 0.059259
13 0.363542 0.027778 0.033333 0.059259
13 0.392708 0.027778 0.033333 0.059259
13 0.421875 0.027778 0.033333 0.059259
13 0.451042 0.027778 0.033333 0.059259
14 0.247917 0.565741 0.114583 0.268519
15 0.247917 0.716667 0.120312 0.023333
469 0.195833 0.744444 0.025000 0.044444
274 0.220833 0.744444 0.025000 0.044444
314 0.808333 0.706481 0.025000 0.044444
239 0.833333 0.706481 0.025000 0.044444
80 0.858333 0.706481 0.025000 0.044444
47 0.850000 0.597222 0.093750 0.129630
20 0.850000 0.678704 0.098437 0.023333
82 0.850000 0.502778 0.038333 0.068148
120 0.587500 0.729630 0.025000 0.044444
481 0.612500 0.729630 0.025000 0.044444
166 0.650000 0.606481 0.135417 0.157407
20 0.650000 0.701852 0.142188 0.023333
48 0.650000 0.498148 0.038333 0.068148
227 0.387500 0.720370 0.025000 0.044444
175 0.412500 0.720370 0.025000 0.044444
156 0.437500 0.720370 0.025000 0.044444
256 0.462500 0.720370 0.025000 0.044444
330 0.450000 0.583333 0.135417 0.185185
20 0.450000 0.692593 0.142188 0.023333
331 0.450000 0.461111 0.038333 0.068148
