438 0.448594 0.925926 0.124215 0.300456
651 0.557969 0.925926 0.124152 0.300376
36 0.033333 0.094444 0.037500 0.066667
34 0.070833 0.094444 0.037500 0.066667
6 0.108333 0.094444 0.037500 0.066667
173 0.145833 0.094444 0.037500 0.066667
31 0.183333 0.094444 0.037500 0.066667
109 0.220833 0.094444 0.037500 0.066667
93 0.258333 0.094444 0.037500 0.066667
11 0.334375 0.027778 0.033333 0.059259
13 0.363542 0.027778 0.033333 0.059259
13 0.392708 0.027778 0.033333 0.059259
13 0.421875 0.027778 0.033333 0.059259
13 0.451042 0.027778 0.033333 0.059259
14 0.247917 0.565741 0.114583 0.268519
15 0.247917 0.716667 0.120312 0.023333
305 0.195833 0.744444 0.025000 0.044444
134 0.220833 0.744444 0.025000 0.044444
98 0.410937 0.729630 0.025000 0.044444
176 0.435937 0.729630 0.025000 0.044444
516 0.450000 0.578704 0.088542 0.212963
20 0.450000 0.701852 0.092969 0.023333
48 0.450000 0.442593 0.038333 0.068148
222 0.551042 0.731481 0.025000 0.044444
296 0.576042 0.731481 0.025000 0.044444
295 0.601042 0.731481 0.025000 0.044444
19 0.650000 0.525000 0.208333 0.324074
20 0.650000 0.703704 0.218750 0.023333
21 0.650000 0.333333 0.038333 0.068148
371 0.758854 0.748148 0.025000 0.044444
49 0.783854 0.748148 0.025000 0.044444
470 0.834375 0.562500 0.161458 0.282407
20 0.834375 0.720370 0.169531 0.023333
48 0.834375 0.391667 0.038333 0.068148
