445 0.500000 0.925926 0.117188 0.291667
131 0.033333 0.094444 0.037500 0.066667
68 0.334375 0.027778 0.033333 0.059259
145 0.363542 0.027778 0.033333 0.059259
254 0.392708 0.027778 0.033333 0.059259
336 0.421875 0.027778 0.033333 0.059259
355 0.451042 0.027778 0.033333 0.059259
14 0.247917 0.565741 0.114583 0.268519
15 0.247917 0.716667 0.120312 0.023333
138 0.195833 0.744444 0.025000 0.044444
425 0.220833 0.744444 0.025000 0.044444
269 0.403125 0.729630 0.025000 0.044444
531 0.450000 0.583333 0.104167 0.203704
20 0.450000 0.701852 0.109375 0.023333
48 0.450000 0.451852 0.038333 0.068148
201 0.751042 0.731481 0.025000 0.044444
19 0.850000 0.525000 0.208333 0.324074
20 0.850000 0.703704 0.218750 0.023333
21 0.850000 0.333333 0.038333 0.068148
347 0.603125 0.743519 0.025000 0.044444
203 0.628125 0.743519 0.025000 0.044444
256 0.653125 0.743519 0.025000 0.044444
368 0.650000 0.555556 0.104167 0.287037
20 0.650000 0.715741 0.109375 0.023333
331 0.650000 0.382407 0.038333 0.068148
