460 0.401563 0.953704 0.131037 0.308710
363 0.500000 0.925926 0.117188 0.291667
181 0.598437 0.953704 0.130975 0.308631
173 0.033333 0.094444 0.037500 0.066667
130 0.070833 0.094444 0.037500 0.066667
4 0.108333 0.094444 0.037500 0.066667
91 0.145833 0.094444 0.037500 0.066667
184 0.183333 0.094444 0.037500 0.066667
130 0.220833 0.094444 0.037500 0.066667
113 0.334375 0.027778 0.033333 0.059259
13 0.363542 0.027778 0.033333 0.059259
13 0.392708 0.027778 0.033333 0.059259
13 0.421875 0.027778 0.033333 0.059259
13 0.451042 0.027778 0.033333 0.059259
14 0.247917 0.565741 0.114583 0.268519
15 0.247917 0.716667 0.120312 0.023333
296 0.195833 0.744444 0.025000 0.044444
366 0.220833 0.744444 0.025000 0.044444
281 0.245833 0.744444 0.025000 0.044444
137 0.270833 0.744444 0.025000 0.044444
55 0.591146 0.729630 0.025000 0.044444
221 0.645833 0.574074 0.119792 0.222222
20 0.645833 0.701852 0.125781 0.023333
48 0.645833 0.433333 0.038333 0.068148
114 0.803125 0.743519 0.025000 0.044444
147 0.828125 0.743519 0.025000 0.044444
313 0.853125 0.743519 0.025000 0.044444
296 0.878125 0.743519 0.025000 0.044444
368 0.850000 0.555556 0.104167 0.287037
20 0.850000 0.715741 0.109375 0.023333
331 0.850000 0.382407 0.038333 0.068148
220 0.343229 0.748148 0.025000 0.044444
228 0.368229 0.748148 0.025000 0.044444
358 0.450000 0.537037 0.223958 0.333333
20 0.450000 0.720370 0.235156 0.023333
21 0.450000 0.340741 0.038333 0.068148
