61 0.193750 1.000000 0.149621 0.310807
497 0.259375 0.982716 0.140084 0.302077
468 0.332656 0.955556 0.129526 0.291092
460 0.412500 0.930247 0.117934 0.277839
372 0.500000 0.925926 0.105469 0.262500
632 0.587500 0.930247 0.117877 0.277768
345 0.667344 0.955556 0.129470 0.291021
468 0.740625 0.982716 0.140029 0.302007
411 0.806250 1.000000 0.149567 0.310740
110 0.033333 0.094444 0.037500 0.066667
36 0.070833 0.094444 0.037500 0.066667
163 0.108333 0.094444 0.037500 0.066667
38 0.145833 0.094444 0.037500 0.066667
199 0.183333 0.094444 0.037500 0.066667
37 0.220833 0.094444 0.037500 0.066667
6 0.258333 0.094444 0.037500 0.066667
184 0.295833 0.094444 0.037500 0.066667
28 0.333333 0.094444 0.037500 0.066667
6 0.370833 0.094444 0.037500 0.066667
7 0.408333 0.094444 0.037500 0.066667
94 0.445833 0.094444 0.037500 0.066667
199 0.483333 0.094444 0.037500 0.066667
8 0.520833 0.094444 0.037500 0.066667
336 0.334375 0.027778 0.033333 0.059259
112 0.363542 0.027778 0.033333 0.059259
377 0.392708 0.027778 0.033333 0.059259
9 0.421875 0.027778 0.033333 0.059259
143 0.451042 0.027778 0.033333 0.059259
14 0.247917 0.565741 0.114583 0.268519
15 0.247917 0.716667 0.120312 0.023333
80 0.195833 0.744444 0.025000 0.044444
275 0.808333 0.711111 0.025000 0.044444
47 0.850000 0.601852 0.093750 0.129630
20 0.850000 0.683333 0.098437 0.023333
82 0.850000 0.507407 0.038333 0.068148
17 0.351042 0.731481 0.025000 0.044444
153 0.376042 0.731481 0.025000 0.044444
527 0.401042 0.731481 0.025000 0.044444
19 0.450000 0.525000 0.208333 0.324074
20 0.450000 0.703704 0.218750 0.023333
21 0.450000 0.333333 0.038333 0.068148
292 0.525000 0.752778 0.025000 0.044444
256 0.550000 0.752778 0.025000 0.044444
151 0.575000 0.752778 0.025000 0.044444
215 0.600000 0.752778 0.025000 0.044444
397 0.644792 0.509259 0.250000 0.398148
20 0.644792 0.725000 0.262500 0.023333
21 0.644792 0.280556 0.038333 0.068148
