385 0.193750 1.000000 0.149621 0.310807
445 0.259375 0.982716 0.140084 0.302077
502 0.332656 0.955556 0.129526 0.291092
84 0.412500 0.930247 0.117934 0.277839
617 0.500000 0.925926 0.105469 0.262500
63 0.587500 0.930247 0.117877 0.277768
474 0.667344 0.955556 0.129470 0.291021
506 0.740625 0.982716 0.140029 0.302007
577 0.806250 1.000000 0.149567 0.310740
4 0.033333 0.094444 0.037500 0.066667
37 0.070833 0.094444 0.037500 0.066667
65 0.108333 0.094444 0.037500 0.066667
31 0.145833 0.094444 0.037500 0.066667
131 0.183333 0.094444 0.037500 0.066667
29 0.220833 0.094444 0.037500 0.066667
12 0.334375 0.027778 0.033333 0.059259
13 0.363542 0.027778 0.033333 0.059259
13 0.392708 0.027778 0.033333 0.059259
13 0.421875 0.027778 0.033333 0.059259
13 0.451042 0.027778 0.033333 0.059259
14 0.247917 0.565741 0.114583 0.268519
15 0.247917 0.716667 0.120312 0.023333
483 0.195833 0.744444 0.025000 0.044444
240 0.220833 0.744444 0.025000 0.044444
50 0.245833 0.744444 0.025000 0.044444
276 0.270833 0.744444 0.025000 0.044444
241 0.582812 0.734259 0.025000 0.044444
485 0.642708 0.537037 0.130208 0.305556
20 0.642708 0.706481 0.136719 0.023333
48 0.642708 0.354630 0.038333 0.068148
226 0.805729 0.738889 0.025000 0.044444
227 0.830729 0.738889 0.025000 0.044444
329 0.847396 0.564815 0.093750 0.259259
20 0.847396 0.711111 0.098437 0.023333
21 0.847396 0.405556 0.038333 0.068148
239 0.411979 0.735185 0.025000 0.044444
305 0.436979 0.735185 0.025000 0.044444
18 0.461979 0.735185 0.025000 0.044444
414 0.486979 0.735185 0.025000 0.044444
549 0.445833 0.621296 0.078125 0.138889
20 0.445833 0.707407 0.082031 0.023333
216 0.445833 0.522222 0.038333 0.068148
