465 0.314063 0.986111 0.143917 0.323435
634 0.401563 0.953704 0.131037 0.308710
440 0.500000 0.935185 0.117188 0.291667
351 0.598437 0.953704 0.130975 0.308631
479 0.685938 0.986111 0.143855 0.323357
6 0.033333 0.094444 0.037500 0.066667
91 0.070833 0.094444 0.037500 0.066667
108 0.108333 0.094444 0.037500 0.066667
107 0.145833 0.094444 0.037500 0.066667
5 0.183333 0.094444 0.037500 0.066667
68 0.334375 0.027778 0.033333 0.059259
39 0.363542 0.027778 0.033333 0.059259
355 0.392708 0.027778 0.033333 0.059259
186 0.421875 0.027778 0.033333 0.059259
144 0.451042 0.027778 0.033333 0.059259
14 0.247917 0.565741 0.114583 0.268519
15 0.247917 0.716667 0.120312 0.023333
408 0.195833 0.744444 0.025000 0.044444
137 0.220833 0.744444 0.025000 0.044444
356 0.245833 0.744444 0.025000 0.044444
292 0.270833 0.744444 0.025000 0.044444
416 0.826563 0.740741 0.025000 0.044444
267 0.850000 0.594444 0.057292 0.203704
20 0.850000 0.712963 0.060156 0.023333
170 0.850000 0.462963 0.038333 0.068148
153 0.611979 0.740741 0.025000 0.044444
81 0.645833 0.626852 0.078125 0.138889
20 0.645833 0.712963 0.082031 0.023333
48 0.645833 0.527778 0.038333 0.068148
