443 0.351250 0.960648 0.137609 0.316375
252 0.449688 0.935185 0.124215 0.300456
473 0.550312 0.935185 0.124152 0.300376
2 0.648750 0.960648 0.137546 0.316296
6 0.033333 0.094444 0.037500 0.066667
39 0.334375 0.027778 0.033333 0.059259
11 0.363542 0.027778 0.033333 0.059259
174 0.392708 0.027778 0.033333 0.059259
13 0.421875 0.027778 0.033333 0.059259
13 0.451042 0.027778 0.033333 0.059259
14 0.247917 0.565741 0.114583 0.268519
15 0.247917 0.716667 0.120312 0.023333
202 0.195833 0.744444 0.025000 0.044444
347 0.220833 0.744444 0.025000 0.044444
155 0.245833 0.744444 0.025000 0.044444
326 0.270833 0.744444 0.025000 0.044444
241 0.408333 0.725000 0.025000 0.044444
49 0.433333 0.725000 0.025000 0.044444
220 0.458333 0.725000 0.025000 0.044444
102 0.450000 0.615741 0.093750 0.129630
20 0.450000 0.697222 0.098437 0.023333
216 0.450000 0.521296 0.038333 0.068148
139 0.787500 0.716667 0.025000 0.044444
277 0.812500 0.716667 0.025000 0.044444
348 0.850000 0.593518 0.135417 0.157407
20 0.850000 0.688889 0.142188 0.023333
216 0.850000 0.485185 0.038333 0.068148
104 0.603125 0.743519 0.025000 0.044444
299 0.628125 0.743519 0.025000 0.044444
305 0.653125 0.743519 0.025000 0.044444
368 0.650000 0.555556 0.104167 0.287037
20 0.650000 0.715741 0.109375 0.023333
48 0.650000 0.382407 0.038333 0.068148
