452 0.351250 0.960648 0.137609 0.316375
641 0.449688 0.935185 0.124215 0.300456
271 0.550312 0.935185 0.124152 0.300376
486 0.648750 0.960648 0.137546 0.316296
108 0.033333 0.094444 0.037500 0.066667
4 0.070833 0.094444 0.037500 0.066667
129 0.108333 0.094444 0.037500 0.066667
8 0.145833 0.094444 0.037500 0.066667
36 0.183333 0.094444 0.037500 0.066667
92 0.220833 0.094444 0.037500 0.066667
6 0.258333 0.094444 0.037500 0.066667
34 0.295833 0.094444 0.037500 0.066667
65 0.333333 0.094444 0.037500 0.066667
304 0.334375 0.027778 0.033333 0.059259
255 0.363542 0.027778 0.033333 0.059259
113 0.392708 0.027778 0.033333 0.059259
12 0.421875 0.027778 0.033333 0.059259
113 0.451042 0.027778 0.033333 0.059259
14 0.247917 0.565741 0.114583 0.268519
15 0.247917 0.716667 0.120312 0.023333
135 0.195833 0.744444 0.025000 0.044444
151 0.220833 0.744444 0.025000 0.044444
294 0.245833 0.744444 0.025000 0.044444
524 0.756250 0.743519 0.025000 0.044444
118 0.781250 0.743519 0.025000 0.044444
269 0.806250 0.743519 0.025000 0.044444
123 0.831250 0.743519 0.025000 0.044444
297 0.870833 0.583333 0.239583 0.231481
20 0.870833 0.715741 0.251562 0.023333
48 0.870833 0.437963 0.038333 0.068148
369 0.556250 0.734259 0.025000 0.044444
258 0.581250 0.734259 0.025000 0.044444
119 0.606250 0.734259 0.025000 0.044444
125 0.650000 0.555556 0.197917 0.268519
20 0.650000 0.706481 0.207812 0.023333
48 0.650000 0.391667 0.038333 0.068148
