211 0.448594 0.925926 0.124215 0.300456
1 0.557969 0.925926 0.124152 0.300376
108 0.033333 0.094444 0.037500 0.066667
132 0.070833 0.094444 0.037500 0.066667
173 0.108333 0.094444 0.037500 0.066667
30 0.145833 0.094444 0.037500 0.066667
173 0.183333 0.094444 0.037500 0.066667
91 0.220833 0.094444 0.037500 0.066667
107 0.258333 0.094444 0.037500 0.066667
131 0.295833 0.094444 0.037500 0.066667
4 0.333333 0.094444 0.037500 0.066667
32 0.370833 0.094444 0.037500 0.066667
255 0.334375 0.027778 0.033333 0.059259
133 0.363542 0.027778 0.033333 0.059259
133 0.392708 0.027778 0.033333 0.059259
145 0.421875 0.027778 0.033333 0.059259
13 0.451042 0.027778 0.033333 0.059259
14 0.247917 0.565741 0.114583 0.268519
15 0.247917 0.716667 0.120312 0.023333
135 0.195833 0.744444 0.025000 0.044444
401 0.220833 0.744444 0.025000 0.044444
104 0.826563 0.740741 0.025000 0.044444
267 0.850000 0.594444 0.057292 0.203704
20 0.850000 0.712963 0.060156 0.023333
170 0.850000 0.462963 0.038333 0.068148
306 0.540625 0.739815 0.025000 0.044444
305 0.565625 0.739815 0.025000 0.044444
176 0.590625 0.739815 0.025000 0.044444
215 0.615625 0.739815 0.025000 0.044444
446 0.652604 0.551852 0.234375 0.287037
20 0.652604 0.712037 0.246094 0.023333
167 0.652604 0.378704 0.038333 0.068148
