181 0.314063 0.986111 0.143917 0.323435
576 0.401563 0.953704 0.131037 0.308710
86 0.500000 0.935185 0.117188 0.291667
582 0.598437 0.953704 0.130975 0.308631
498 0.685938 0.986111 0.143855 0.323357
28 0.033333 0.094444 0.037500 0.066667
33 0.070833 0.094444 0.037500 0.066667
65 0.108333 0.094444 0.037500 0.066667
93 0.145833 0.094444 0.037500 0.066667
108 0.183333 0.094444 0.037500 0.066667
324 0.334375 0.027778 0.033333 0.059259
13 0.363542 0.027778 0.033333 0.059259
13 0.392708 0.027778 0.033333 0.059259
13 0.421875 0.027778 0.033333 0.059259
13 0.451042 0.027778 0.033333 0.059259
14 0.247917 0.565741 0.114583 0.268519
15 0.247917 0.716667 0.120312 0.023333
207 0.195833 0.744444 0.025000 0.044444
296 0.220833 0.744444 0.025000 0.044444
483 0.245833 0.744444 0.025000 0.044444
207 0.608333 0.711111 0.025000 0.044444
206 0.650000 0.523148 0.093750 0.287037
20 0.650000 0.683333 0.098437 0.023333
48 0.650000 0.350000 0.038333 0.068148
156 0.771875 0.734259 0.025000 0.044444
371 0.796875 0.734259 0.025000 0.044444
17 0.821875 0.734259 0.025000 0.044444
76 0.850000 0.495370 0.166667 0.388889
20 0.850000 0.706481 0.175000 0.023333
48 0.850000 0.271296 0.038333 0.068148
