409 0.314063 0.986111 0.143917 0.323435
615 0.401563 0.953704 0.131037 0.308710
520 0.500000 0.935185 0.117188 0.291667
653 0.598437 0.953704 0.130975 0.308631
223 0.685938 0.986111 0.143855 0.323357
30 0.033333 0.094444 0.037500 0.066667
110 0.070833 0.094444 0.037500 0.066667
7 0.108333 0.094444 0.037500 0.066667
336 0.334375 0.027778 0.033333 0.059259
290 0.363542 0.027778 0.033333 0.059259
324 0.392708 0.027778 0.033333 0.059259
13 0.421875 0.027778 0.033333 0.059259
13 0.451042 0.027778 0.033333 0.059259
14 0.247917 0.565741 0.114583 0.268519
15 0.247917 0.716667 0.120312 0.023333
207 0.195833 0.744444 0.025000 0.044444
222 0.821354 0.724074 0.025000 0.044444
260 0.850000 0.633333 0.067708 0.092593
20 0.850000 0.696296 0.071094 0.023333
48 0.850000 0.557407 0.038333 0.068148
138 0.371875 0.734259 0.025000 0.044444
313 0.396875 0.734259 0.025000 0.044444
149 0.450000 0.587963 0.166667 0.203704
20 0.450000 0.706481 0.175000 0.023333
150 0.450000 0.456481 0.038333 0.068148
115 0.574479 0.725926 0.025000 0.044444
325 0.599479 0.725926 0.025000 0.044444
279 0.660417 0.561111 0.182292 0.240741
20 0.660417 0.698148 0.191406 0.023333
170 0.660417 0.411111 0.038333 0.068148
