344 0.314063 0.986111 0.143917 0.323435
532 0.401563 0.953704 0.131037 0.308710
521 0.500000 0.935185 0.117188 0.291667
399 0.598437 0.953704 0.130975 0.308631
342 0.685938 0.986111 0.143855 0.323357
31 0.033333 0.094444 0.037500 0.066667
110 0.070833 0.094444 0.037500 0.066667
65 0.108333 0.094444 0.037500 0.066667
33 0.145833 0.094444 0.037500 0.066667
144 0.334375 0.027778 0.033333 0.059259
40 0.363542 0.027778 0.033333 0.059259
133 0.392708 0.027778 0.033333 0.059259
13 0.421875 0.027778 0.033333 0.059259
13 0.451042 0.027778 0.033333 0.059259
14 0.247917 0.565741 0.114583 0.268519
15 0.247917 0.716667 0.120312 0.023333
74 0.195833 0.744444 0.025000 0.044444
435 0.220833 0.744444 0.025000 0.044444
415 0.245833 0.744444 0.025000 0.044444
265 0.270833 0.744444 0.025000 0.044444
276 0.808333 0.711111 0.025000 0.044444
328 0.833333 0.711111 0.025000 0.044444
294 0.858333 0.711111 0.025000 0.044444
206 0.850000 0.523148 0.093750 0.287037
20 0.850000 0.683333 0.098437 0.023333
48 0.850000 0.350000 0.038333 0.068148
416 0.582292 0.720370 0.025000 0.044444
601 0.650000 0.546296 0.145833 0.259259
20 0.650000 0.692593 0.153125 0.023333
167 0.650000 0.387037 0.038333 0.068148
447 0.364062 0.751852 0.025000 0.044444
590 0.450000 0.540741 0.182292 0.333333
20 0.450000 0.724074 0.191406 0.023333
21 0.450000 0.344444 0.038333 0.068148
