387 0.270312 0.986111 0.149899 0.329824
418 0.357812 0.949074 0.137609 0.316375
391 0.452969 0.925926 0.124215 0.300456
526 0.547031 0.925926 0.124152 0.300376
403 0.642187 0.949074 0.137546 0.316296
196 0.729688 0.986111 0.149838 0.329746
33 0.033333 0.094444 0.037500 0.066667
66 0.070833 0.094444 0.037500 0.066667
8 0.108333 0.094444 0.037500 0.066667
5 0.145833 0.094444 0.037500 0.066667
184 0.183333 0.094444 0.037500 0.066667
184 0.220833 0.094444 0.037500 0.066667
67 0.258333 0.094444 0.037500 0.066667
173 0.295833 0.094444 0.037500 0.066667
33 0.333333 0.094444 0.037500 0.066667
28 0.370833 0.094444 0.037500 0.066667
109 0.408333 0.094444 0.037500 0.066667
91 0.445833 0.094444 0.037500 0.066667
110 0.483333 0.094444 0.037500 0.066667
4 0.520833 0.094444 0.037500 0.066667
31 0.558333 0.094444 0.037500 0.066667
35 0.595833 0.094444 0.037500 0.066667
94 0.633333 0.094444 0.037500 0.066667
199 0.670833 0.094444 0.037500 0.066667
33 0.708333 0.094444 0.037500 0.066667
254 0.334375 0.027778 0.033333 0.059259
145 0.363542 0.027778 0.033333 0.059259
381 0.392708 0.027778 0.033333 0.059259
13 0.421875 0.027778 0.033333 0.059259
13 0.451042 0.027778 0.033333 0.059259
14 0.247917 0.565741 0.114583 0.268519
15 0.247917 0.716667 0.120312 0.023333
524 0.195833 0.744444 0.025000 0.044444
425 0.220833 0.744444 0.025000 0.044444
176 0.245833 0.744444 0.025000 0.044444
201 0.270833 0.744444 0.025000 0.044444
483 0.595312 0.748148 0.025000 0.044444
482 0.650000 0.587963 0.119792 0.231481
20 0.650000 0.720370 0.125781 0.023333
216 0.650000 0.442593 0.038333 0.068148
273 0.805729 0.738889 0.025000 0.044444
146 0.830729 0.738889 0.025000 0.044444
80 0.855729 0.738889 0.025000 0.044444
114 0.880729 0.738889 0.025000 0.044444
329 0.847396 0.564815 0.093750 0.259259
20 0.847396 0.711111 0.098437 0.023333
21 0.847396 0.405556 0.038333 0.068148
241 0.340625 0.739815 0.025000 0.044444
164 0.365625 0.739815 0.025000 0.044444
446 0.452604 0.551852 0.234375 0.287037
20 0.452604 0.712037 0.246094 0.023333
21 0.452604 0.378704 0.038333 0.068148
