519 0.182812 1.000000 0.145411 0.296825
359 0.237500 0.976852 0.136936 0.289694
538 0.303125 0.951852 0.127414 0.280350
210 0.379687 0.928704 0.116968 0.268919
503 0.456250 0.921296 0.105583 0.255387
349 0.543750 0.921296 0.105530 0.255319
320 0.620313 0.928704 0.116914 0.268851
388 0.696875 0.951852 0.127362 0.280284
90 0.762500 0.976852 0.136885 0.289630
581 0.817187 1.000000 0.145376 0.296799
67 0.033333 0.094444 0.037500 0.066667
64 0.070833 0.094444 0.037500 0.066667
303 0.334375 0.027778 0.033333 0.059259
113 0.363542 0.027778 0.033333 0.059259
324 0.392708 0.027778 0.033333 0.059259
255 0.421875 0.027778 0.033333 0.059259
13 0.451042 0.027778 0.033333 0.059259
14 0.247917 0.565741 0.114583 0.268519
15 0.247917 0.716667 0.120312 0.023333
147 0.195833 0.744444 0.025000 0.044444
17 0.408333 0.725000 0.025000 0.044444
274 0.433333 0.725000 0.025000 0.044444
176 0.458333 0.725000 0.025000 0.044444
117 0.483333 0.725000 0.025000 0.044444
47 0.450000 0.615741 0.093750 0.129630
20 0.450000 0.697222 0.098437 0.023333
48 0.450000 0.521296 0.038333 0.068148
136 0.751042 0.731481 0.025000 0.044444
241 0.776042 0.731481 0.025000 0.044444
19 0.850000 0.525000 0.208333 0.324074
20 0.850000 0.703704 0.218750 0.023333
21 0.850000 0.333333 0.038333 0.068148
100 0.603125 0.733333 0.025000 0.044444
99 0.628125 0.733333 0.025000 0.044444
319 0.647396 0.605556 0.098958 0.166667
20 0.647396 0.705556 0.103906 0.023333
48 0.647396 0.492593 0.038333 0.068148
