542 0.226563 1.000000 0.153046 0.323776
507 0.300938 0.968750 0.142404 0.313332
380 0.379687 0.943287 0.130728 0.300556
440 0.458438 0.925926 0.118005 0.285433
462 0.541562 0.925926 0.117945 0.285357
556 0.620313 0.943287 0.130669 0.300481
555 0.693594 0.968750 0.142346 0.313258
571 0.773438 1.000000 0.152989 0.323704
94 0.033333 0.094444 0.037500 0.066667
30 0.070833 0.094444 0.037500 0.066667
132 0.108333 0.094444 0.037500 0.066667
163 0.145833 0.094444 0.037500 0.066667
130 0.183333 0.094444 0.037500 0.066667
131 0.220833 0.094444 0.037500 0.066667
184 0.258333 0.094444 0.037500 0.066667
67 0.295833 0.094444 0.037500 0.066667
67 0.333333 0.094444 0.037500 0.066667
130 0.370833 0.094444 0.037500 0.066667
93 0.408333 0.094444 0.037500 0.066667
131 0.445833 0.094444 0.037500 0.066667
37 0.483333 0.094444 0.037500 0.066667
130 0.520833 0.094444 0.037500 0.066667
199 0.558333 0.094444 0.037500 0.066667
34 0.595833 0.094444 0.037500 0.066667
31 0.633333 0.094444 0.037500 0.066667
110 0.670833 0.094444 0.037500 0.066667
107 0.708333 0.094444 0.037500 0.066667
64 0.745833 0.094444 0.037500 0.066667
290 0.334375 0.027778 0.033333 0.059259
12 0.363542 0.027778 0.033333 0.059259
186 0.392708 0.027778 0.033333 0.059259
11 0.421875 0.027778 0.033333 0.059259
13 0.451042 0.027778 0.033333 0.059259
14 0.247917 0.565741 0.114583 0.268519
15 0.247917 0.716667 0.120312 0.023333
164 0.195833 0.744444 0.025000 0.044444
469 0.791146 0.729630 0.025000 0.044444
299 0.816146 0.729630 0.025000 0.044444
273 0.841146 0.729630 0.025000 0.044444
221 0.845833 0.574074 0.119792 0.222222
20 0.845833 0.701852 0.125781 0.023333
48 0.845833 0.433333 0.038333 0.068148
