477 0.401563 0.953704 0.131037 0.308710
650 0.500000 0.925926 0.117188 0.291667
509 0.598437 0.953704 0.130975 0.308631
92 0.033333 0.094444 0.037500 0.066667
37 0.070833 0.094444 0.037500 0.066667
66 0.108333 0.094444 0.037500 0.066667
129 0.145833 0.094444 0.037500 0.066667
7 0.183333 0.094444 0.037500 0.066667
108 0.220833 0.094444 0.037500 0.066667
37 0.258333 0.094444 0.037500 0.066667
29 0.295833 0.094444 0.037500 0.066667
107 0.333333 0.094444 0.037500 0.066667
67 0.370833 0.094444 0.037500 0.066667
30 0.408333 0.094444 0.037500 0.066667
381 0.334375 0.027778 0.033333 0.059259
214 0.363542 0.027778 0.033333 0.059259
13 0.392708 0.027778 0.033333 0.059259
13 0.421875 0.027778 0.033333 0.059259
13 0.451042 0.027778 0.033333 0.059259
14 0.247917 0.565741 0.114583 0.268519
15 0.247917 0.716667 0.120312 0.023333
215 0.195833 0.744444 0.025000 0.044444
239 0.797917 0.737037 0.025000 0.044444
347 0.822917 0.737037 0.025000 0.044444
426 0.844792 0.562963 0.104167 0.259259
20 0.844792 0.709259 0.109375 0.023333
170 0.844792 0.403704 0.038333 0.068148
70 0.605729 0.738889 0.025000 0.044444
329 0.647396 0.564815 0.093750 0.259259
20 0.647396 0.711111 0.098437 0.023333
21 0.647396 0.405556 0.038333 0.068148
