458 0.193750 1.000000 0.149621 0.310807
24 0.259375 0.982716 0.140084 0.302077
89 0.332656 0.955556 0.129526 0.291092
106 0.412500 0.930247 0.117934 0.277839
420 0.500000 0.925926 0.105469 0.262500
249 0.587500 0.930247 0.117877 0.277768
499 0.667344 0.955556 0.129470 0.291021
480 0.740625 0.982716 0.140029 0.302007
577 0.806250 1.000000 0.149567 0.310740
163 0.033333 0.094444 0.037500 0.066667
131 0.070833 0.094444 0.037500 0.066667
5 0.108333 0.094444 0.037500 0.066667
163 0.145833 0.094444 0.037500 0.066667
64 0.183333 0.094444 0.037500 0.066667
8 0.220833 0.094444 0.037500 0.066667
35 0.258333 0.094444 0.037500 0.066667
4 0.295833 0.094444 0.037500 0.066667
64 0.333333 0.094444 0.037500 0.066667
36 0.370833 0.094444 0.037500 0.066667
132 0.408333 0.094444 0.037500 0.066667
130 0.445833 0.094444 0.037500 0.066667
32 0.483333 0.094444 0.037500 0.066667
32 0.520833 0.094444 0.037500 0.066667
173 0.558333 0.094444 0.037500 0.066667
5 0.595833 0.094444 0.037500 0.066667
65 0.633333 0.094444 0.037500 0.066667
290 0.334375 0.027778 0.033333 0.059259
112 0.363542 0.027778 0.033333 0.059259
12 0.392708 0.027778 0.033333 0.059259
174 0.421875 0.027778 0.033333 0.059259
13 0.451042 0.027778 0.033333 0.059259
14 0.247917 0.565741 0.114583 0.268519
15 0.247917 0.716667 0.120312 0.023333
176 0.195833 0.744444 0.025000 0.044444
390 0.220833 0.744444 0.025000 0.044444
347 0.810938 0.720681 0.025000 0.044444
314 0.835938 0.720681 0.025000 0.044444
275 0.860937 0.720681 0.025000 0.044444
608 0.850000 0.616052 0.088542 0.120370
20 0.850000 0.692903 0.092969 0.023333
170 0.850000 0.526237 0.038333 0.068148
