494 0.182812 1.000000 0.145411 0.296825
499 0.237500 0.976852 0.136936 0.289694
213 0.303125 0.951852 0.127414 0.280350
487 0.379687 0.928704 0.116968 0.268919
500 0.456250 0.921296 0.105583 0.255387
247 0.543750 0.921296 0.105530 0.255319
229 0.620313 0.928704 0.116914 0.268851
196 0.696875 0.951852 0.127362 0.280284
380 0.762500 0.976852 0.136885 0.289630
501 0.817187 1.000000 0.145376 0.296799
130 0.033333 0.094444 0.037500 0.066667
108 0.070833 0.094444 0.037500 0.066667
28 0.108333 0.094444 0.037500 0.066667
108 0.145833 0.094444 0.037500 0.066667
33 0.183333 0.094444 0.037500 0.066667
214 0.334375 0.027778 0.033333 0.059259
12 0.363542 0.027778 0.033333 0.059259
303 0.392708 0.027778 0.033333 0.059259
13 0.421875 0.027778 0.033333 0.059259
13 0.451042 0.027778 0.033333 0.059259
14 0.247917 0.565741 0.114583 0.268519
15 0.247917 0.716667 0.120312 0.023333
325 0.195833 0.744444 0.025000 0.044444
147 0.220833 0.744444 0.025000 0.044444
148 0.621354 0.724074 0.025000 0.044444
16 0.646354 0.724074 0.025000 0.044444
101 0.671354 0.724074 0.025000 0.044444
260 0.650000 0.633333 0.067708 0.092593
20 0.650000 0.696296 0.071094 0.023333
48 0.650000 0.557407 0.038333 0.068148
203 0.811979 0.740741 0.025000 0.044444
117 0.836979 0.740741 0.025000 0.044444
74 0.861979 0.740741 0.025000 0.044444
296 0.886979 0.740741 0.025000 0.044444
81 0.845833 0.626852 0.078125 0.138889
20 0.845833 0.712963 0.082031 0.023333
48 0.845833 0.527778 0.038333 0.068148
