379 0.270312 0.986111 0.149899 0.329824
436 0.357812 0.949074 0.137609 0.316375
497 0.452969 0.925926 0.124215 0.300456
568 0.547031 0.925926 0.124152 0.300376
209 0.642187 0.949074 0.137546 0.316296
341 0.729688 0.986111 0.149838 0.329746
91 0.033333 0.094444 0.037500 0.066667
94 0.070833 0.094444 0.037500 0.066667
65 0.108333 0.094444 0.037500 0.066667
107 0.145833 0.094444 0.037500 0.066667
37 0.183333 0.094444 0.037500 0.066667
109 0.220833 0.094444 0.037500 0.066667
36 0.258333 0.094444 0.037500 0.066667
8 0.295833 0.094444 0.037500 0.066667
199 0.333333 0.094444 0.037500 0.066667
34 0.370833 0.094444 0.037500 0.066667
130 0.408333 0.094444 0.037500 0.066667
34 0.445833 0.094444 0.037500 0.066667
186 0.334375 0.027778 0.033333 0.059259
336 0.363542 0.027778 0.033333 0.059259
68 0.392708 0.027778 0.033333 0.059259
145 0.421875 0.027778 0.033333 0.059259
290 0.451042 0.027778 0.033333 0.059259
14 0.247917 0.565741 0.114583 0.268519
15 0.247917 0.716667 0.120312 0.023333
74 0.195833 0.744444 0.025000 0.044444
204 0.748438 0.738889 0.025000 0.044444
266 0.773438 0.738889 0.025000 0.044444
294 0.798437 0.738889 0.025000 0.044444
169 0.813542 0.518519 0.140625 0.351852
20 0.813542 0.711111 0.147656 0.023333
48 0.797917 0.312963 0.038333 0.068148
146 0.592708 0.645113 0.025000 0.044444
140 0.650000 0.517335 0.125000 0.166667
20 0.650000 0.617335 0.131250 0.023333
48 0.650000 0.404372 0.038333 0.068148
