375 0.182812 1.000000 0.145411 0.296825
602 0.237500 0.976852 0.136936 0.289694
218 0.303125 0.951852 0.127414 0.280350
196 0.379687 0.928704 0.116968 0.268919
605 0.456250 0.921296 0.105583 0.255387
235 0.543750 0.921296 0.105530 0.255319
436 0.620313 0.928704 0.116914 0.268851
641 0.696875 0.951852 0.127362 0.280284
247 0.762500 0.976852 0.136885 0.289630
505 0.817187 1.000000 0.145376 0.296799
34 0.033333 0.094444 0.037500 0.066667
4 0.070833 0.094444 0.037500 0.066667
7 0.108333 0.094444 0.037500 0.066667
37 0.145833 0.094444 0.037500 0.066667
29 0.183333 0.094444 0.037500 0.066667
30 0.220833 0.094444 0.037500 0.066667
66 0.258333 0.094444 0.037500 0.066667
184 0.295833 0.094444 0.037500 0.066667
199 0.333333 0.094444 0.037500 0.066667
65 0.370833 0.094444 0.037500 0.066667
66 0.408333 0.094444 0.037500 0.066667
109 0.445833 0.094444 0.037500 0.066667
29 0.483333 0.094444 0.037500 0.066667
5 0.520833 0.094444 0.037500 0.066667
35 0.558333 0.094444 0.037500 0.066667
109 0.595833 0.094444 0.037500 0.066667
37 0.633333 0.094444 0.037500 0.066667
28 0.670833 0.094444 0.037500 0.066667
30 0.708333 0.094444 0.037500 0.066667
109 0.745833 0.094444 0.037500 0.066667
144 0.334375 0.027778 0.033333 0.059259
133 0.363542 0.027778 0.033333 0.059259
95 0.392708 0.027778 0.033333 0.059259
13 0.421875 0.027778 0.033333 0.059259
13 0.451042 0.027778 0.033333 0.059259
14 0.247917 0.565741 0.114583 0.268519
15 0.247917 0.716667 0.120312 0.023333
266 0.195833 0.744444 0.025000 0.044444
265 0.220833 0.744444 0.025000 0.044444
80 0.245833 0.744444 0.025000 0.044444
226 0.597917 0.737037 0.025000 0.044444
426 0.644792 0.562963 0.104167 0.259259
20 0.644792 0.709259 0.109375 0.023333
170 0.644792 0.403704 0.038333 0.068148
469 0.803125 0.733333 0.025000 0.044444
201 0.828125 0.733333 0.025000 0.044444
101 0.853125 0.733333 0.025000 0.044444
164 0.878125 0.733333 0.025000 0.044444
319 0.847396 0.605556 0.098958 0.166667
20 0.847396 0.705556 0.103906 0.023333
48 0.847396 0.492593 0.038333 0.068148
104 0.353646 0.725926 0.025000 0.044444
256 0.378646 0.725926 0.025000 0.044444
347 0.403646 0.725926 0.025000 0.044444
243 0.450000 0.500926 0.203125 0.361111
20 0.450000 0.698148 0.213281 0.023333
170 0.450000 0.290741 0.038333 0.068148
