545 0.193750 1.000000 0.149621 0.310807
597 0.259375 0.982716 0.140084 0.302077
394 0.332656 0.955556 0.129526 0.291092
445 0.412500 0.930247 0.117934 0.277839
553 0.500000 0.925926 0.105469 0.262500
575 0.587500 0.930247 0.117877 0.277768
559 0.667344 0.955556 0.129470 0.291021
87 0.740625 0.982716 0.140029 0.302007
211 0.806250 1.000000 0.149567 0.310740
38 0.033333 0.094444 0.037500 0.066667
8 0.070833 0.094444 0.037500 0.066667
8 0.108333 0.094444 0.037500 0.066667
37 0.145833 0.094444 0.037500 0.066667
32 0.183333 0.094444 0.037500 0.066667
130 0.220833 0.094444 0.037500 0.066667
131 0.258333 0.094444 0.037500 0.066667
6 0.295833 0.094444 0.037500 0.066667
107 0.333333 0.094444 0.037500 0.066667
199 0.370833 0.094444 0.037500 0.066667
91 0.408333 0.094444 0.037500 0.066667
36 0.445833 0.094444 0.037500 0.066667
33 0.483333 0.094444 0.037500 0.066667
129 0.520833 0.094444 0.037500 0.066667
9 0.334375 0.027778 0.033333 0.059259
13 0.363542 0.027778 0.033333 0.059259
13 0.392708 0.027778 0.033333 0.059259
13 0.421875 0.027778 0.033333 0.059259
13 0.451042 0.027778 0.033333 0.059259
14 0.247917 0.565741 0.114583 0.268519
15 0.247917 0.716667 0.120312 0.023333
241 0.195833 0.744444 0.025000 0.044444
281 0.220833 0.744444 0.025000 0.044444
307 0.245833 0.744444 0.025000 0.044444
424 0.270833 0.744444 0.025000 0.044444
481 0.810938 0.729630 0.025000 0.044444
408 0.835938 0.729630 0.025000 0.044444
405 0.850000 0.578704 0.088542 0.212963
20 0.850000 0.701852 0.092969 0.023333
48 0.850000 0.442593 0.038333 0.068148
367 0.603125 0.741667 0.025000 0.044444
241 0.628125 0.741667 0.025000 0.044444
147 0.653125 0.741667 0.025000 0.044444
217 0.644792 0.565278 0.093750 0.263889
20 0.644792 0.713889 0.098437 0.023333
158 0.644792 0.403704 0.038333 0.068148
