434 0.448594 0.925926 0.124215 0.300456
60 0.557969 0.925926 0.124152 0.300376
5 0.033333 0.094444 0.037500 0.066667
199 0.070833 0.094444 0.037500 0.066667
130 0.108333 0.094444 0.037500 0.066667
355 0.334375 0.027778 0.033333 0.059259
303 0.363542 0.027778 0.033333 0.059259
39 0.392708 0.027778 0.033333 0.059259
40 0.421875 0.027778 0.033333 0.059259
255 0.451042 0.027778 0.033333 0.059259
14 0.247917 0.565741 0.114583 0.268519
15 0.247917 0.716667 0.120312 0.023333
147 0.195833 0.744444 0.025000 0.044444
99 0.220833 0.744444 0.025000 0.044444
17 0.245833 0.744444 0.025000 0.044444
402 0.803125 0.741667 0.025000 0.044444
153 0.828125 0.741667 0.025000 0.044444
217 0.844792 0.565278 0.093750 0.263889
20 0.844792 0.713889 0.098437 0.023333
158 0.844792 0.403704 0.038333 0.068148
