598 0.226563 1.000000 0.153046 0.323776
641 0.300938 0.968750 0.142404 0.313332
213 0.379687 0.943287 0.130728 0.300556
61 0.458438 0.925926 0.118005 0.285433
417 0.541562 0.925926 0.117945 0.285357
196 0.620313 0.943287 0.130669 0.300481
488 0.693594 0.968750 0.142346 0.313258
213 0.773438 1.000000 0.152989 0.323704
132 0.033333 0.094444 0.037500 0.066667
6 0.070833 0.094444 0.037500 0.066667
129 0.108333 0.094444 0.037500 0.066667
199 0.145833 0.094444 0.037500 0.066667
131 0.183333 0.094444 0.037500 0.066667
32 0.220833 0.094444 0.037500 0.066667
30 0.258333 0.094444 0.037500 0.066667
66 0.295833 0.094444 0.037500 0.066667
38 0.333333 0.094444 0.037500 0.066667
94 0.370833 0.094444 0.037500 0.066667
129 0.408333 0.094444 0.037500 0.066667
110 0.445833 0.094444 0.037500 0.066667
184 0.483333 0.094444 0.037500 0.066667
34 0.520833 0.094444 0.037500 0.066667
66 0.558333 0.094444 0.037500 0.066667
30 0.595833 0.094444 0.037500 0.066667
199 0.633333 0.094444 0.037500 0.066667
130 0.670833 0.094444 0.037500 0.066667
37 0.708333 0.094444 0.037500 0.066667
11 0.334375 0.027778 0.033333 0.059259
336 0.363542 0.027778 0.033333 0.059259
96 0.392708 0.027778 0.033333 0.059259
13 0.421875 0.027778 0.033333 0.059259
13 0.451042 0.027778 0.033333 0.059259
14 0.247917 0.565741 0.114583 0.268519
15 0.247917 0.716667 0.120312 0.023333
469 0.195833 0.744444 0.025000 0.044444
119 0.220833 0.744444 0.025000 0.044444
366 0.245833 0.744444 0.025000 0.044444
44 0.787500 0.729630 0.025000 0.044444
166 0.850000 0.606481 0.135417 0.157407
20 0.850000 0.701852 0.142188 0.023333
167 0.850000 0.498148 0.038333 0.068148
