439 0.270312 0.986111 0.149899 0.329824
535 0.357812 0.949074 0.137609 0.316375
583 0.452969 0.925926 0.124215 0.300456
283 0.547031 0.925926 0.124152 0.300376
1 0.642187 0.949074 0.137546 0.316296
90 0.729688 0.986111 0.149838 0.329746
29 0.033333 0.094444 0.037500 0.066667
37 0.070833 0.094444 0.037500 0.066667
65 0.108333 0.094444 0.037500 0.066667
4 0.145833 0.094444 0.037500 0.066667
6 0.183333 0.094444 0.037500 0.066667
130 0.220833 0.094444 0.037500 0.066667
37 0.258333 0.094444 0.037500 0.066667
36 0.295833 0.094444 0.037500 0.066667
184 0.333333 0.094444 0.037500 0.066667
132 0.370833 0.094444 0.037500 0.066667
30 0.408333 0.094444 0.037500 0.066667
91 0.445833 0.094444 0.037500 0.066667
32 0.483333 0.094444 0.037500 0.066667
32 0.520833 0.094444 0.037500 0.066667
29 0.558333 0.094444 0.037500 0.066667
5 0.595833 0.094444 0.037500 0.066667
91 0.633333 0.094444 0.037500 0.066667
185 0.334375 0.027778 0.033333 0.059259
96 0.363542 0.027778 0.033333 0.059259
10 0.392708 0.027778 0.033333 0.059259
324 0.421875 0.027778 0.033333 0.059259
13 0.451042 0.027778 0.033333 0.059259
14 0.247917 0.565741 0.114583 0.268519
15 0.247917 0.716667 0.120312 0.023333
139 0.195833 0.744444 0.025000 0.044444
80 0.220833 0.744444 0.025000 0.044444
307 0.245833 0.744444 0.025000 0.044444
78 0.782292 0.720370 0.025000 0.044444
401 0.807292 0.720370 0.025000 0.044444
601 0.850000 0.546296 0.145833 0.259259
20 0.850000 0.692593 0.153125 0.023333
167 0.850000 0.387037 0.038333 0.068148
295 0.597917 0.748148 0.025000 0.044444
138 0.622917 0.748148 0.025000 0.044444
179 0.650000 0.555556 0.114583 0.296296
20 0.650000 0.720370 0.120312 0.023333
170 0.650000 0.377778 0.038333 0.068148
