450 0.314063 0.986111 0.143917 0.323435
433 0.401563 0.953704 0.131037 0.308710
611 0.500000 0.935185 0.117188 0.291667
195 0.598437 0.953704 0.130975 0.308631
444 0.685938 0.986111 0.143855 0.323357
91 0.033333 0.094444 0.037500 0.066667
131 0.070833 0.094444 0.037500 0.066667
8 0.108333 0.094444 0.037500 0.066667
108 0.145833 0.094444 0.037500 0.066667
94 0.183333 0.094444 0.037500 0.066667
65 0.220833 0.094444 0.037500 0.066667
94 0.258333 0.094444 0.037500 0.066667
130 0.295833 0.094444 0.037500 0.066667
173 0.333333 0.094444 0.037500 0.066667
92 0.370833 0.094444 0.037500 0.066667
8 0.408333 0.094444 0.037500 0.066667
7 0.445833 0.094444 0.037500 0.066667
37 0.483333 0.094444 0.037500 0.066667
94 0.520833 0.094444 0.037500 0.066667
110 0.558333 0.094444 0.037500 0.066667
37 0.595833 0.094444 0.037500 0.066667
272 0.334375 0.027778 0.033333 0.059259
185 0.363542 0.027778 0.033333 0.059259
13 0.392708 0.027778 0.033333 0.059259
13 0.421875 0.027778 0.033333 0.059259
13 0.451042 0.027778 0.033333 0.059259
14 0.247917 0.565741 0.114583 0.268519
15 0.247917 0.716667 0.120312 0.023333
222 0.195833 0.744444 0.025000 0.044444
43 0.220833 0.744444 0.025000 0.044444
481 0.245833 0.744444 0.025000 0.044444
147 0.803125 0.729630 0.025000 0.044444
382 0.850000 0.583333 0.104167 0.203704
20 0.850000 0.701852 0.109375 0.023333
48 0.850000 0.451852 0.038333 0.068148
