603 0.270312 0.986111 0.149899 0.329824
501 0.357812 0.949074 0.137609 0.316375
453 0.452969 0.925926 0.124215 0.300456
546 0.547031 0.925926 0.124152 0.300376
217 0.642187 0.949074 0.137546 0.316296
448 0.729688 0.986111 0.149838 0.329746
48 0.033333 0.094444 0.037500 0.066667
116 0.070833 0.094444 0.037500 0.066667
97 0.108333 0.094444 0.037500 0.066667
188 0.145833 0.094444 0.037500 0.066667
77 0.183333 0.094444 0.037500 0.066667
11 0.220833 0.094444 0.037500 0.066667
98 0.258333 0.094444 0.037500 0.066667
337 0.334375 0.027778 0.033333 0.059259
121 0.363542 0.027778 0.033333 0.059259
121 0.392708 0.027778 0.033333 0.059259
142 0.421875 0.027778 0.033333 0.059259
289 0.451042 0.027778 0.033333 0.059259
14 0.247917 0.565741 0.114583 0.268519
15 0.247917 0.716667 0.120312 0.023333
447 0.195833 0.744444 0.025000 0.044444
396 0.220833 0.744444 0.025000 0.044444
105 0.758854 0.748148 0.025000 0.044444
454 0.834375 0.562500 0.161458 0.282407
23 0.834375 0.720370 0.169531 0.023333
57 0.834375 0.391667 0.038333 0.068148
143 0.526042 0.729630 0.025000 0.044444
535 0.551042 0.729630 0.025000 0.044444
477 0.576042 0.729630 0.025000 0.044444
269 0.601042 0.729630 0.025000 0.044444
294 0.644792 0.495370 0.247917 0.379630
23 0.644792 0.701852 0.260312 0.023333
61 0.644792 0.275926 0.038333 0.068148
