343 0.448594 0.925926 0.124215 0.300456
556 0.557969 0.925926 0.124152 0.300376
66 0.033333 0.094444 0.037500 0.066667
199 0.070833 0.094444 0.037500 0.066667
36 0.108333 0.094444 0.037500 0.066667
40 0.334375 0.027778 0.033333 0.059259
238 0.363542 0.027778 0.033333 0.059259
12 0.392708 0.027778 0.033333 0.059259
40 0.421875 0.027778 0.033333 0.059259
272 0.451042 0.027778 0.033333 0.059259
14 0.247917 0.565741 0.114583 0.268519
15 0.247917 0.716667 0.120312 0.023333
293 0.195833 0.744444 0.025000 0.044444
402 0.220833 0.744444 0.025000 0.044444
18 0.787500 0.720370 0.025000 0.044444
327 0.812500 0.720370 0.025000 0.044444
240 0.837500 0.720370 0.025000 0.044444
330 0.850000 0.583333 0.135417 0.185185
20 0.850000 0.692593 0.142188 0.023333
48 0.850000 0.461111 0.038333 0.068148
275 0.411979 0.740741 0.025000 0.044444
49 0.436979 0.740741 0.025000 0.044444
81 0.445833 0.626852 0.078125 0.138889
20 0.445833 0.712963 0.082031 0.023333
82 0.445833 0.527778 0.038333 0.068148
277 0.556250 0.743519 0.025000 0.044444
78 0.581250 0.743519 0.025000 0.044444
378 0.606250 0.743519 0.025000 0.044444
297 0.670833 0.583333 0.239583 0.231481
20 0.670833 0.715741 0.251562 0.023333
48 0.670833 0.437963 0.038333 0.068148
