418 0.193750 1.000000 0.149621 0.310807
477 0.259375 0.982716 0.140084 0.302077
231 0.332656 0.955556 0.129526 0.291092
457 0.412500 0.930247 0.117934 0.277839
351 0.500000 0.925926 0.105469 0.262500
475 0.587500 0.930247 0.117877 0.277768
225 0.667344 0.955556 0.129470 0.291021
649 0.740625 0.982716 0.140029 0.302007
606 0.806250 1.000000 0.149567 0.310740
131 0.033333 0.094444 0.037500 0.066667
199 0.070833 0.094444 0.037500 0.066667
30 0.108333 0.094444 0.037500 0.066667
7 0.145833 0.094444 0.037500 0.066667
34 0.183333 0.094444 0.037500 0.066667
93 0.220833 0.094444 0.037500 0.066667
6 0.258333 0.094444 0.037500 0.066667
64 0.295833 0.094444 0.037500 0.066667
199 0.333333 0.094444 0.037500 0.066667
129 0.370833 0.094444 0.037500 0.066667
36 0.408333 0.094444 0.037500 0.066667
32 0.445833 0.094444 0.037500 0.066667
173 0.483333 0.094444 0.037500 0.066667
199 0.520833 0.094444 0.037500 0.066667
28 0.558333 0.094444 0.037500 0.066667
28 0.595833 0.094444 0.037500 0.066667
145 0.334375 0.027778 0.033333 0.059259
336 0.363542 0.027778 0.033333 0.059259
13 0.392708 0.027778 0.033333 0.059259
13 0.421875 0.027778 0.033333 0.059259
13 0.451042 0.027778 0.033333 0.059259
14 0.247917 0.565741 0.114583 0.268519
15 0.247917 0.716667 0.120312 0.023333
202 0.195833 0.744444 0.025000 0.044444
415 0.220833 0.744444 0.025000 0.044444
416 0.245833 0.744444 0.025000 0.044444
156 0.387500 0.716667 0.025000 0.044444
78 0.412500 0.716667 0.025000 0.044444
242 0.437500 0.716667 0.025000 0.044444
348 0.450000 0.593518 0.135417 0.157407
20 0.450000 0.688889 0.142188 0.023333
216 0.450000 0.485185 0.038333 0.068148
44 0.611979 0.735185 0.025000 0.044444
454 0.636979 0.735185 0.025000 0.044444
524 0.661979 0.735185 0.025000 0.044444
549 0.645833 0.621296 0.078125 0.138889
20 0.645833 0.707407 0.082031 0.023333
216 0.645833 0.522222 0.038333 0.068148
369 0.766667 0.738889 0.025000 0.044444
422 0.852604 0.490741 0.182292 0.407407
20 0.852604 0.711111 0.191406 0.023333
82 0.852604 0.257407 0.038333 0.068148
