628 0.193750 1.000000 0.149621 0.310807
420 0.259375 0.982716 0.140084 0.302077
552 0.332656 0.955556 0.129526 0.291092
231 0.412500 0.930247 0.117934 0.277839
287 0.500000 0.925926 0.105469 0.262500
419 0.587500 0.930247 0.117877 0.277768
526 0.667344 0.955556 0.129470 0.291021
340 0.740625 0.982716 0.140029 0.302007
528 0.806250 1.000000 0.149567 0.310740
36 0.033333 0.094444 0.037500 0.066667
110 0.070833 0.094444 0.037500 0.066667
34 0.108333 0.094444 0.037500 0.066667
38 0.145833 0.094444 0.037500 0.066667
67 0.183333 0.094444 0.037500 0.066667
32 0.220833 0.094444 0.037500 0.066667
31 0.258333 0.094444 0.037500 0.066667
132 0.295833 0.094444 0.037500 0.066667
29 0.333333 0.094444 0.037500 0.066667
8 0.370833 0.094444 0.037500 0.066667
129 0.408333 0.094444 0.037500 0.066667
91 0.445833 0.094444 0.037500 0.066667
4 0.483333 0.094444 0.037500 0.066667
336 0.334375 0.027778 0.033333 0.059259
133 0.363542 0.027778 0.033333 0.059259
200 0.392708 0.027778 0.033333 0.059259
9 0.421875 0.027778 0.033333 0.059259
143 0.451042 0.027778 0.033333 0.059259
14 0.247917 0.565741 0.114583 0.268519
15 0.247917 0.716667 0.120312 0.023333
77 0.195833 0.744444 0.025000 0.044444
78 0.220833 0.744444 0.025000 0.044444
325 0.245833 0.744444 0.025000 0.044444
55 0.270833 0.744444 0.025000 0.044444
347 0.626562 0.740741 0.025000 0.044444
408 0.651563 0.740741 0.025000 0.044444
267 0.650000 0.594444 0.057292 0.203704
20 0.650000 0.712963 0.060156 0.023333
170 0.650000 0.462963 0.038333 0.068148
327 0.771875 0.734259 0.025000 0.044444
76 0.850000 0.495370 0.166667 0.388889
20 0.850000 0.706481 0.175000 0.023333
48 0.850000 0.271296 0.038333 0.068148
