429 0.270312 0.986111 0.149899 0.329824
351 0.357812 0.949074 0.137609 0.316375
335 0.452969 0.925926 0.124215 0.300456
232 0.547031 0.925926 0.124152 0.300376
489 0.642187 0.949074 0.137546 0.316296
354 0.729688 0.986111 0.149838 0.329746
173 0.033333 0.094444 0.037500 0.066667
29 0.070833 0.094444 0.037500 0.066667
6 0.108333 0.094444 0.037500 0.066667
110 0.145833 0.094444 0.037500 0.066667
34 0.183333 0.094444 0.037500 0.066667
108 0.220833 0.094444 0.037500 0.066667
8 0.258333 0.094444 0.037500 0.066667
4 0.295833 0.094444 0.037500 0.066667
38 0.333333 0.094444 0.037500 0.066667
4 0.370833 0.094444 0.037500 0.066667
4 0.408333 0.094444 0.037500 0.066667
5 0.445833 0.094444 0.037500 0.066667
109 0.483333 0.094444 0.037500 0.066667
66 0.520833 0.094444 0.037500 0.066667
8 0.558333 0.094444 0.037500 0.066667
36 0.595833 0.094444 0.037500 0.066667
67 0.633333 0.094444 0.037500 0.066667
8 0.670833 0.094444 0.037500 0.066667
10 0.334375 0.027778 0.033333 0.059259
11 0.363542 0.027778 0.033333 0.059259
13 0.392708 0.027778 0.033333 0.059259
13 0.421875 0.027778 0.033333 0.059259
13 0.451042 0.027778 0.033333 0.059259
14 0.247917 0.565741 0.114583 0.268519
15 0.247917 0.716667 0.120312 0.023333
165 0.195833 0.744444 0.025000 0.044444
390 0.220833 0.744444 0.025000 0.044444
135 0.245833 0.744444 0.025000 0.044444
406 0.610937 0.720681 0.025000 0.044444
608 0.650000 0.616052 0.088542 0.120370
20 0.650000 0.692903 0.092969 0.023333
82 0.650000 0.526237 0.038333 0.068148
51 0.811979 0.740741 0.025000 0.044444
435 0.836979 0.740741 0.025000 0.044444
226 0.861979 0.740741 0.025000 0.044444
99 0.886979 0.740741 0.025000 0.044444
81 0.845833 0.626852 0.078125 0.138889
20 0.845833 0.712963 0.082031 0.023333
48 0.845833 0.527778 0.038333 0.068148
