556 0.193750 1.000000 0.149621 0.310807
263 0.259375 0.982716 0.140084 0.302077
498 0.332656 0.955556 0.129526 0.291092
161 0.412500 0.930247 0.117934 0.277839
605 0.500000 0.925926 0.105469 0.262500
457 0.587500 0.930247 0.117877 0.277768
126 0.667344 0.955556 0.129470 0.291021
128 0.740625 0.982716 0.140029 0.302007
571 0.806250 1.000000 0.149567 0.310740
35 0.033333 0.094444 0.037500 0.066667
30 0.070833 0.094444 0.037500 0.066667
38 0.108333 0.094444 0.037500 0.066667
199 0.145833 0.094444 0.037500 0.066667
37 0.183333 0.094444 0.037500 0.066667
34 0.220833 0.094444 0.037500 0.066667
304 0.334375 0.027778 0.033333 0.059259
174 0.363542 0.027778 0.033333 0.059259
186 0.392708 0.027778 0.033333 0.059259
214 0.421875 0.027778 0.033333 0.059259
13 0.451042 0.027778 0.033333 0.059259
14 0.247917 0.565741 0.114583 0.268519
15 0.247917 0.716667 0.120312 0.023333
291 0.195833 0.744444 0.025000 0.044444
155 0.220833 0.744444 0.025000 0.044444
305 0.245833 0.744444 0.025000 0.044444
270 0.270833 0.744444 0.025000 0.044444
305 0.748438 0.729630 0.025000 0.044444
306 0.773438 0.729630 0.025000 0.044444
314 0.798437 0.729630 0.025000 0.044444
168 0.823438 0.729630 0.025000 0.044444
278 0.860417 0.476852 0.234375 0.416667
20 0.860417 0.701852 0.246094 0.023333
170 0.860417 0.238889 0.038333 0.068148
79 0.526042 0.729630 0.025000 0.044444
281 0.551042 0.729630 0.025000 0.044444
239 0.576042 0.729630 0.025000 0.044444
227 0.601042 0.729630 0.025000 0.044444
282 0.644792 0.495370 0.247917 0.379630
20 0.644792 0.701852 0.260312 0.023333
170 0.644792 0.275926 0.038333 0.068148
