557 0.448594 0.925926 0.124215 0.300456
364 0.557969 0.925926 0.124152 0.300376
163 0.033333 0.094444 0.037500 0.066667
129 0.070833 0.094444 0.037500 0.066667
7 0.108333 0.094444 0.037500 0.066667
92 0.145833 0.094444 0.037500 0.066667
132 0.183333 0.094444 0.037500 0.066667
110 0.220833 0.094444 0.037500 0.066667
11 0.334375 0.027778 0.033333 0.059259
145 0.363542 0.027778 0.033333 0.059259
144 0.392708 0.027778 0.033333 0.059259
10 0.421875 0.027778 0.033333 0.059259
10 0.451042 0.027778 0.033333 0.059259
14 0.247917 0.565741 0.114583 0.268519
15 0.247917 0.716667 0.120312 0.023333
378 0.195833 0.744444 0.025000 0.044444
276 0.220833 0.744444 0.025000 0.044444
120 0.245833 0.744444 0.025000 0.044444
435 0.574479 0.725926 0.025000 0.044444
481 0.599479 0.725926 0.025000 0.044444
69 0.624479 0.725926 0.025000 0.044444
293 0.649479 0.725926 0.025000 0.044444
279 0.660417 0.561111 0.182292 0.240741
20 0.660417 0.698148 0.191406 0.023333
48 0.660417 0.411111 0.038333 0.068148
326 0.766667 0.738889 0.025000 0.044444
114 0.791667 0.738889 0.025000 0.044444
422 0.852604 0.490741 0.182292 0.407407
20 0.852604 0.711111 0.191406 0.023333
48 0.852604 0.257407 0.038333 0.068148
