380 0.448594 0.925926 0.124215 0.300456
540 0.557969 0.925926 0.124152 0.300376
108 0.033333 0.094444 0.037500 0.066667
107 0.070833 0.094444 0.037500 0.066667
31 0.108333 0.094444 0.037500 0.066667
131 0.145833 0.094444 0.037500 0.066667
35 0.183333 0.094444 0.037500 0.066667
31 0.220833 0.094444 0.037500 0.066667
67 0.258333 0.094444 0.037500 0.066667
38 0.295833 0.094444 0.037500 0.066667
30 0.333333 0.094444 0.037500 0.066667
109 0.370833 0.094444 0.037500 0.066667
5 0.408333 0.094444 0.037500 0.066667
131 0.445833 0.094444 0.037500 0.066667
129 0.483333 0.094444 0.037500 0.066667
35 0.520833 0.094444 0.037500 0.066667
163 0.558333 0.094444 0.037500 0.066667
186 0.334375 0.027778 0.033333 0.059259
186 0.363542 0.027778 0.033333 0.059259
186 0.392708 0.027778 0.033333 0.059259
13 0.421875 0.027778 0.033333 0.059259
13 0.451042 0.027778 0.033333 0.059259
14 0.247917 0.565741 0.114583 0.268519
15 0.247917 0.716667 0.120312 0.023333
264 0.195833 0.744444 0.025000 0.044444
240 0.220833 0.744444 0.025000 0.044444
153 0.245833 0.744444 0.025000 0.044444
305 0.748438 0.729630 0.025000 0.044444
205 0.773438 0.729630 0.025000 0.044444
356 0.798437 0.729630 0.025000 0.044444
239 0.823438 0.729630 0.025000 0.044444
278 0.860417 0.476852 0.234375 0.416667
20 0.860417 0.701852 0.246094 0.023333
170 0.860417 0.238889 0.038333 0.068148
