259 0.193750 1.000000 0.149621 0.310807
292 0.259375 0.982716 0.140084 0.302077
181 0.332656 0.955556 0.129526 0.291092
141 0.412500 0.930247 0.117934 0.277839
293 0.500000 0.925926 0.105469 0.262500
294 0.587500 0.930247 0.117877 0.277768
295 0.667344 0.955556 0.129470 0.291021
296 0.740625 0.982716 0.140029 0.302007
297 0.806250 1.000000 0.149567 0.310740
48 0.033333 0.094444 0.037500 0.066667
44 0.070833 0.094444 0.037500 0.066667
46 0.108333 0.094444 0.037500 0.066667
19 0.145833 0.094444 0.037500 0.066667
18 0.183333 0.094444 0.037500 0.066667
144 0.220833 0.094444 0.037500 0.066667
46 0.258333 0.094444 0.037500 0.066667
49 0.295833 0.094444 0.037500 0.066667
100 0.333333 0.094444 0.037500 0.066667
49 0.370833 0.094444 0.037500 0.066667
46 0.408333 0.094444 0.037500 0.066667
46 0.445833 0.094444 0.037500 0.066667
49 0.483333 0.094444 0.037500 0.066667
20 0.520833 0.094444 0.037500 0.066667
11 0.558333 0.094444 0.037500 0.066667
76 0.595833 0.094444 0.037500 0.066667
14 0.633333 0.094444 0.037500 0.066667
15 0.670833 0.094444 0.037500 0.066667
162 0.334375 0.027778 0.033333 0.059259
23 0.363542 0.027778 0.033333 0.059259
162 0.392708 0.027778 0.033333 0.059259
23 0.421875 0.027778 0.033333 0.059259
125 0.451042 0.027778 0.033333 0.059259
25 0.247917 0.565741 0.114583 0.268519
26 0.247917 0.716667 0.120312 0.023333
150 0.195833 0.744444 0.025000 0.044444
199 0.220833 0.744444 0.025000 0.044444
171 0.245833 0.744444 0.025000 0.044444
271 0.787500 0.729630 0.025000 0.044444
298 0.812500 0.729630 0.025000 0.044444
134 0.850000 0.606481 0.135417 0.157407
32 0.850000 0.701852 0.142188 0.023333
299 0.850000 0.498148 0.038333 0.068148
