622 0.448594 0.925926 0.124215 0.300456
234 0.557969 0.925926 0.124152 0.300376
173 0.033333 0.094444 0.037500 0.066667
29 0.070833 0.094444 0.037500 0.066667
109 0.108333 0.094444 0.037500 0.066667
108 0.145833 0.094444 0.037500 0.066667
34 0.183333 0.094444 0.037500 0.066667
130 0.220833 0.094444 0.037500 0.066667
110 0.258333 0.094444 0.037500 0.066667
130 0.295833 0.094444 0.037500 0.066667
39 0.334375 0.027778 0.033333 0.059259
113 0.363542 0.027778 0.033333 0.059259
377 0.392708 0.027778 0.033333 0.059259
13 0.421875 0.027778 0.033333 0.059259
13 0.451042 0.027778 0.033333 0.059259
14 0.247917 0.565741 0.114583 0.268519
15 0.247917 0.716667 0.120312 0.023333
187 0.195833 0.744444 0.025000 0.044444
148 0.220833 0.744444 0.025000 0.044444
294 0.245833 0.744444 0.025000 0.044444
135 0.270833 0.744444 0.025000 0.044444
155 0.571875 0.724074 0.025000 0.044444
441 0.639583 0.563889 0.145833 0.231481
20 0.639583 0.696296 0.153125 0.023333
48 0.639583 0.418519 0.038333 0.068148
120 0.766667 0.738889 0.025000 0.044444
258 0.791667 0.738889 0.025000 0.044444
422 0.852604 0.490741 0.182292 0.407407
20 0.852604 0.711111 0.191406 0.023333
82 0.852604 0.257407 0.038333 0.068148
