566 0.237500 1.000000 0.155649 0.335641
310 0.314063 0.968783 0.143917 0.323435
555 0.401563 0.945767 0.131037 0.308710
523 0.500000 0.931481 0.117188 0.291667
586 0.598437 0.945767 0.130975 0.308631
142 0.685938 0.968783 0.143855 0.323357
594 0.762500 1.000000 0.155588 0.335564
30 0.033333 0.094444 0.037500 0.066667
64 0.070833 0.094444 0.037500 0.066667
173 0.108333 0.094444 0.037500 0.066667
7 0.145833 0.094444 0.037500 0.066667
34 0.183333 0.094444 0.037500 0.066667
110 0.220833 0.094444 0.037500 0.066667
6 0.258333 0.094444 0.037500 0.066667
32 0.295833 0.094444 0.037500 0.066667
34 0.333333 0.094444 0.037500 0.066667
92 0.370833 0.094444 0.037500 0.066667
64 0.408333 0.094444 0.037500 0.066667
199 0.445833 0.094444 0.037500 0.066667
8 0.483333 0.094444 0.037500 0.066667
28 0.520833 0.094444 0.037500 0.066667
5 0.558333 0.094444 0.037500 0.066667
12 0.334375 0.027778 0.033333 0.059259
304 0.363542 0.027778 0.033333 0.059259
324 0.392708 0.027778 0.033333 0.059259
143 0.421875 0.027778 0.033333 0.059259
254 0.451042 0.027778 0.033333 0.059259
14 0.247917 0.565741 0.114583 0.268519
15 0.247917 0.716667 0.120312 0.023333
408 0.195833 0.744444 0.025000 0.044444
239 0.810938 0.729630 0.025000 0.044444
204 0.835938 0.729630 0.025000 0.044444
516 0.850000 0.578704 0.088542 0.212963
20 0.850000 0.701852 0.092969 0.023333
48 0.850000 0.442593 0.038333 0.068148
178 0.553646 0.725926 0.025000 0.044444
215 0.578646 0.725926 0.025000 0.044444
455 0.603646 0.725926 0.025000 0.044444
243 0.650000 0.500926 0.203125 0.361111
20 0.650000 0.698148 0.213281 0.023333
170 0.650000 0.290741 0.038333 0.068148
101 0.356250 0.734259 0.025000 0.044444
125 0.450000 0.555556 0.197917 0.268519
20 0.450000 0.706481 0.207812 0.023333
216 0.450000 0.391667 0.038333 0.068148
