321 0.448594 0.925926 0.124215 0.300456
350 0.557969 0.925926 0.124152 0.300376
67 0.033333 0.094444 0.037500 0.066667
131 0.070833 0.094444 0.037500 0.066667
31 0.108333 0.094444 0.037500 0.066667
65 0.145833 0.094444 0.037500 0.066667
4 0.183333 0.094444 0.037500 0.066667
131 0.220833 0.094444 0.037500 0.066667
38 0.258333 0.094444 0.037500 0.066667
92 0.295833 0.094444 0.037500 0.066667
110 0.333333 0.094444 0.037500 0.066667
67 0.370833 0.094444 0.037500 0.066667
6 0.408333 0.094444 0.037500 0.066667
173 0.445833 0.094444 0.037500 0.066667
130 0.483333 0.094444 0.037500 0.066667
39 0.334375 0.027778 0.033333 0.059259
13 0.363542 0.027778 0.033333 0.059259
13 0.392708 0.027778 0.033333 0.059259
13 0.421875 0.027778 0.033333 0.059259
13 0.451042 0.027778 0.033333 0.059259
14 0.247917 0.565741 0.114583 0.268519
15 0.247917 0.716667 0.120312 0.023333
134 0.195833 0.744444 0.025000 0.044444
220 0.220833 0.744444 0.025000 0.044444
117 0.245833 0.744444 0.025000 0.044444
292 0.803125 0.743519 0.025000 0.044444
295 0.828125 0.743519 0.025000 0.044444
123 0.853125 0.743519 0.025000 0.044444
16 0.878125 0.743519 0.025000 0.044444
368 0.850000 0.555556 0.104167 0.287037
20 0.850000 0.715741 0.109375 0.023333
48 0.850000 0.382407 0.038333 0.068148
