191 0.401563 0.953704 0.131037 0.308710
374 0.500000 0.925926 0.117188 0.291667
451 0.598437 0.953704 0.130975 0.308631
65 0.033333 0.094444 0.037500 0.066667
37 0.070833 0.094444 0.037500 0.066667
37 0.108333 0.094444 0.037500 0.066667
31 0.145833 0.094444 0.037500 0.066667
108 0.183333 0.094444 0.037500 0.066667
8 0.220833 0.094444 0.037500 0.066667
6 0.258333 0.094444 0.037500 0.066667
8 0.295833 0.094444 0.037500 0.066667
29 0.333333 0.094444 0.037500 0.066667
163 0.370833 0.094444 0.037500 0.066667
37 0.408333 0.094444 0.037500 0.066667
303 0.334375 0.027778 0.033333 0.059259
13 0.363542 0.027778 0.033333 0.059259
13 0.392708 0.027778 0.033333 0.059259
13 0.421875 0.027778 0.033333 0.059259
13 0.451042 0.027778 0.033333 0.059259
14 0.247917 0.565741 0.114583 0.268519
15 0.247917 0.716667 0.120312 0.023333
369 0.195833 0.744444 0.025000 0.044444
168 0.220833 0.744444 0.025000 0.044444
164 0.758854 0.748148 0.025000 0.044444
119 0.783854 0.748148 0.025000 0.044444
470 0.834375 0.562500 0.161458 0.282407
20 0.834375 0.720370 0.169531 0.023333
170 0.834375 0.391667 0.038333 0.068148
