182 0.237500 1.000000 0.155649 0.335641
616 0.314063 0.968783 0.143917 0.323435
619 0.401563 0.945767 0.131037 0.308710
472 0.500000 0.931481 0.117188 0.291667
410 0.598437 0.945767 0.130975 0.308631
465 0.685938 0.968783 0.143855 0.323357
556 0.762500 1.000000 0.155588 0.335564
7 0.033333 0.094444 0.037500 0.066667
91 0.070833 0.094444 0.037500 0.066667
64 0.108333 0.094444 0.037500 0.066667
109 0.145833 0.094444 0.037500 0.066667
29 0.183333 0.094444 0.037500 0.066667
64 0.220833 0.094444 0.037500 0.066667
7 0.258333 0.094444 0.037500 0.066667
336 0.334375 0.027778 0.033333 0.059259
10 0.363542 0.027778 0.033333 0.059259
95 0.392708 0.027778 0.033333 0.059259
13 0.421875 0.027778 0.033333 0.059259
13 0.451042 0.027778 0.033333 0.059259
14 0.247917 0.565741 0.114583 0.268519
15 0.247917 0.716667 0.120312 0.023333
227 0.195833 0.744444 0.025000 0.044444
313 0.220833 0.744444 0.025000 0.044444
156 0.597917 0.748148 0.025000 0.044444
367 0.622917 0.748148 0.025000 0.044444
179 0.650000 0.555556 0.114583 0.296296
20 0.650000 0.720370 0.120312 0.023333
170 0.650000 0.377778 0.038333 0.068148
207 0.758854 0.725000 0.025000 0.044444
415 0.783854 0.725000 0.025000 0.044444
476 0.850000 0.523148 0.192708 0.314815
20 0.850000 0.697222 0.202344 0.023333
48 0.850000 0.336111 0.038333 0.068148
78 0.411979 0.740741 0.025000 0.044444
220 0.436979 0.740741 0.025000 0.044444
81 0.445833 0.626852 0.078125 0.138889
20 0.445833 0.712963 0.082031 0.023333
82 0.445833 0.527778 0.038333 0.068148
