261 0.270312 0.986111 0.149899 0.329824
502 0.357812 0.949074 0.137609 0.316375
288 0.452969 0.925926 0.124215 0.300456
391 0.547031 0.925926 0.124152 0.300376
548 0.642187 0.949074 0.137546 0.316296
370 0.729688 0.986111 0.149838 0.329746
67 0.033333 0.094444 0.037500 0.066667
109 0.070833 0.094444 0.037500 0.066667
31 0.108333 0.094444 0.037500 0.066667
6 0.145833 0.094444 0.037500 0.066667
30 0.183333 0.094444 0.037500 0.066667
93 0.220833 0.094444 0.037500 0.066667
132 0.258333 0.094444 0.037500 0.066667
29 0.295833 0.094444 0.037500 0.066667
111 0.334375 0.027778 0.033333 0.059259
304 0.363542 0.027778 0.033333 0.059259
112 0.392708 0.027778 0.033333 0.059259
145 0.421875 0.027778 0.033333 0.059259
13 0.451042 0.027778 0.033333 0.059259
14 0.247917 0.565741 0.114583 0.268519
15 0.247917 0.716667 0.120312 0.023333
51 0.195833 0.744444 0.025000 0.044444
264 0.220833 0.744444 0.025000 0.044444
165 0.810938 0.698223 0.025000 0.044444
448 0.850000 0.593594 0.088542 0.120370
20 0.850000 0.670445 0.092969 0.023333
170 0.850000 0.503779 0.038333 0.068148
325 0.387500 0.716667 0.025000 0.044444
168 0.412500 0.716667 0.025000 0.044444
103 0.437500 0.716667 0.025000 0.044444
293 0.462500 0.716667 0.025000 0.044444
348 0.450000 0.593518 0.135417 0.157407
20 0.450000 0.688889 0.142188 0.023333
48 0.450000 0.485185 0.038333 0.068148
104 0.556250 0.743519 0.025000 0.044444
297 0.670833 0.583333 0.239583 0.231481
20 0.670833 0.715741 0.251562 0.023333
48 0.670833 0.437963 0.038333 0.068148
