565 0.270312 0.986111 0.149899 0.329824
449 0.357812 0.949074 0.137609 0.316375
431 0.452969 0.925926 0.124215 0.300456
301 0.547031 0.925926 0.124152 0.300376
87 0.642187 0.949074 0.137546 0.316296
605 0.729688 0.986111 0.149838 0.329746
4 0.033333 0.094444 0.037500 0.066667
28 0.070833 0.094444 0.037500 0.066667
107 0.108333 0.094444 0.037500 0.066667
33 0.145833 0.094444 0.037500 0.066667
28 0.183333 0.094444 0.037500 0.066667
65 0.220833 0.094444 0.037500 0.066667
34 0.258333 0.094444 0.037500 0.066667
37 0.295833 0.094444 0.037500 0.066667
64 0.333333 0.094444 0.037500 0.066667
163 0.370833 0.094444 0.037500 0.066667
36 0.408333 0.094444 0.037500 0.066667
67 0.445833 0.094444 0.037500 0.066667
33 0.483333 0.094444 0.037500 0.066667
5 0.520833 0.094444 0.037500 0.066667
6 0.558333 0.094444 0.037500 0.066667
30 0.595833 0.094444 0.037500 0.066667
29 0.633333 0.094444 0.037500 0.066667
92 0.670833 0.094444 0.037500 0.066667
39 0.334375 0.027778 0.033333 0.059259
133 0.363542 0.027778 0.033333 0.059259
113 0.392708 0.027778 0.033333 0.059259
290 0.421875 0.027778 0.033333 0.059259
13 0.451042 0.027778 0.033333 0.059259
14 0.247917 0.565741 0.114583 0.268519
15 0.247917 0.716667 0.120312 0.023333
99 0.195833 0.744444 0.025000 0.044444
313 0.220833 0.744444 0.025000 0.044444
242 0.608333 0.725000 0.025000 0.044444
337 0.633333 0.725000 0.025000 0.044444
100 0.658333 0.725000 0.025000 0.044444
47 0.650000 0.615741 0.093750 0.129630
20 0.650000 0.697222 0.098437 0.023333
82 0.650000 0.521296 0.038333 0.068148
189 0.826563 0.740741 0.025000 0.044444
123 0.851563 0.740741 0.025000 0.044444
328 0.876562 0.740741 0.025000 0.044444
267 0.850000 0.594444 0.057292 0.203704
20 0.850000 0.712963 0.060156 0.023333
170 0.850000 0.462963 0.038333 0.068148
153 0.421354 0.731481 0.025000 0.044444
105 0.450000 0.640741 0.067708 0.092593
20 0.450000 0.703704 0.071094 0.023333
82 0.450000 0.564815 0.038333 0.068148
