427 0.351250 0.960648 0.137609 0.316375
440 0.449688 0.935185 0.124215 0.300456
589 0.550312 0.935185 0.124152 0.300376
197 0.648750 0.960648 0.137546 0.316296
184 0.033333 0.094444 0.037500 0.066667
109 0.070833 0.094444 0.037500 0.066667
108 0.108333 0.094444 0.037500 0.066667
38 0.145833 0.094444 0.037500 0.066667
28 0.183333 0.094444 0.037500 0.066667
109 0.220833 0.094444 0.037500 0.066667
6 0.258333 0.094444 0.037500 0.066667
38 0.295833 0.094444 0.037500 0.066667
108 0.333333 0.094444 0.037500 0.066667
132 0.370833 0.094444 0.037500 0.066667
107 0.408333 0.094444 0.037500 0.066667
36 0.445833 0.094444 0.037500 0.066667
131 0.483333 0.094444 0.037500 0.066667
94 0.520833 0.094444 0.037500 0.066667
38 0.558333 0.094444 0.037500 0.066667
129 0.595833 0.094444 0.037500 0.066667
254 0.334375 0.027778 0.033333 0.059259
13 0.363542 0.027778 0.033333 0.059259
13 0.392708 0.027778 0.033333 0.059259
13 0.421875 0.027778 0.033333 0.059259
13 0.451042 0.027778 0.033333 0.059259
14 0.247917 0.565741 0.114583 0.268519
15 0.247917 0.716667 0.120312 0.023333
17 0.195833 0.744444 0.025000 0.044444
378 0.220833 0.744444 0.025000 0.044444
202 0.245833 0.744444 0.025000 0.044444
366 0.270833 0.744444 0.025000 0.044444
78 0.603125 0.743519 0.025000 0.044444
368 0.650000 0.555556 0.104167 0.287037
20 0.650000 0.715741 0.109375 0.023333
48 0.650000 0.382407 0.038333 0.068148
164 0.797917 0.737037 0.025000 0.044444
415 0.822917 0.737037 0.025000 0.044444
426 0.844792 0.562963 0.104167 0.259259
20 0.844792 0.709259 0.109375 0.023333
170 0.844792 0.403704 0.038333 0.068148
