492 0.351250 0.960648 0.137609 0.316375
624 0.449688 0.935185 0.124215 0.300456
392 0.550312 0.935185 0.124152 0.300376
428 0.648750 0.960648 0.137546 0.316296
130 0.033333 0.094444 0.037500 0.066667
64 0.070833 0.094444 0.037500 0.066667
33 0.108333 0.094444 0.037500 0.066667
108 0.145833 0.094444 0.037500 0.066667
7 0.183333 0.094444 0.037500 0.066667
163 0.220833 0.094444 0.037500 0.066667
131 0.258333 0.094444 0.037500 0.066667
130 0.295833 0.094444 0.037500 0.066667
91 0.333333 0.094444 0.037500 0.066667
37 0.370833 0.094444 0.037500 0.066667
67 0.408333 0.094444 0.037500 0.066667
32 0.445833 0.094444 0.037500 0.066667
163 0.483333 0.094444 0.037500 0.066667
37 0.520833 0.094444 0.037500 0.066667
65 0.558333 0.094444 0.037500 0.066667
132 0.595833 0.094444 0.037500 0.066667
8 0.633333 0.094444 0.037500 0.066667
110 0.670833 0.094444 0.037500 0.066667
130 0.708333 0.094444 0.037500 0.066667
11 0.334375 0.027778 0.033333 0.059259
377 0.363542 0.027778 0.033333 0.059259
68 0.392708 0.027778 0.033333 0.059259
11 0.421875 0.027778 0.033333 0.059259
13 0.451042 0.027778 0.033333 0.059259
14 0.247917 0.565741 0.114583 0.268519
15 0.247917 0.716667 0.120312 0.023333
41 0.195833 0.744444 0.025000 0.044444
447 0.220833 0.744444 0.025000 0.044444
51 0.245833 0.744444 0.025000 0.044444
337 0.810938 0.729630 0.025000 0.044444
415 0.835938 0.729630 0.025000 0.044444
328 0.860937 0.729630 0.025000 0.044444
527 0.885938 0.729630 0.025000 0.044444
516 0.850000 0.578704 0.088542 0.212963
20 0.850000 0.701852 0.092969 0.023333
170 0.850000 0.442593 0.038333 0.068148
240 0.611979 0.740741 0.025000 0.044444
325 0.636979 0.740741 0.025000 0.044444
291 0.661979 0.740741 0.025000 0.044444
81 0.645833 0.626852 0.078125 0.138889
20 0.645833 0.712963 0.082031 0.023333
48 0.645833 0.527778 0.038333 0.068148
175 0.343229 0.748148 0.025000 0.044444
358 0.450000 0.537037 0.223958 0.333333
20 0.450000 0.720370 0.235156 0.023333
21 0.450000 0.340741 0.038333 0.068148
