640 0.270312 0.986111 0.149899 0.329824
308 0.357812 0.949074 0.137609 0.316375
285 0.452969 0.925926 0.124215 0.300456
288 0.547031 0.925926 0.124152 0.300376
522 0.642187 0.949074 0.137546 0.316296
636 0.729688 0.986111 0.149838 0.329746
8 0.033333 0.094444 0.037500 0.066667
184 0.070833 0.094444 0.037500 0.066667
35 0.108333 0.094444 0.037500 0.066667
131 0.145833 0.094444 0.037500 0.066667
38 0.183333 0.094444 0.037500 0.066667
94 0.220833 0.094444 0.037500 0.066667
163 0.258333 0.094444 0.037500 0.066667
39 0.334375 0.027778 0.033333 0.059259
13 0.363542 0.027778 0.033333 0.059259
13 0.392708 0.027778 0.033333 0.059259
13 0.421875 0.027778 0.033333 0.059259
13 0.451042 0.027778 0.033333 0.059259
14 0.247917 0.565741 0.114583 0.268519
15 0.247917 0.716667 0.120312 0.023333
16 0.195833 0.744444 0.025000 0.044444
296 0.220833 0.744444 0.025000 0.044444
408 0.819271 0.750926 0.025000 0.044444
277 0.844271 0.750926 0.025000 0.044444
137 0.869271 0.750926 0.025000 0.044444
281 0.894271 0.750926 0.025000 0.044444
257 0.847917 0.616667 0.067708 0.179630
20 0.847917 0.723148 0.071094 0.023333
48 0.847917 0.497222 0.038333 0.068148
276 0.608333 0.711111 0.025000 0.044444
47 0.650000 0.601852 0.093750 0.129630
20 0.650000 0.683333 0.098437 0.023333
82 0.650000 0.507407 0.038333 0.068148
118 0.340625 0.739815 0.025000 0.044444
356 0.365625 0.739815 0.025000 0.044444
273 0.390625 0.739815 0.025000 0.044444
446 0.452604 0.551852 0.234375 0.287037
20 0.452604 0.712037 0.246094 0.023333
48 0.452604 0.378704 0.038333 0.068148
