245 0.401563 0.953704 0.131037 0.308710
657 0.500000 0.925926 0.117188 0.291667
373 0.598437 0.953704 0.130975 0.308631
132 0.033333 0.094444 0.037500 0.066667
34 0.070833 0.094444 0.037500 0.066667
7 0.108333 0.094444 0.037500 0.066667
143 0.334375 0.027778 0.033333 0.059259
13 0.363542 0.027778 0.033333 0.059259
13 0.392708 0.027778 0.033333 0.059259
13 0.421875 0.027778 0.033333 0.059259
13 0.451042 0.027778 0.033333 0.059259
14 0.247917 0.565741 0.114583 0.268519
15 0.247917 0.716667 0.120312 0.023333
124 0.195833 0.744444 0.025000 0.044444
367 0.220833 0.744444 0.025000 0.044444
447 0.784896 0.641667 0.025000 0.044444
147 0.809896 0.641667 0.025000 0.044444
369 0.834896 0.641667 0.025000 0.044444
220 0.859896 0.641667 0.025000 0.044444
157 0.857813 0.416667 0.156250 0.361111
20 0.857813 0.613889 0.164063 0.023333
158 0.857813 0.206481 0.038333 0.068148
