460 0.193750 1.000000 0.149621 0.310807
538 0.259375 0.982716 0.140084 0.302077
552 0.332656 0.955556 0.129526 0.291092
646 0.412500 0.930247 0.117934 0.277839
569 0.500000 0.925926 0.105469 0.262500
320 0.587500 0.930247 0.117877 0.277768
361 0.667344 0.955556 0.129470 0.291021
24 0.740625 0.982716 0.140029 0.302007
603 0.806250 1.000000 0.149567 0.310740
8 0.033333 0.094444 0.037500 0.066667
107 0.070833 0.094444 0.037500 0.066667
28 0.108333 0.094444 0.037500 0.066667
108 0.145833 0.094444 0.037500 0.066667
173 0.183333 0.094444 0.037500 0.066667
184 0.220833 0.094444 0.037500 0.066667
92 0.258333 0.094444 0.037500 0.066667
37 0.295833 0.094444 0.037500 0.066667
9 0.334375 0.027778 0.033333 0.059259
13 0.363542 0.027778 0.033333 0.059259
13 0.392708 0.027778 0.033333 0.059259
13 0.421875 0.027778 0.033333 0.059259
13 0.451042 0.027778 0.033333 0.059259
14 0.247917 0.565741 0.114583 0.268519
15 0.247917 0.716667 0.120312 0.023333
77 0.195833 0.744444 0.025000 0.044444
100 0.220833 0.744444 0.025000 0.044444
152 0.245833 0.744444 0.025000 0.044444
416 0.270833 0.744444 0.025000 0.044444
56 0.821354 0.724074 0.025000 0.044444
524 0.846354 0.724074 0.025000 0.044444
260 0.850000 0.633333 0.067708 0.092593
20 0.850000 0.696296 0.071094 0.023333
48 0.850000 0.557407 0.038333 0.068148
347 0.558854 0.725000 0.025000 0.044444
17 0.583854 0.725000 0.025000 0.044444
476 0.650000 0.523148 0.192708 0.314815
20 0.650000 0.697222 0.202344 0.023333
48 0.650000 0.336111 0.038333 0.068148
227 0.335417 0.729630 0.025000 0.044444
208 0.450000 0.546296 0.239583 0.277778
20 0.450000 0.701852 0.251562 0.023333
48 0.450000 0.377778 0.038333 0.068148
