568 0.351250 0.960648 0.137609 0.316375
387 0.449688 0.935185 0.124215 0.300456
322 0.550312 0.935185 0.124152 0.300376
90 0.648750 0.960648 0.137546 0.316296
93 0.033333 0.094444 0.037500 0.066667
6 0.070833 0.094444 0.037500 0.066667
254 0.334375 0.027778 0.033333 0.059259
13 0.363542 0.027778 0.033333 0.059259
13 0.392708 0.027778 0.033333 0.059259
13 0.421875 0.027778 0.033333 0.059259
13 0.451042 0.027778 0.033333 0.059259
14 0.247917 0.565741 0.114583 0.268519
15 0.247917 0.716667 0.120312 0.023333
78 0.195833 0.744444 0.025000 0.044444
168 0.603125 0.729630 0.025000 0.044444
382 0.650000 0.583333 0.104167 0.203704
20 0.650000 0.701852 0.109375 0.023333
48 0.650000 0.451852 0.038333 0.068148
371 0.358854 0.748148 0.025000 0.044444
470 0.434375 0.562500 0.161458 0.282407
20 0.434375 0.720370 0.169531 0.023333
48 0.434375 0.391667 0.038333 0.068148
265 0.787500 0.720370 0.025000 0.044444
481 0.812500 0.720370 0.025000 0.044444
239 0.837500 0.720370 0.025000 0.044444
165 0.862500 0.720370 0.025000 0.044444
330 0.850000 0.583333 0.135417 0.185185
20 0.850000 0.692593 0.142188 0.023333
48 0.850000 0.461111 0.038333 0.068148
