419 0.448594 0.925926 0.124215 0.300456
350 0.557969 0.925926 0.124152 0.300376
92 0.033333 0.094444 0.037500 0.066667
91 0.070833 0.094444 0.037500 0.066667
107 0.108333 0.094444 0.037500 0.066667
131 0.145833 0.094444 0.037500 0.066667
33 0.183333 0.094444 0.037500 0.066667
35 0.220833 0.094444 0.037500 0.066667
129 0.258333 0.094444 0.037500 0.066667
37 0.295833 0.094444 0.037500 0.066667
95 0.334375 0.027778 0.033333 0.059259
238 0.363542 0.027778 0.033333 0.059259
200 0.392708 0.027778 0.033333 0.059259
13 0.421875 0.027778 0.033333 0.059259
13 0.451042 0.027778 0.033333 0.059259
14 0.247917 0.565741 0.114583 0.268519
15 0.247917 0.716667 0.120312 0.023333
136 0.195833 0.744444 0.025000 0.044444
220 0.220833 0.744444 0.025000 0.044444
135 0.245833 0.744444 0.025000 0.044444
176 0.821354 0.724074 0.025000 0.044444
469 0.846354 0.724074 0.025000 0.044444
260 0.850000 0.633333 0.067708 0.092593
20 0.850000 0.696296 0.071094 0.023333
48 0.850000 0.557407 0.038333 0.068148
469 0.540625 0.739815 0.025000 0.044444
239 0.565625 0.739815 0.025000 0.044444
446 0.652604 0.551852 0.234375 0.287037
20 0.652604 0.712037 0.246094 0.023333
167 0.652604 0.378704 0.038333 0.068148
