626 0.500000 0.925926 0.117188 0.291667
30 0.033333 0.094444 0.037500 0.066667
132 0.070833 0.094444 0.037500 0.066667
64 0.108333 0.094444 0.037500 0.066667
109 0.145833 0.094444 0.037500 0.066667
8 0.183333 0.094444 0.037500 0.066667
31 0.220833 0.094444 0.037500 0.066667
132 0.258333 0.094444 0.037500 0.066667
66 0.295833 0.094444 0.037500 0.066667
67 0.333333 0.094444 0.037500 0.066667
163 0.370833 0.094444 0.037500 0.066667
33 0.408333 0.094444 0.037500 0.066667
131 0.445833 0.094444 0.037500 0.066667
29 0.483333 0.094444 0.037500 0.066667
129 0.520833 0.094444 0.037500 0.066667
31 0.558333 0.094444 0.037500 0.066667
67 0.595833 0.094444 0.037500 0.066667
94 0.633333 0.094444 0.037500 0.066667
144 0.334375 0.027778 0.033333 0.059259
13 0.363542 0.027778 0.033333 0.059259
13 0.392708 0.027778 0.033333 0.059259
13 0.421875 0.027778 0.033333 0.059259
13 0.451042 0.027778 0.033333 0.059259
14 0.247917 0.565741 0.114583 0.268519
15 0.247917 0.716667 0.120312 0.023333
276 0.195833 0.744444 0.025000 0.044444
371 0.558854 0.748148 0.025000 0.044444
470 0.634375 0.562500 0.161458 0.282407
20 0.634375 0.720370 0.169531 0.023333
170 0.634375 0.391667 0.038333 0.068148
369 0.771875 0.734259 0.025000 0.044444
104 0.796875 0.734259 0.025000 0.044444
76 0.850000 0.495370 0.166667 0.388889
20 0.850000 0.706481 0.175000 0.023333
48 0.850000 0.271296 0.038333 0.068148
