546 0.270312 0.986111 0.149899 0.329824
311 0.357812 0.949074 0.137609 0.316375
333 0.452969 0.925926 0.124215 0.300456
318 0.547031 0.925926 0.124152 0.300376
345 0.642187 0.949074 0.137546 0.316296
362 0.729688 0.986111 0.149838 0.329746
92 0.033333 0.094444 0.037500 0.066667
173 0.070833 0.094444 0.037500 0.066667
132 0.108333 0.094444 0.037500 0.066667
132 0.145833 0.094444 0.037500 0.066667
64 0.183333 0.094444 0.037500 0.066667
108 0.220833 0.094444 0.037500 0.066667
29 0.258333 0.094444 0.037500 0.066667
65 0.295833 0.094444 0.037500 0.066667
173 0.333333 0.094444 0.037500 0.066667
290 0.334375 0.027778 0.033333 0.059259
112 0.363542 0.027778 0.033333 0.059259
238 0.392708 0.027778 0.033333 0.059259
111 0.421875 0.027778 0.033333 0.059259
290 0.451042 0.027778 0.033333 0.059259
14 0.247917 0.565741 0.114583 0.268519
15 0.247917 0.716667 0.120312 0.023333
241 0.195833 0.744444 0.025000 0.044444
152 0.220833 0.744444 0.025000 0.044444
425 0.245833 0.744444 0.025000 0.044444
406 0.408333 0.706481 0.025000 0.044444
47 0.450000 0.597222 0.093750 0.129630
20 0.450000 0.678704 0.098437 0.023333
82 0.450000 0.502778 0.038333 0.068148
175 0.771875 0.734259 0.025000 0.044444
390 0.796875 0.734259 0.025000 0.044444
164 0.821875 0.734259 0.025000 0.044444
227 0.846875 0.734259 0.025000 0.044444
149 0.850000 0.587963 0.166667 0.203704
20 0.850000 0.706481 0.175000 0.023333
150 0.850000 0.456481 0.038333 0.068148
469 0.582812 0.734259 0.025000 0.044444
146 0.607813 0.734259 0.025000 0.044444
485 0.642708 0.537037 0.130208 0.305556
20 0.642708 0.706481 0.136719 0.023333
72 0.642708 0.354630 0.038333 0.068148
