236 0.270312 0.986111 0.149899 0.329824
577 0.357812 0.949074 0.137609 0.316375
519 0.452969 0.925926 0.124215 0.300456
62 0.547031 0.925926 0.124152 0.300376
404 0.642187 0.949074 0.137546 0.316296
509 0.729688 0.986111 0.149838 0.329746
35 0.033333 0.094444 0.037500 0.066667
37 0.070833 0.094444 0.037500 0.066667
32 0.108333 0.094444 0.037500 0.066667
163 0.145833 0.094444 0.037500 0.066667
199 0.183333 0.094444 0.037500 0.066667
8 0.220833 0.094444 0.037500 0.066667
184 0.258333 0.094444 0.037500 0.066667
4 0.295833 0.094444 0.037500 0.066667
4 0.333333 0.094444 0.037500 0.066667
7 0.370833 0.094444 0.037500 0.066667
131 0.408333 0.094444 0.037500 0.066667
67 0.445833 0.094444 0.037500 0.066667
28 0.483333 0.094444 0.037500 0.066667
107 0.520833 0.094444 0.037500 0.066667
33 0.558333 0.094444 0.037500 0.066667
355 0.334375 0.027778 0.033333 0.059259
13 0.363542 0.027778 0.033333 0.059259
13 0.392708 0.027778 0.033333 0.059259
13 0.421875 0.027778 0.033333 0.059259
13 0.451042 0.027778 0.033333 0.059259
14 0.247917 0.565741 0.114583 0.268519
15 0.247917 0.716667 0.120312 0.023333
55 0.195833 0.744444 0.025000 0.044444
205 0.220833 0.744444 0.025000 0.044444
97 0.810938 0.729630 0.025000 0.044444
226 0.835938 0.729630 0.025000 0.044444
115 0.860937 0.729630 0.025000 0.044444
406 0.885938 0.729630 0.025000 0.044444
516 0.850000 0.578704 0.088542 0.212963
20 0.850000 0.701852 0.092969 0.023333
170 0.850000 0.442593 0.038333 0.068148
75 0.611979 0.740741 0.025000 0.044444
401 0.636979 0.740741 0.025000 0.044444
18 0.661979 0.740741 0.025000 0.044444
220 0.686979 0.740741 0.025000 0.044444
81 0.645833 0.626852 0.078125 0.138889
20 0.645833 0.712963 0.082031 0.023333
82 0.645833 0.527778 0.038333 0.068148
