181 0.401563 0.953704 0.131037 0.308710
641 0.500000 0.925926 0.117188 0.291667
232 0.598437 0.953704 0.130975 0.308631
66 0.033333 0.094444 0.037500 0.066667
272 0.334375 0.027778 0.033333 0.059259
39 0.363542 0.027778 0.033333 0.059259
13 0.392708 0.027778 0.033333 0.059259
13 0.421875 0.027778 0.033333 0.059259
13 0.451042 0.027778 0.033333 0.059259
14 0.247917 0.565741 0.114583 0.268519
15 0.247917 0.716667 0.120312 0.023333
98 0.195833 0.744444 0.025000 0.044444
227 0.823958 0.706481 0.025000 0.044444
276 0.848958 0.706481 0.025000 0.044444
71 0.850000 0.569444 0.062500 0.185185
20 0.850000 0.678704 0.065625 0.023333
72 0.850000 0.447222 0.038333 0.068148
