25 0.500000 0.925926 0.117188 0.291667
7 0.033333 0.094444 0.037500 0.066667
31 0.070833 0.094444 0.037500 0.066667
163 0.108333 0.094444 0.037500 0.066667
131 0.145833 0.094444 0.037500 0.066667
38 0.183333 0.094444 0.037500 0.066667
31 0.220833 0.094444 0.037500 0.066667
67 0.258333 0.094444 0.037500 0.066667
94 0.295833 0.094444 0.037500 0.066667
130 0.333333 0.094444 0.037500 0.066667
29 0.370833 0.094444 0.037500 0.066667
94 0.408333 0.094444 0.037500 0.066667
290 0.334375 0.027778 0.033333 0.059259
186 0.363542 0.027778 0.033333 0.059259
40 0.392708 0.027778 0.033333 0.059259
96 0.421875 0.027778 0.033333 0.059259
13 0.451042 0.027778 0.033333 0.059259
14 0.247917 0.565741 0.114583 0.268519
15 0.247917 0.716667 0.120312 0.023333
138 0.195833 0.744444 0.025000 0.044444
177 0.220833 0.744444 0.025000 0.044444
97 0.245833 0.744444 0.025000 0.044444
220 0.608333 0.711111 0.025000 0.044444
294 0.633333 0.711111 0.025000 0.044444
123 0.658333 0.711111 0.025000 0.044444
228 0.683333 0.711111 0.025000 0.044444
47 0.650000 0.601852 0.093750 0.129630
20 0.650000 0.683333 0.098437 0.023333
48 0.650000 0.507407 0.038333 0.068148
188 0.787500 0.716667 0.025000 0.044444
328 0.812500 0.716667 0.025000 0.044444
18 0.837500 0.716667 0.025000 0.044444
348 0.850000 0.593518 0.135417 0.157407
20 0.850000 0.688889 0.142188 0.023333
216 0.850000 0.485185 0.038333 0.068148
