451 0.270312 0.986111 0.149899 0.329824
626 0.357812 0.949074 0.137609 0.316375
607 0.452969 0.925926 0.124215 0.300456
491 0.547031 0.925926 0.124152 0.300376
380 0.642187 0.949074 0.137546 0.316296
489 0.729688 0.986111 0.149838 0.329746
107 0.033333 0.094444 0.037500 0.066667
4 0.070833 0.094444 0.037500 0.066667
33 0.108333 0.094444 0.037500 0.066667
4 0.145833 0.094444 0.037500 0.066667
66 0.183333 0.094444 0.037500 0.066667
163 0.220833 0.094444 0.037500 0.066667
107 0.258333 0.094444 0.037500 0.066667
34 0.295833 0.094444 0.037500 0.066667
110 0.333333 0.094444 0.037500 0.066667
254 0.334375 0.027778 0.033333 0.059259
11 0.363542 0.027778 0.033333 0.059259
13 0.392708 0.027778 0.033333 0.059259
13 0.421875 0.027778 0.033333 0.059259
13 0.451042 0.027778 0.033333 0.059259
14 0.247917 0.565741 0.114583 0.268519
15 0.247917 0.716667 0.120312 0.023333
75 0.195833 0.744444 0.025000 0.044444
481 0.220833 0.744444 0.025000 0.044444
240 0.245833 0.744444 0.025000 0.044444
305 0.408333 0.725000 0.025000 0.044444
168 0.433333 0.725000 0.025000 0.044444
401 0.458333 0.725000 0.025000 0.044444
47 0.450000 0.615741 0.093750 0.129630
20 0.450000 0.697222 0.098437 0.023333
48 0.450000 0.521296 0.038333 0.068148
205 0.571875 0.734259 0.025000 0.044444
69 0.596875 0.734259 0.025000 0.044444
77 0.621875 0.734259 0.025000 0.044444
149 0.650000 0.587963 0.166667 0.203704
20 0.650000 0.706481 0.175000 0.023333
150 0.650000 0.456481 0.038333 0.068148
227 0.766667 0.738889 0.025000 0.044444
422 0.852604 0.490741 0.182292 0.407407
20 0.852604 0.711111 0.191406 0.023333
82 0.852604 0.257407 0.038333 0.068148
