562 0.270312 0.986111 0.149899 0.329824
437 0.357812 0.949074 0.137609 0.316375
194 0.452969 0.925926 0.124215 0.300456
638 0.547031 0.925926 0.124152 0.300376
427 0.642187 0.949074 0.137546 0.316296
400 0.729688 0.986111 0.149838 0.329746
29 0.033333 0.094444 0.037500 0.066667
108 0.070833 0.094444 0.037500 0.066667
65 0.108333 0.094444 0.037500 0.066667
5 0.145833 0.094444 0.037500 0.066667
129 0.183333 0.094444 0.037500 0.066667
290 0.334375 0.027778 0.033333 0.059259
40 0.363542 0.027778 0.033333 0.059259
111 0.392708 0.027778 0.033333 0.059259
272 0.421875 0.027778 0.033333 0.059259
13 0.451042 0.027778 0.033333 0.059259
14 0.247917 0.565741 0.114583 0.268519
15 0.247917 0.716667 0.120312 0.023333
134 0.195833 0.744444 0.025000 0.044444
258 0.220833 0.744444 0.025000 0.044444
415 0.245833 0.744444 0.025000 0.044444
239 0.735417 0.729630 0.025000 0.044444
16 0.760417 0.729630 0.025000 0.044444
77 0.785417 0.729630 0.025000 0.044444
208 0.850000 0.546296 0.239583 0.277778
20 0.850000 0.701852 0.251562 0.023333
48 0.850000 0.377778 0.038333 0.068148
