334 0.500000 0.925926 0.117188 0.291667
108 0.033333 0.094444 0.037500 0.066667
36 0.070833 0.094444 0.037500 0.066667
130 0.108333 0.094444 0.037500 0.066667
65 0.145833 0.094444 0.037500 0.066667
272 0.334375 0.027778 0.033333 0.059259
68 0.363542 0.027778 0.033333 0.059259
13 0.392708 0.027778 0.033333 0.059259
13 0.421875 0.027778 0.033333 0.059259
13 0.451042 0.027778 0.033333 0.059259
14 0.247917 0.565741 0.114583 0.268519
15 0.247917 0.716667 0.120312 0.023333
220 0.195833 0.744444 0.025000 0.044444
153 0.220833 0.744444 0.025000 0.044444
103 0.787500 0.729630 0.025000 0.044444
222 0.812500 0.729630 0.025000 0.044444
347 0.837500 0.729630 0.025000 0.044444
166 0.850000 0.606481 0.135417 0.157407
20 0.850000 0.701852 0.142188 0.023333
331 0.850000 0.498148 0.038333 0.068148
78 0.621354 0.724074 0.025000 0.044444
260 0.650000 0.633333 0.067708 0.092593
20 0.650000 0.696296 0.071094 0.023333
48 0.650000 0.557407 0.038333 0.068148
