657 0.237500 1.000000 0.155649 0.335641
474 0.314063 0.968783 0.143917 0.323435
209 0.401563 0.945767 0.131037 0.308710
428 0.500000 0.931481 0.117188 0.291667
106 0.598437 0.945767 0.130975 0.308631
573 0.685938 0.968783 0.143855 0.323357
560 0.762500 1.000000 0.155588 0.335564
108 0.033333 0.094444 0.037500 0.066667
64 0.070833 0.094444 0.037500 0.066667
129 0.108333 0.094444 0.037500 0.066667
199 0.145833 0.094444 0.037500 0.066667
10 0.334375 0.027778 0.033333 0.059259
214 0.363542 0.027778 0.033333 0.059259
304 0.392708 0.027778 0.033333 0.059259
254 0.421875 0.027778 0.033333 0.059259
13 0.451042 0.027778 0.033333 0.059259
14 0.247917 0.565741 0.114583 0.268519
15 0.247917 0.716667 0.120312 0.023333
273 0.195833 0.744444 0.025000 0.044444
18 0.220833 0.744444 0.025000 0.044444
77 0.245833 0.744444 0.025000 0.044444
256 0.787500 0.716667 0.025000 0.044444
390 0.812500 0.716667 0.025000 0.044444
348 0.850000 0.593518 0.135417 0.157407
20 0.850000 0.688889 0.142188 0.023333
48 0.850000 0.485185 0.038333 0.068148
69 0.605729 0.738889 0.025000 0.044444
329 0.647396 0.564815 0.093750 0.259259
20 0.647396 0.711111 0.098437 0.023333
21 0.647396 0.405556 0.038333 0.068148
