345 0.182812 1.000000 0.145411 0.296825
505 0.237500 0.976852 0.136936 0.289694
180 0.303125 0.951852 0.127414 0.280350
198 0.379687 0.928704 0.116968 0.268919
641 0.456250 0.921296 0.105583 0.255387
361 0.543750 0.921296 0.105530 0.255319
604 0.620313 0.928704 0.116914 0.268851
284 0.696875 0.951852 0.127362 0.280284
570 0.762500 0.976852 0.136885 0.289630
247 0.817187 1.000000 0.145376 0.296799
132 0.033333 0.094444 0.037500 0.066667
66 0.070833 0.094444 0.037500 0.066667
31 0.108333 0.094444 0.037500 0.066667
35 0.145833 0.094444 0.037500 0.066667
91 0.183333 0.094444 0.037500 0.066667
29 0.220833 0.094444 0.037500 0.066667
107 0.258333 0.094444 0.037500 0.066667
29 0.295833 0.094444 0.037500 0.066667
64 0.333333 0.094444 0.037500 0.066667
132 0.370833 0.094444 0.037500 0.066667
109 0.408333 0.094444 0.037500 0.066667
28 0.445833 0.094444 0.037500 0.066667
37 0.483333 0.094444 0.037500 0.066667
107 0.520833 0.094444 0.037500 0.066667
36 0.558333 0.094444 0.037500 0.066667
111 0.334375 0.027778 0.033333 0.059259
13 0.363542 0.027778 0.033333 0.059259
13 0.392708 0.027778 0.033333 0.059259
13 0.421875 0.027778 0.033333 0.059259
13 0.451042 0.027778 0.033333 0.059259
14 0.247917 0.565741 0.114583 0.268519
15 0.247917 0.716667 0.120312 0.023333
51 0.195833 0.744444 0.025000 0.044444
239 0.220833 0.744444 0.025000 0.044444
269 0.245833 0.744444 0.025000 0.044444
205 0.577083 0.729630 0.025000 0.044444
464 0.650000 0.601852 0.156250 0.166667
20 0.650000 0.701852 0.164063 0.023333
48 0.650000 0.488889 0.038333 0.068148
524 0.803125 0.729630 0.025000 0.044444
382 0.850000 0.583333 0.104167 0.203704
20 0.850000 0.701852 0.109375 0.023333
48 0.850000 0.451852 0.038333 0.068148
