364 0.500000 0.925926 0.117188 0.291667
4 0.033333 0.094444 0.037500 0.066667
132 0.070833 0.094444 0.037500 0.066667
130 0.108333 0.094444 0.037500 0.066667
110 0.145833 0.094444 0.037500 0.066667
29 0.183333 0.094444 0.037500 0.066667
173 0.220833 0.094444 0.037500 0.066667
28 0.258333 0.094444 0.037500 0.066667
33 0.295833 0.094444 0.037500 0.066667
109 0.333333 0.094444 0.037500 0.066667
92 0.370833 0.094444 0.037500 0.066667
38 0.408333 0.094444 0.037500 0.066667
31 0.445833 0.094444 0.037500 0.066667
4 0.483333 0.094444 0.037500 0.066667
108 0.520833 0.094444 0.037500 0.066667
32 0.558333 0.094444 0.037500 0.066667
112 0.334375 0.027778 0.033333 0.059259
13 0.363542 0.027778 0.033333 0.059259
13 0.392708 0.027778 0.033333 0.059259
13 0.421875 0.027778 0.033333 0.059259
13 0.451042 0.027778 0.033333 0.059259
14 0.247917 0.565741 0.114583 0.268519
15 0.247917 0.716667 0.120312 0.023333
455 0.195833 0.744444 0.025000 0.044444
295 0.220833 0.744444 0.025000 0.044444
390 0.746875 0.729630 0.025000 0.044444
137 0.771875 0.729630 0.025000 0.044444
227 0.796875 0.729630 0.025000 0.044444
100 0.821875 0.729630 0.025000 0.044444
121 0.865625 0.495370 0.247917 0.379630
20 0.865625 0.701852 0.260312 0.023333
216 0.865625 0.275926 0.038333 0.068148
