494 0.401563 0.953704 0.131037 0.308710
403 0.500000 0.925926 0.117188 0.291667
636 0.598437 0.953704 0.130975 0.308631
184 0.033333 0.094444 0.037500 0.066667
64 0.070833 0.094444 0.037500 0.066667
32 0.108333 0.094444 0.037500 0.066667
129 0.145833 0.094444 0.037500 0.066667
29 0.183333 0.094444 0.037500 0.066667
35 0.220833 0.094444 0.037500 0.066667
94 0.258333 0.094444 0.037500 0.066667
95 0.334375 0.027778 0.033333 0.059259
111 0.363542 0.027778 0.033333 0.059259
13 0.392708 0.027778 0.033333 0.059259
13 0.421875 0.027778 0.033333 0.059259
13 0.451042 0.027778 0.033333 0.059259
14 0.247917 0.565741 0.114583 0.268519
15 0.247917 0.716667 0.120312 0.023333
220 0.195833 0.744444 0.025000 0.044444
425 0.220833 0.744444 0.025000 0.044444
292 0.608333 0.725000 0.025000 0.044444
47 0.650000 0.615741 0.093750 0.129630
20 0.650000 0.697222 0.098437 0.023333
48 0.650000 0.521296 0.038333 0.068148
270 0.803125 0.743519 0.025000 0.044444
371 0.828125 0.743519 0.025000 0.044444
328 0.853125 0.743519 0.025000 0.044444
74 0.878125 0.743519 0.025000 0.044444
368 0.850000 0.555556 0.104167 0.287037
20 0.850000 0.715741 0.109375 0.023333
48 0.850000 0.382407 0.038333 0.068148
