581 0.193750 1.000000 0.149621 0.310807
475 0.259375 0.982716 0.140084 0.302077
367 0.332656 0.955556 0.129526 0.291092
501 0.412500 0.930247 0.117934 0.277839
512 0.500000 0.925926 0.105469 0.262500
67 0.587500 0.930247 0.117877 0.277768
491 0.667344 0.955556 0.129470 0.291021
482 0.740625 0.982716 0.140029 0.302007
5 0.806250 1.000000 0.149567 0.310740
44 0.033333 0.094444 0.037500 0.066667
188 0.070833 0.094444 0.037500 0.066667
116 0.108333 0.094444 0.037500 0.066667
164 0.145833 0.094444 0.037500 0.066667
76 0.183333 0.094444 0.037500 0.066667
261 0.220833 0.094444 0.037500 0.066667
137 0.258333 0.094444 0.037500 0.066667
99 0.295833 0.094444 0.037500 0.066667
40 0.333333 0.094444 0.037500 0.066667
42 0.370833 0.094444 0.037500 0.066667
46 0.408333 0.094444 0.037500 0.066667
101 0.334375 0.027778 0.033333 0.059259
289 0.363542 0.027778 0.033333 0.059259
13 0.392708 0.027778 0.033333 0.059259
13 0.421875 0.027778 0.033333 0.059259
13 0.451042 0.027778 0.033333 0.059259
14 0.247917 0.565741 0.114583 0.268519
15 0.247917 0.716667 0.120312 0.023333
477 0.195833 0.744444 0.025000 0.044444
170 0.808333 0.711111 0.025000 0.044444
84 0.850000 0.523148 0.093750 0.287037
23 0.850000 0.683333 0.098437 0.023333
61 0.850000 0.350000 0.038333 0.068148
248 0.582812 0.734259 0.025000 0.044444
324 0.607813 0.734259 0.025000 0.044444
59 0.632813 0.734259 0.025000 0.044444
270 0.657812 0.734259 0.025000 0.044444
60 0.642708 0.537037 0.130208 0.305556
23 0.642708 0.706481 0.136719 0.023333
196 0.642708 0.354630 0.038333 0.068148
