25 0.401563 0.953704 0.131037 0.308710
439 0.500000 0.925926 0.117188 0.291667
614 0.598437 0.953704 0.130975 0.308631
65 0.033333 0.094444 0.037500 0.066667
33 0.070833 0.094444 0.037500 0.066667
67 0.108333 0.094444 0.037500 0.066667
94 0.145833 0.094444 0.037500 0.066667
37 0.183333 0.094444 0.037500 0.066667
7 0.220833 0.094444 0.037500 0.066667
304 0.334375 0.027778 0.033333 0.059259
254 0.363542 0.027778 0.033333 0.059259
303 0.392708 0.027778 0.033333 0.059259
112 0.421875 0.027778 0.033333 0.059259
13 0.451042 0.027778 0.033333 0.059259
14 0.247917 0.565741 0.114583 0.268519
15 0.247917 0.716667 0.120312 0.023333
222 0.195833 0.744444 0.025000 0.044444
78 0.610937 0.720681 0.025000 0.044444
119 0.635938 0.720681 0.025000 0.044444
608 0.650000 0.616052 0.088542 0.120370
20 0.650000 0.692903 0.092969 0.023333
82 0.650000 0.526237 0.038333 0.068148
483 0.364062 0.751852 0.025000 0.044444
118 0.389062 0.751852 0.025000 0.044444
328 0.414063 0.751852 0.025000 0.044444
590 0.450000 0.540741 0.182292 0.333333
20 0.450000 0.724074 0.191406 0.023333
48 0.450000 0.344444 0.038333 0.068148
46 0.735417 0.729630 0.025000 0.044444
307 0.760417 0.729630 0.025000 0.044444
208 0.850000 0.546296 0.239583 0.277778
20 0.850000 0.701852 0.251562 0.023333
48 0.850000 0.377778 0.038333 0.068148
