583 0.237500 1.000000 0.155649 0.335641
172 0.314063 0.968783 0.143917 0.323435
127 0.401563 0.945767 0.131037 0.308710
584 0.500000 0.931481 0.117188 0.291667
436 0.598437 0.945767 0.130975 0.308631
192 0.685938 0.968783 0.143855 0.323357
88 0.762500 1.000000 0.155588 0.335564
132 0.033333 0.094444 0.037500 0.066667
131 0.070833 0.094444 0.037500 0.066667
65 0.108333 0.094444 0.037500 0.066667
145 0.334375 0.027778 0.033333 0.059259
96 0.363542 0.027778 0.033333 0.059259
174 0.392708 0.027778 0.033333 0.059259
200 0.421875 0.027778 0.033333 0.059259
95 0.451042 0.027778 0.033333 0.059259
14 0.247917 0.565741 0.114583 0.268519
15 0.247917 0.716667 0.120312 0.023333
189 0.195833 0.744444 0.025000 0.044444
120 0.220833 0.744444 0.025000 0.044444
122 0.245833 0.744444 0.025000 0.044444
100 0.270833 0.744444 0.025000 0.044444
226 0.584896 0.738889 0.025000 0.044444
415 0.609896 0.738889 0.025000 0.044444
325 0.634896 0.738889 0.025000 0.044444
53 0.650000 0.509259 0.140625 0.370370
20 0.650000 0.711111 0.147656 0.023333
331 0.650000 0.294444 0.038333 0.068148
415 0.351042 0.743519 0.025000 0.044444
136 0.376042 0.743519 0.025000 0.044444
338 0.450000 0.509259 0.208333 0.379630
20 0.450000 0.715741 0.218750 0.023333
48 0.450000 0.289815 0.038333 0.068148
481 0.756250 0.743519 0.025000 0.044444
295 0.781250 0.743519 0.025000 0.044444
51 0.806250 0.743519 0.025000 0.044444
297 0.870833 0.583333 0.239583 0.231481
20 0.870833 0.715741 0.251562 0.023333
48 0.870833 0.437963 0.038333 0.068148
