495 0.237500 1.000000 0.155649 0.335641
510 0.314063 0.968783 0.143917 0.323435
24 0.401563 0.945767 0.131037 0.308710
432 0.500000 0.931481 0.117188 0.291667
374 0.598437 0.945767 0.130975 0.308631
23 0.685938 0.968783 0.143855 0.323357
309 0.762500 1.000000 0.155588 0.335564
65 0.033333 0.094444 0.037500 0.066667
6 0.070833 0.094444 0.037500 0.066667
185 0.334375 0.027778 0.033333 0.059259
39 0.363542 0.027778 0.033333 0.059259
13 0.392708 0.027778 0.033333 0.059259
13 0.421875 0.027778 0.033333 0.059259
13 0.451042 0.027778 0.033333 0.059259
14 0.247917 0.565741 0.114583 0.268519
15 0.247917 0.716667 0.120312 0.023333
188 0.195833 0.744444 0.025000 0.044444
222 0.220833 0.744444 0.025000 0.044444
337 0.245833 0.744444 0.025000 0.044444
18 0.270833 0.744444 0.025000 0.044444
371 0.410937 0.698223 0.025000 0.044444
469 0.435937 0.698223 0.025000 0.044444
448 0.450000 0.593594 0.088542 0.120370
20 0.450000 0.670445 0.092969 0.023333
48 0.450000 0.503779 0.038333 0.068148
296 0.548437 0.729630 0.025000 0.044444
264 0.573438 0.729630 0.025000 0.044444
327 0.598437 0.729630 0.025000 0.044444
278 0.660417 0.476852 0.234375 0.416667
20 0.660417 0.701852 0.246094 0.023333
170 0.660417 0.238889 0.038333 0.068148
17 0.751042 0.731481 0.025000 0.044444
406 0.776042 0.731481 0.025000 0.044444
19 0.850000 0.525000 0.208333 0.324074
20 0.850000 0.703704 0.218750 0.023333
21 0.850000 0.333333 0.038333 0.068148
