252 0.193750 1.000000 0.149621 0.310807
351 0.259375 0.982716 0.140084 0.302077
508 0.332656 0.955556 0.129526 0.291092
433 0.412500 0.930247 0.117934 0.277839
641 0.500000 0.925926 0.105469 0.262500
507 0.587500 0.930247 0.117877 0.277768
23 0.667344 0.955556 0.129470 0.291021
63 0.740625 0.982716 0.140029 0.302007
410 0.806250 1.000000 0.149567 0.310740
37 0.033333 0.094444 0.037500 0.066667
66 0.070833 0.094444 0.037500 0.066667
30 0.108333 0.094444 0.037500 0.066667
131 0.145833 0.094444 0.037500 0.066667
377 0.334375 0.027778 0.033333 0.059259
112 0.363542 0.027778 0.033333 0.059259
13 0.392708 0.027778 0.033333 0.059259
13 0.421875 0.027778 0.033333 0.059259
13 0.451042 0.027778 0.033333 0.059259
14 0.247917 0.565741 0.114583 0.268519
15 0.247917 0.716667 0.120312 0.023333
46 0.195833 0.744444 0.025000 0.044444
78 0.220833 0.744444 0.025000 0.044444
369 0.245833 0.744444 0.025000 0.044444
226 0.842188 0.728704 0.025000 0.044444
177 0.867188 0.728704 0.025000 0.044444
98 0.892187 0.728704 0.025000 0.044444
18 0.917188 0.728704 0.025000 0.044444
396 0.870833 0.600926 0.067708 0.166667
20 0.870833 0.700926 0.071094 0.023333
158 0.870833 0.487963 0.038333 0.068148
156 0.611979 0.724074 0.025000 0.044444
202 0.636979 0.724074 0.025000 0.044444
116 0.661979 0.724074 0.025000 0.044444
315 0.645833 0.610185 0.078125 0.138889
20 0.645833 0.696296 0.082031 0.023333
48 0.645833 0.511111 0.038333 0.068148
