197 0.314063 0.986111 0.143917 0.323435
578 0.401563 0.953704 0.131037 0.308710
86 0.500000 0.935185 0.117188 0.291667
302 0.598437 0.953704 0.130975 0.308631
159 0.685938 0.986111 0.143855 0.323357
33 0.033333 0.094444 0.037500 0.066667
91 0.070833 0.094444 0.037500 0.066667
33 0.108333 0.094444 0.037500 0.066667
36 0.145833 0.094444 0.037500 0.066667
109 0.183333 0.094444 0.037500 0.066667
238 0.334375 0.027778 0.033333 0.059259
68 0.363542 0.027778 0.033333 0.059259
272 0.392708 0.027778 0.033333 0.059259
111 0.421875 0.027778 0.033333 0.059259
13 0.451042 0.027778 0.033333 0.059259
14 0.247917 0.565741 0.114583 0.268519
15 0.247917 0.716667 0.120312 0.023333
408 0.195833 0.744444 0.025000 0.044444
406 0.220833 0.744444 0.025000 0.044444
425 0.823958 0.706481 0.025000 0.044444
70 0.848958 0.706481 0.025000 0.044444
71 0.850000 0.569444 0.062500 0.185185
20 0.850000 0.678704 0.065625 0.023333
72 0.850000 0.447222 0.038333 0.068148
50 0.584896 0.641667 0.025000 0.044444
347 0.609896 0.641667 0.025000 0.044444
157 0.657812 0.416667 0.156250 0.361111
20 0.657812 0.613889 0.164063 0.023333
158 0.657812 0.206481 0.038333 0.068148
454 0.411979 0.735185 0.025000 0.044444
549 0.445833 0.621296 0.078125 0.138889
20 0.445833 0.707407 0.082031 0.023333
48 0.445833 0.522222 0.038333 0.068148
