3 0.500000 0.925926 0.117188 0.291667
173 0.033333 0.094444 0.037500 0.066667
92 0.070833 0.094444 0.037500 0.066667
132 0.108333 0.094444 0.037500 0.066667
107 0.145833 0.094444 0.037500 0.066667
29 0.183333 0.094444 0.037500 0.066667
381 0.334375 0.027778 0.033333 0.059259
144 0.363542 0.027778 0.033333 0.059259
336 0.392708 0.027778 0.033333 0.059259
13 0.421875 0.027778 0.033333 0.059259
13 0.451042 0.027778 0.033333 0.059259
14 0.247917 0.565741 0.114583 0.268519
15 0.247917 0.716667 0.120312 0.023333
74 0.195833 0.744444 0.025000 0.044444
367 0.220833 0.744444 0.025000 0.044444
406 0.245833 0.744444 0.025000 0.044444
178 0.808333 0.725000 0.025000 0.044444
47 0.850000 0.615741 0.093750 0.129630
20 0.850000 0.697222 0.098437 0.023333
48 0.850000 0.521296 0.038333 0.068148
401 0.535417 0.729630 0.025000 0.044444
208 0.650000 0.546296 0.239583 0.277778
20 0.650000 0.701852 0.251562 0.023333
48 0.650000 0.377778 0.038333 0.068148
