519 0.314063 0.986111 0.143917 0.323435
535 0.401563 0.953704 0.131037 0.308710
648 0.500000 0.935185 0.117188 0.291667
595 0.598437 0.953704 0.130975 0.308631
534 0.685938 0.986111 0.143855 0.323357
4 0.033333 0.094444 0.037500 0.066667
132 0.070833 0.094444 0.037500 0.066667
186 0.334375 0.027778 0.033333 0.059259
304 0.363542 0.027778 0.033333 0.059259
113 0.392708 0.027778 0.033333 0.059259
13 0.421875 0.027778 0.033333 0.059259
13 0.451042 0.027778 0.033333 0.059259
14 0.247917 0.565741 0.114583 0.268519
15 0.247917 0.716667 0.120312 0.023333
98 0.195833 0.744444 0.025000 0.044444
205 0.220833 0.744444 0.025000 0.044444
165 0.245833 0.744444 0.025000 0.044444
313 0.803125 0.729630 0.025000 0.044444
531 0.850000 0.583333 0.104167 0.203704
20 0.850000 0.701852 0.109375 0.023333
48 0.850000 0.451852 0.038333 0.068148
