503 0.182812 1.000000 0.145411 0.296825
209 0.237500 0.976852 0.136936 0.289694
83 0.303125 0.951852 0.127414 0.280350
623 0.379687 0.928704 0.116968 0.268919
298 0.456250 0.921296 0.105583 0.255387
502 0.543750 0.921296 0.105530 0.255319
475 0.620313 0.928704 0.116914 0.268851
127 0.696875 0.951852 0.127362 0.280284
457 0.762500 0.976852 0.136885 0.289630
23 0.817187 1.000000 0.145376 0.296799
6 0.033333 0.094444 0.037500 0.066667
34 0.070833 0.094444 0.037500 0.066667
132 0.108333 0.094444 0.037500 0.066667
130 0.145833 0.094444 0.037500 0.066667
184 0.183333 0.094444 0.037500 0.066667
131 0.220833 0.094444 0.037500 0.066667
66 0.258333 0.094444 0.037500 0.066667
4 0.295833 0.094444 0.037500 0.066667
66 0.333333 0.094444 0.037500 0.066667
254 0.334375 0.027778 0.033333 0.059259
336 0.363542 0.027778 0.033333 0.059259
355 0.392708 0.027778 0.033333 0.059259
95 0.421875 0.027778 0.033333 0.059259
174 0.451042 0.027778 0.033333 0.059259
14 0.247917 0.565741 0.114583 0.268519
15 0.247917 0.716667 0.120312 0.023333
416 0.195833 0.744444 0.025000 0.044444
51 0.220833 0.744444 0.025000 0.044444
124 0.608333 0.725000 0.025000 0.044444
425 0.633333 0.725000 0.025000 0.044444
153 0.658333 0.725000 0.025000 0.044444
47 0.650000 0.615741 0.093750 0.129630
20 0.650000 0.697222 0.098437 0.023333
48 0.650000 0.521296 0.038333 0.068148
56 0.787500 0.716667 0.025000 0.044444
296 0.812500 0.716667 0.025000 0.044444
281 0.837500 0.716667 0.025000 0.044444
348 0.850000 0.593518 0.135417 0.157407
20 0.850000 0.688889 0.142188 0.023333
216 0.850000 0.485185 0.038333 0.068148
