160 0.193750 1.000000 0.149621 0.310807
557 0.259375 0.982716 0.140084 0.302077
596 0.332656 0.955556 0.129526 0.291092
353 0.412500 0.930247 0.117934 0.277839
191 0.500000 0.925926 0.105469 0.262500
253 0.587500 0.930247 0.117877 0.277768
538 0.667344 0.955556 0.129470 0.291021
613 0.740625 0.982716 0.140029 0.302007
428 0.806250 1.000000 0.149567 0.310740
7 0.033333 0.094444 0.037500 0.066667
36 0.070833 0.094444 0.037500 0.066667
199 0.108333 0.094444 0.037500 0.066667
130 0.145833 0.094444 0.037500 0.066667
36 0.183333 0.094444 0.037500 0.066667
91 0.220833 0.094444 0.037500 0.066667
130 0.258333 0.094444 0.037500 0.066667
33 0.295833 0.094444 0.037500 0.066667
130 0.333333 0.094444 0.037500 0.066667
66 0.370833 0.094444 0.037500 0.066667
66 0.408333 0.094444 0.037500 0.066667
35 0.445833 0.094444 0.037500 0.066667
107 0.483333 0.094444 0.037500 0.066667
4 0.520833 0.094444 0.037500 0.066667
95 0.334375 0.027778 0.033333 0.059259
144 0.363542 0.027778 0.033333 0.059259
143 0.392708 0.027778 0.033333 0.059259
13 0.421875 0.027778 0.033333 0.059259
13 0.451042 0.027778 0.033333 0.059259
14 0.247917 0.565741 0.114583 0.268519
15 0.247917 0.716667 0.120312 0.023333
296 0.195833 0.744444 0.025000 0.044444
268 0.220833 0.744444 0.025000 0.044444
98 0.245833 0.744444 0.025000 0.044444
164 0.270833 0.744444 0.025000 0.044444
240 0.774479 0.725926 0.025000 0.044444
177 0.799479 0.725926 0.025000 0.044444
279 0.860417 0.561111 0.182292 0.240741
20 0.860417 0.698148 0.191406 0.023333
280 0.860417 0.411111 0.038333 0.068148
