495 0.314063 0.986111 0.143917 0.323435
496 0.401563 0.953704 0.131037 0.308710
497 0.500000 0.935185 0.117188 0.291667
391 0.598437 0.953704 0.130975 0.308631
498 0.685938 0.986111 0.143855 0.323357
91 0.033333 0.094444 0.037500 0.066667
65 0.070833 0.094444 0.037500 0.066667
28 0.108333 0.094444 0.037500 0.066667
67 0.145833 0.094444 0.037500 0.066667
91 0.183333 0.094444 0.037500 0.066667
184 0.220833 0.094444 0.037500 0.066667
6 0.258333 0.094444 0.037500 0.066667
173 0.295833 0.094444 0.037500 0.066667
68 0.334375 0.027778 0.033333 0.059259
10 0.363542 0.027778 0.033333 0.059259
13 0.392708 0.027778 0.033333 0.059259
13 0.421875 0.027778 0.033333 0.059259
13 0.451042 0.027778 0.033333 0.059259
14 0.247917 0.565741 0.114583 0.268519
15 0.247917 0.716667 0.120312 0.023333
101 0.195833 0.744444 0.025000 0.044444
402 0.808333 0.725000 0.025000 0.044444
222 0.833333 0.725000 0.025000 0.044444
51 0.858333 0.725000 0.025000 0.044444
305 0.883333 0.725000 0.025000 0.044444
102 0.850000 0.615741 0.093750 0.129630
20 0.850000 0.697222 0.098437 0.023333
48 0.850000 0.521296 0.038333 0.068148
