231 0.237500 1.000000 0.155649 0.335641
433 0.314063 0.968783 0.143917 0.323435
232 0.401563 0.945767 0.131037 0.308710
645 0.500000 0.931481 0.117188 0.291667
621 0.598437 0.945767 0.130975 0.308631
183 0.685938 0.968783 0.143855 0.323357
211 0.762500 1.000000 0.155588 0.335564
130 0.033333 0.094444 0.037500 0.066667
173 0.070833 0.094444 0.037500 0.066667
33 0.108333 0.094444 0.037500 0.066667
109 0.145833 0.094444 0.037500 0.066667
109 0.183333 0.094444 0.037500 0.066667
8 0.220833 0.094444 0.037500 0.066667
33 0.258333 0.094444 0.037500 0.066667
35 0.295833 0.094444 0.037500 0.066667
67 0.333333 0.094444 0.037500 0.066667
93 0.370833 0.094444 0.037500 0.066667
200 0.334375 0.027778 0.033333 0.059259
290 0.363542 0.027778 0.033333 0.059259
355 0.392708 0.027778 0.033333 0.059259
185 0.421875 0.027778 0.033333 0.059259
214 0.451042 0.027778 0.033333 0.059259
14 0.247917 0.565741 0.114583 0.268519
15 0.247917 0.716667 0.120312 0.023333
414 0.195833 0.744444 0.025000 0.044444
80 0.220833 0.744444 0.025000 0.044444
75 0.774479 0.725926 0.025000 0.044444
281 0.799479 0.725926 0.025000 0.044444
279 0.860417 0.561111 0.182292 0.240741
20 0.860417 0.698148 0.191406 0.023333
170 0.860417 0.411111 0.038333 0.068148
