237 0.270312 0.986111 0.149899 0.329824
503 0.357812 0.949074 0.137609 0.316375
271 0.452969 0.925926 0.124215 0.300456
615 0.547031 0.925926 0.124152 0.300376
621 0.642187 0.949074 0.137546 0.316296
211 0.729688 0.986111 0.149838 0.329746
31 0.033333 0.094444 0.037500 0.066667
66 0.070833 0.094444 0.037500 0.066667
173 0.108333 0.094444 0.037500 0.066667
68 0.334375 0.027778 0.033333 0.059259
13 0.363542 0.027778 0.033333 0.059259
13 0.392708 0.027778 0.033333 0.059259
13 0.421875 0.027778 0.033333 0.059259
13 0.451042 0.027778 0.033333 0.059259
14 0.247917 0.565741 0.114583 0.268519
15 0.247917 0.716667 0.120312 0.023333
337 0.195833 0.744444 0.025000 0.044444
306 0.220833 0.744444 0.025000 0.044444
367 0.626562 0.740741 0.025000 0.044444
401 0.651563 0.740741 0.025000 0.044444
51 0.676562 0.740741 0.025000 0.044444
267 0.650000 0.594444 0.057292 0.203704
20 0.650000 0.712963 0.060156 0.023333
170 0.650000 0.462963 0.038333 0.068148
98 0.751042 0.743519 0.025000 0.044444
123 0.776042 0.743519 0.025000 0.044444
314 0.801042 0.743519 0.025000 0.044444
338 0.850000 0.509259 0.208333 0.379630
20 0.850000 0.715741 0.218750 0.023333
48 0.850000 0.289815 0.038333 0.068148
