289 0.351250 0.960648 0.137609 0.316375
624 0.449688 0.935185 0.124215 0.300456
363 0.550312 0.935185 0.124152 0.300376
387 0.648750 0.960648 0.137546 0.316296
199 0.033333 0.094444 0.037500 0.066667
30 0.070833 0.094444 0.037500 0.066667
132 0.108333 0.094444 0.037500 0.066667
4 0.145833 0.094444 0.037500 0.066667
68 0.334375 0.027778 0.033333 0.059259
96 0.363542 0.027778 0.033333 0.059259
214 0.392708 0.027778 0.033333 0.059259
238 0.421875 0.027778 0.033333 0.059259
13 0.451042 0.027778 0.033333 0.059259
14 0.247917 0.565741 0.114583 0.268519
15 0.247917 0.716667 0.120312 0.023333
357 0.195833 0.744444 0.025000 0.044444
176 0.408333 0.725000 0.025000 0.044444
151 0.433333 0.725000 0.025000 0.044444
295 0.458333 0.725000 0.025000 0.044444
47 0.450000 0.615741 0.093750 0.129630
20 0.450000 0.697222 0.098437 0.023333
48 0.450000 0.521296 0.038333 0.068148
326 0.574479 0.725926 0.025000 0.044444
51 0.599479 0.725926 0.025000 0.044444
279 0.660417 0.561111 0.182292 0.240741
20 0.660417 0.698148 0.191406 0.023333
48 0.660417 0.411111 0.038333 0.068148
281 0.740625 0.739815 0.025000 0.044444
356 0.765625 0.739815 0.025000 0.044444
118 0.790625 0.739815 0.025000 0.044444
446 0.852604 0.551852 0.234375 0.287037
20 0.852604 0.712037 0.246094 0.023333
48 0.852604 0.378704 0.038333 0.068148
