458 0.401563 0.953704 0.131037 0.308710
106 0.500000 0.925926 0.117188 0.291667
171 0.598437 0.953704 0.130975 0.308631
28 0.033333 0.094444 0.037500 0.066667
34 0.070833 0.094444 0.037500 0.066667
7 0.108333 0.094444 0.037500 0.066667
66 0.145833 0.094444 0.037500 0.066667
95 0.334375 0.027778 0.033333 0.059259
13 0.363542 0.027778 0.033333 0.059259
13 0.392708 0.027778 0.033333 0.059259
13 0.421875 0.027778 0.033333 0.059259
13 0.451042 0.027778 0.033333 0.059259
14 0.247917 0.565741 0.114583 0.268519
15 0.247917 0.716667 0.120312 0.023333
135 0.195833 0.744444 0.025000 0.044444
153 0.220833 0.744444 0.025000 0.044444
415 0.245833 0.744444 0.025000 0.044444
447 0.603125 0.729630 0.025000 0.044444
239 0.628125 0.729630 0.025000 0.044444
18 0.653125 0.729630 0.025000 0.044444
531 0.650000 0.583333 0.104167 0.203704
20 0.650000 0.701852 0.109375 0.023333
48 0.650000 0.451852 0.038333 0.068148
45 0.748438 0.738889 0.025000 0.044444
424 0.773438 0.738889 0.025000 0.044444
169 0.813542 0.518519 0.140625 0.351852
20 0.813542 0.711111 0.147656 0.023333
170 0.797917 0.312963 0.038333 0.068148
