526 0.314063 0.986111 0.143917 0.323435
586 0.401563 0.953704 0.131037 0.308710
234 0.500000 0.935185 0.117188 0.291667
588 0.598437 0.953704 0.130975 0.308631
453 0.685938 0.986111 0.143855 0.323357
32 0.033333 0.094444 0.037500 0.066667
108 0.070833 0.094444 0.037500 0.066667
109 0.108333 0.094444 0.037500 0.066667
110 0.145833 0.094444 0.037500 0.066667
4 0.183333 0.094444 0.037500 0.066667
163 0.220833 0.094444 0.037500 0.066667
173 0.258333 0.094444 0.037500 0.066667
35 0.295833 0.094444 0.037500 0.066667
336 0.334375 0.027778 0.033333 0.059259
9 0.363542 0.027778 0.033333 0.059259
10 0.392708 0.027778 0.033333 0.059259
13 0.421875 0.027778 0.033333 0.059259
13 0.451042 0.027778 0.033333 0.059259
14 0.247917 0.565741 0.114583 0.268519
15 0.247917 0.716667 0.120312 0.023333
326 0.195833 0.744444 0.025000 0.044444
45 0.220833 0.744444 0.025000 0.044444
259 0.245833 0.744444 0.025000 0.044444
327 0.610937 0.698223 0.025000 0.044444
227 0.635938 0.698223 0.025000 0.044444
79 0.660937 0.698223 0.025000 0.044444
448 0.650000 0.593594 0.088542 0.120370
20 0.650000 0.670445 0.092969 0.023333
48 0.650000 0.503779 0.038333 0.068148
124 0.442187 0.728704 0.025000 0.044444
396 0.470833 0.600926 0.067708 0.166667
20 0.470833 0.700926 0.071094 0.023333
158 0.470833 0.487963 0.038333 0.068148
337 0.803125 0.733333 0.025000 0.044444
305 0.828125 0.733333 0.025000 0.044444
314 0.853125 0.733333 0.025000 0.044444
319 0.847396 0.605556 0.098958 0.166667
20 0.847396 0.705556 0.103906 0.023333
48 0.847396 0.492593 0.038333 0.068148
