385 0.193750 1.000000 0.149621 0.310807
597 0.259375 0.982716 0.140084 0.302077
365 0.332656 0.955556 0.129526 0.291092
598 0.412500 0.930247 0.117934 0.277839
511 0.500000 0.925926 0.105469 0.262500
159 0.587500 0.930247 0.117877 0.277768
459 0.667344 0.955556 0.129470 0.291021
479 0.740625 0.982716 0.140029 0.302007
599 0.806250 1.000000 0.149567 0.310740
109 0.033333 0.094444 0.037500 0.066667
37 0.070833 0.094444 0.037500 0.066667
129 0.108333 0.094444 0.037500 0.066667
36 0.145833 0.094444 0.037500 0.066667
7 0.183333 0.094444 0.037500 0.066667
108 0.220833 0.094444 0.037500 0.066667
91 0.258333 0.094444 0.037500 0.066667
66 0.295833 0.094444 0.037500 0.066667
35 0.333333 0.094444 0.037500 0.066667
30 0.370833 0.094444 0.037500 0.066667
5 0.408333 0.094444 0.037500 0.066667
5 0.445833 0.094444 0.037500 0.066667
272 0.334375 0.027778 0.033333 0.059259
145 0.363542 0.027778 0.033333 0.059259
143 0.392708 0.027778 0.033333 0.059259
13 0.421875 0.027778 0.033333 0.059259
13 0.451042 0.027778 0.033333 0.059259
14 0.247917 0.565741 0.114583 0.268519
15 0.247917 0.716667 0.120312 0.023333
201 0.195833 0.744444 0.025000 0.044444
390 0.808333 0.711111 0.025000 0.044444
139 0.833333 0.711111 0.025000 0.044444
481 0.858333 0.711111 0.025000 0.044444
425 0.883333 0.711111 0.025000 0.044444
47 0.850000 0.601852 0.093750 0.129630
20 0.850000 0.683333 0.098437 0.023333
82 0.850000 0.507407 0.038333 0.068148
46 0.556250 0.743519 0.025000 0.044444
297 0.670833 0.583333 0.239583 0.231481
20 0.670833 0.715741 0.251562 0.023333
48 0.670833 0.437963 0.038333 0.068148
