555 0.270312 0.986111 0.149899 0.329824
648 0.357812 0.949074 0.137609 0.316375
521 0.452969 0.925926 0.124215 0.300456
567 0.547031 0.925926 0.124152 0.300376
619 0.642187 0.949074 0.137546 0.316296
127 0.729688 0.986111 0.149838 0.329746
5 0.033333 0.094444 0.037500 0.066667
31 0.070833 0.094444 0.037500 0.066667
131 0.108333 0.094444 0.037500 0.066667
93 0.145833 0.094444 0.037500 0.066667
131 0.183333 0.094444 0.037500 0.066667
34 0.220833 0.094444 0.037500 0.066667
37 0.258333 0.094444 0.037500 0.066667
6 0.295833 0.094444 0.037500 0.066667
40 0.334375 0.027778 0.033333 0.059259
39 0.363542 0.027778 0.033333 0.059259
143 0.392708 0.027778 0.033333 0.059259
96 0.421875 0.027778 0.033333 0.059259
13 0.451042 0.027778 0.033333 0.059259
14 0.247917 0.565741 0.114583 0.268519
15 0.247917 0.716667 0.120312 0.023333
18 0.195833 0.744444 0.025000 0.044444
148 0.748438 0.729630 0.025000 0.044444
215 0.773438 0.729630 0.025000 0.044444
278 0.860417 0.476852 0.234375 0.416667
20 0.860417 0.701852 0.246094 0.023333
170 0.860417 0.238889 0.038333 0.068148
