346 0.270312 0.986111 0.149899 0.329824
499 0.357812 0.949074 0.137609 0.316375
466 0.452969 0.925926 0.124215 0.300456
471 0.547031 0.925926 0.124152 0.300376
419 0.642187 0.949074 0.137546 0.316296
302 0.729688 0.986111 0.149838 0.329746
66 0.033333 0.094444 0.037500 0.066667
199 0.070833 0.094444 0.037500 0.066667
92 0.108333 0.094444 0.037500 0.066667
64 0.145833 0.094444 0.037500 0.066667
131 0.183333 0.094444 0.037500 0.066667
184 0.220833 0.094444 0.037500 0.066667
131 0.258333 0.094444 0.037500 0.066667
67 0.295833 0.094444 0.037500 0.066667
8 0.333333 0.094444 0.037500 0.066667
109 0.370833 0.094444 0.037500 0.066667
92 0.408333 0.094444 0.037500 0.066667
33 0.445833 0.094444 0.037500 0.066667
107 0.483333 0.094444 0.037500 0.066667
34 0.520833 0.094444 0.037500 0.066667
35 0.558333 0.094444 0.037500 0.066667
92 0.595833 0.094444 0.037500 0.066667
214 0.334375 0.027778 0.033333 0.059259
185 0.363542 0.027778 0.033333 0.059259
13 0.392708 0.027778 0.033333 0.059259
13 0.421875 0.027778 0.033333 0.059259
13 0.451042 0.027778 0.033333 0.059259
14 0.247917 0.565741 0.114583 0.268519
15 0.247917 0.716667 0.120312 0.023333
70 0.195833 0.744444 0.025000 0.044444
73 0.220833 0.744444 0.025000 0.044444
119 0.810938 0.720681 0.025000 0.044444
74 0.835938 0.720681 0.025000 0.044444
97 0.860937 0.720681 0.025000 0.044444
469 0.885938 0.720681 0.025000 0.044444
608 0.850000 0.616052 0.088542 0.120370
20 0.850000 0.692903 0.092969 0.023333
170 0.850000 0.526237 0.038333 0.068148
122 0.556250 0.734259 0.025000 0.044444
220 0.581250 0.734259 0.025000 0.044444
277 0.606250 0.734259 0.025000 0.044444
190 0.650000 0.555556 0.197917 0.268519
20 0.650000 0.706481 0.207812 0.023333
72 0.650000 0.391667 0.038333 0.068148
