436 0.193750 1.000000 0.149621 0.310807
320 0.259375 0.982716 0.140084 0.302077
439 0.332656 0.955556 0.129526 0.291092
521 0.412500 0.930247 0.117934 0.277839
444 0.500000 0.925926 0.105469 0.262500
263 0.587500 0.930247 0.117877 0.277768
647 0.667344 0.955556 0.129470 0.291021
603 0.740625 0.982716 0.140029 0.302007
181 0.806250 1.000000 0.149567 0.310740
132 0.033333 0.094444 0.037500 0.066667
32 0.070833 0.094444 0.037500 0.066667
36 0.108333 0.094444 0.037500 0.066667
355 0.334375 0.027778 0.033333 0.059259
13 0.363542 0.027778 0.033333 0.059259
13 0.392708 0.027778 0.033333 0.059259
13 0.421875 0.027778 0.033333 0.059259
13 0.451042 0.027778 0.033333 0.059259
14 0.247917 0.565741 0.114583 0.268519
15 0.247917 0.716667 0.120312 0.023333
100 0.195833 0.744444 0.025000 0.044444
147 0.220833 0.744444 0.025000 0.044444
155 0.810938 0.729630 0.025000 0.044444
415 0.835938 0.729630 0.025000 0.044444
268 0.860937 0.729630 0.025000 0.044444
516 0.850000 0.578704 0.088542 0.212963
20 0.850000 0.701852 0.092969 0.023333
170 0.850000 0.442593 0.038333 0.068148
43 0.397917 0.737037 0.025000 0.044444
426 0.444792 0.562963 0.104167 0.259259
20 0.444792 0.709259 0.109375 0.023333
170 0.444792 0.403704 0.038333 0.068148
415 0.556250 0.734259 0.025000 0.044444
156 0.581250 0.734259 0.025000 0.044444
136 0.606250 0.734259 0.025000 0.044444
125 0.650000 0.555556 0.197917 0.268519
20 0.650000 0.706481 0.207812 0.023333
216 0.650000 0.391667 0.038333 0.068148
