514 0.448594 0.925926 0.124215 0.300456
421 0.557969 0.925926 0.124152 0.300376
8 0.033333 0.094444 0.037500 0.066667
65 0.070833 0.094444 0.037500 0.066667
36 0.108333 0.094444 0.037500 0.066667
31 0.145833 0.094444 0.037500 0.066667
9 0.334375 0.027778 0.033333 0.059259
214 0.363542 0.027778 0.033333 0.059259
12 0.392708 0.027778 0.033333 0.059259
272 0.421875 0.027778 0.033333 0.059259
13 0.451042 0.027778 0.033333 0.059259
14 0.247917 0.565741 0.114583 0.268519
15 0.247917 0.716667 0.120312 0.023333
43 0.195833 0.744444 0.025000 0.044444
269 0.626562 0.740741 0.025000 0.044444
227 0.651563 0.740741 0.025000 0.044444
138 0.676562 0.740741 0.025000 0.044444
275 0.701563 0.740741 0.025000 0.044444
267 0.650000 0.594444 0.057292 0.203704
20 0.650000 0.712963 0.060156 0.023333
170 0.650000 0.462963 0.038333 0.068148
293 0.403125 0.729630 0.025000 0.044444
136 0.428125 0.729630 0.025000 0.044444
382 0.450000 0.583333 0.104167 0.203704
20 0.450000 0.701852 0.109375 0.023333
48 0.450000 0.451852 0.038333 0.068148
367 0.803125 0.733333 0.025000 0.044444
293 0.828125 0.733333 0.025000 0.044444
481 0.853125 0.733333 0.025000 0.044444
319 0.847396 0.605556 0.098958 0.166667
20 0.847396 0.705556 0.103906 0.023333
48 0.847396 0.492593 0.038333 0.068148
