480 0.270312 0.986111 0.149899 0.329824
573 0.357812 0.949074 0.137609 0.316375
403 0.452969 0.925926 0.124215 0.300456
387 0.547031 0.925926 0.124152 0.300376
578 0.642187 0.949074 0.137546 0.316296
308 0.729688 0.986111 0.149838 0.329746
29 0.033333 0.094444 0.037500 0.066667
93 0.070833 0.094444 0.037500 0.066667
129 0.108333 0.094444 0.037500 0.066667
107 0.145833 0.094444 0.037500 0.066667
199 0.183333 0.094444 0.037500 0.066667
64 0.220833 0.094444 0.037500 0.066667
163 0.258333 0.094444 0.037500 0.066667
4 0.295833 0.094444 0.037500 0.066667
91 0.333333 0.094444 0.037500 0.066667
67 0.370833 0.094444 0.037500 0.066667
4 0.408333 0.094444 0.037500 0.066667
7 0.445833 0.094444 0.037500 0.066667
173 0.483333 0.094444 0.037500 0.066667
108 0.520833 0.094444 0.037500 0.066667
129 0.558333 0.094444 0.037500 0.066667
303 0.334375 0.027778 0.033333 0.059259
186 0.363542 0.027778 0.033333 0.059259
272 0.392708 0.027778 0.033333 0.059259
13 0.421875 0.027778 0.033333 0.059259
13 0.451042 0.027778 0.033333 0.059259
14 0.247917 0.565741 0.114583 0.268519
15 0.247917 0.716667 0.120312 0.023333
44 0.195833 0.744444 0.025000 0.044444
46 0.220833 0.744444 0.025000 0.044444
178 0.245833 0.744444 0.025000 0.044444
281 0.791146 0.729630 0.025000 0.044444
221 0.845833 0.574074 0.119792 0.222222
20 0.845833 0.701852 0.125781 0.023333
48 0.845833 0.433333 0.038333 0.068148
435 0.553646 0.725926 0.025000 0.044444
100 0.578646 0.725926 0.025000 0.044444
52 0.603646 0.725926 0.025000 0.044444
243 0.650000 0.500926 0.203125 0.361111
20 0.650000 0.698148 0.213281 0.023333
170 0.650000 0.290741 0.038333 0.068148
