616 0.237500 1.000000 0.155649 0.335641
594 0.314063 0.968783 0.143917 0.323435
629 0.401563 0.945767 0.131037 0.308710
372 0.500000 0.931481 0.117188 0.291667
196 0.598437 0.945767 0.130975 0.308631
593 0.685938 0.968783 0.143855 0.323357
617 0.762500 1.000000 0.155588 0.335564
94 0.033333 0.094444 0.037500 0.066667
304 0.334375 0.027778 0.033333 0.059259
324 0.363542 0.027778 0.033333 0.059259
13 0.392708 0.027778 0.033333 0.059259
13 0.421875 0.027778 0.033333 0.059259
13 0.451042 0.027778 0.033333 0.059259
14 0.247917 0.565741 0.114583 0.268519
15 0.247917 0.716667 0.120312 0.023333
273 0.195833 0.744444 0.025000 0.044444
293 0.220833 0.744444 0.025000 0.044444
469 0.608333 0.725000 0.025000 0.044444
102 0.650000 0.615741 0.093750 0.129630
20 0.650000 0.697222 0.098437 0.023333
48 0.650000 0.521296 0.038333 0.068148
175 0.805729 0.738889 0.025000 0.044444
269 0.830729 0.738889 0.025000 0.044444
18 0.855729 0.738889 0.025000 0.044444
202 0.880729 0.738889 0.025000 0.044444
329 0.847396 0.564815 0.093750 0.259259
20 0.847396 0.711111 0.098437 0.023333
21 0.847396 0.405556 0.038333 0.068148
