458 0.401563 0.953704 0.131037 0.308710
271 0.500000 0.925926 0.117188 0.291667
644 0.598437 0.953704 0.130975 0.308631
110 0.033333 0.094444 0.037500 0.066667
67 0.070833 0.094444 0.037500 0.066667
67 0.108333 0.094444 0.037500 0.066667
4 0.145833 0.094444 0.037500 0.066667
336 0.334375 0.027778 0.033333 0.059259
377 0.363542 0.027778 0.033333 0.059259
13 0.392708 0.027778 0.033333 0.059259
13 0.421875 0.027778 0.033333 0.059259
13 0.451042 0.027778 0.033333 0.059259
14 0.247917 0.565741 0.114583 0.268519
15 0.247917 0.716667 0.120312 0.023333
369 0.195833 0.744444 0.025000 0.044444
258 0.220833 0.744444 0.025000 0.044444
104 0.591146 0.729630 0.025000 0.044444
221 0.645833 0.574074 0.119792 0.222222
20 0.645833 0.701852 0.125781 0.023333
48 0.645833 0.433333 0.038333 0.068148
151 0.423958 0.733333 0.025000 0.044444
156 0.448958 0.733333 0.025000 0.044444
265 0.473958 0.733333 0.025000 0.044444
154 0.450000 0.614815 0.062500 0.148148
20 0.450000 0.705556 0.065625 0.023333
48 0.450000 0.511111 0.038333 0.068148
120 0.803125 0.741667 0.025000 0.044444
258 0.828125 0.741667 0.025000 0.044444
217 0.844792 0.565278 0.093750 0.263889
20 0.844792 0.713889 0.098437 0.023333
158 0.844792 0.403704 0.038333 0.068148
