460 0.351250 0.960648 0.137609 0.316375
342 0.449688 0.935185 0.124215 0.300456
596 0.550312 0.935185 0.124152 0.300376
398 0.648750 0.960648 0.137546 0.316296
4 0.033333 0.094444 0.037500 0.066667
92 0.070833 0.094444 0.037500 0.066667
37 0.108333 0.094444 0.037500 0.066667
5 0.145833 0.094444 0.037500 0.066667
94 0.183333 0.094444 0.037500 0.066667
29 0.220833 0.094444 0.037500 0.066667
107 0.258333 0.094444 0.037500 0.066667
65 0.295833 0.094444 0.037500 0.066667
28 0.333333 0.094444 0.037500 0.066667
4 0.370833 0.094444 0.037500 0.066667
33 0.408333 0.094444 0.037500 0.066667
65 0.445833 0.094444 0.037500 0.066667
66 0.483333 0.094444 0.037500 0.066667
33 0.520833 0.094444 0.037500 0.066667
200 0.334375 0.027778 0.033333 0.059259
377 0.363542 0.027778 0.033333 0.059259
185 0.392708 0.027778 0.033333 0.059259
324 0.421875 0.027778 0.033333 0.059259
290 0.451042 0.027778 0.033333 0.059259
14 0.247917 0.565741 0.114583 0.268519
15 0.247917 0.716667 0.120312 0.023333
447 0.195833 0.744444 0.025000 0.044444
414 0.220833 0.744444 0.025000 0.044444
296 0.245833 0.744444 0.025000 0.044444
77 0.270833 0.744444 0.025000 0.044444
177 0.810938 0.698223 0.025000 0.044444
269 0.835938 0.698223 0.025000 0.044444
42 0.860937 0.698223 0.025000 0.044444
337 0.885938 0.698223 0.025000 0.044444
448 0.850000 0.593594 0.088542 0.120370
20 0.850000 0.670445 0.092969 0.023333
82 0.850000 0.503779 0.038333 0.068148
73 0.611979 0.735185 0.025000 0.044444
328 0.636979 0.735185 0.025000 0.044444
292 0.661979 0.735185 0.025000 0.044444
187 0.686979 0.735185 0.025000 0.044444
549 0.645833 0.621296 0.078125 0.138889
20 0.645833 0.707407 0.082031 0.023333
48 0.645833 0.522222 0.038333 0.068148
273 0.356250 0.734259 0.025000 0.044444
125 0.450000 0.555556 0.197917 0.268519
20 0.450000 0.706481 0.207812 0.023333
48 0.450000 0.391667 0.038333 0.068148
