389 0.270312 0.986111 0.149899 0.329824
625 0.357812 0.949074 0.137609 0.316375
26 0.452969 0.925926 0.124215 0.300456
60 0.547031 0.925926 0.124152 0.300376
244 0.642187 0.949074 0.137546 0.316296
320 0.729688 0.986111 0.149838 0.329746
65 0.033333 0.094444 0.037500 0.066667
8 0.070833 0.094444 0.037500 0.066667
131 0.108333 0.094444 0.037500 0.066667
130 0.145833 0.094444 0.037500 0.066667
131 0.183333 0.094444 0.037500 0.066667
132 0.220833 0.094444 0.037500 0.066667
7 0.258333 0.094444 0.037500 0.066667
92 0.295833 0.094444 0.037500 0.066667
93 0.333333 0.094444 0.037500 0.066667
93 0.370833 0.094444 0.037500 0.066667
66 0.408333 0.094444 0.037500 0.066667
34 0.445833 0.094444 0.037500 0.066667
35 0.483333 0.094444 0.037500 0.066667
36 0.520833 0.094444 0.037500 0.066667
107 0.558333 0.094444 0.037500 0.066667
93 0.595833 0.094444 0.037500 0.066667
214 0.334375 0.027778 0.033333 0.059259
95 0.363542 0.027778 0.033333 0.059259
377 0.392708 0.027778 0.033333 0.059259
13 0.421875 0.027778 0.033333 0.059259
13 0.451042 0.027778 0.033333 0.059259
14 0.247917 0.565741 0.114583 0.268519
15 0.247917 0.716667 0.120312 0.023333
79 0.195833 0.744444 0.025000 0.044444
401 0.220833 0.744444 0.025000 0.044444
281 0.245833 0.744444 0.025000 0.044444
50 0.270833 0.744444 0.025000 0.044444
524 0.787500 0.716667 0.025000 0.044444
455 0.812500 0.716667 0.025000 0.044444
134 0.837500 0.716667 0.025000 0.044444
41 0.862500 0.716667 0.025000 0.044444
348 0.850000 0.593518 0.135417 0.157407
20 0.850000 0.688889 0.142188 0.023333
48 0.850000 0.485185 0.038333 0.068148
228 0.603125 0.743519 0.025000 0.044444
347 0.628125 0.743519 0.025000 0.044444
368 0.650000 0.555556 0.104167 0.287037
20 0.650000 0.715741 0.109375 0.023333
331 0.650000 0.382407 0.038333 0.068148
