495 0.193750 1.000000 0.149621 0.310807
538 0.259375 0.982716 0.140084 0.302077
465 0.332656 0.955556 0.129526 0.291092
263 0.412500 0.930247 0.117934 0.277839
361 0.500000 0.925926 0.105469 0.262500
625 0.587500 0.930247 0.117877 0.277768
350 0.667344 0.955556 0.129470 0.291021
288 0.740625 0.982716 0.140029 0.302007
586 0.806250 1.000000 0.149567 0.310740
34 0.033333 0.094444 0.037500 0.066667
94 0.070833 0.094444 0.037500 0.066667
37 0.108333 0.094444 0.037500 0.066667
31 0.145833 0.094444 0.037500 0.066667
132 0.183333 0.094444 0.037500 0.066667
35 0.220833 0.094444 0.037500 0.066667
31 0.258333 0.094444 0.037500 0.066667
109 0.295833 0.094444 0.037500 0.066667
64 0.333333 0.094444 0.037500 0.066667
110 0.370833 0.094444 0.037500 0.066667
7 0.408333 0.094444 0.037500 0.066667
129 0.445833 0.094444 0.037500 0.066667
29 0.483333 0.094444 0.037500 0.066667
94 0.520833 0.094444 0.037500 0.066667
173 0.558333 0.094444 0.037500 0.066667
68 0.334375 0.027778 0.033333 0.059259
13 0.363542 0.027778 0.033333 0.059259
13 0.392708 0.027778 0.033333 0.059259
13 0.421875 0.027778 0.033333 0.059259
13 0.451042 0.027778 0.033333 0.059259
14 0.247917 0.565741 0.114583 0.268519
15 0.247917 0.716667 0.120312 0.023333
203 0.195833 0.744444 0.025000 0.044444
17 0.220833 0.744444 0.025000 0.044444
134 0.245833 0.744444 0.025000 0.044444
259 0.270833 0.744444 0.025000 0.044444
274 0.564062 0.751852 0.025000 0.044444
590 0.650000 0.540741 0.182292 0.333333
20 0.650000 0.724074 0.191406 0.023333
21 0.650000 0.344444 0.038333 0.068148
242 0.758854 0.748148 0.025000 0.044444
470 0.834375 0.562500 0.161458 0.282407
20 0.834375 0.720370 0.169531 0.023333
170 0.834375 0.391667 0.038333 0.068148
