550 0.193750 1.000000 0.149621 0.310807
386 0.259375 0.982716 0.140084 0.302077
545 0.332656 0.955556 0.129526 0.291092
364 0.412500 0.930247 0.117934 0.277839
63 0.500000 0.925926 0.105469 0.262500
195 0.587500 0.930247 0.117877 0.277768
310 0.667344 0.955556 0.129470 0.291021
506 0.740625 0.982716 0.140029 0.302007
388 0.806250 1.000000 0.149567 0.310740
31 0.033333 0.094444 0.037500 0.066667
40 0.334375 0.027778 0.033333 0.059259
377 0.363542 0.027778 0.033333 0.059259
290 0.392708 0.027778 0.033333 0.059259
13 0.421875 0.027778 0.033333 0.059259
13 0.451042 0.027778 0.033333 0.059259
14 0.247917 0.565741 0.114583 0.268519
15 0.247917 0.716667 0.120312 0.023333
378 0.195833 0.744444 0.025000 0.044444
78 0.220833 0.744444 0.025000 0.044444
17 0.245833 0.744444 0.025000 0.044444
524 0.387500 0.729630 0.025000 0.044444
100 0.412500 0.729630 0.025000 0.044444
44 0.437500 0.729630 0.025000 0.044444
156 0.462500 0.729630 0.025000 0.044444
166 0.450000 0.606481 0.135417 0.157407
20 0.450000 0.701852 0.142188 0.023333
167 0.450000 0.498148 0.038333 0.068148
425 0.811979 0.740741 0.025000 0.044444
146 0.836979 0.740741 0.025000 0.044444
222 0.861979 0.740741 0.025000 0.044444
81 0.845833 0.626852 0.078125 0.138889
20 0.845833 0.712963 0.082031 0.023333
82 0.845833 0.527778 0.038333 0.068148
73 0.543229 0.748148 0.025000 0.044444
273 0.568229 0.748148 0.025000 0.044444
358 0.650000 0.537037 0.223958 0.333333
20 0.650000 0.720370 0.235156 0.023333
21 0.650000 0.340741 0.038333 0.068148
