68 0.270312 0.986111 0.149899 0.329824
647 0.357812 0.949074 0.137609 0.316375
258 0.452969 0.925926 0.124215 0.300456
275 0.547031 0.925926 0.124152 0.300376
494 0.642187 0.949074 0.137546 0.316296
507 0.729688 0.986111 0.149838 0.329746
188 0.033333 0.094444 0.037500 0.066667
76 0.070833 0.094444 0.037500 0.066667
99 0.108333 0.094444 0.037500 0.066667
41 0.145833 0.094444 0.037500 0.066667
138 0.183333 0.094444 0.037500 0.066667
137 0.220833 0.094444 0.037500 0.066667
100 0.258333 0.094444 0.037500 0.066667
136 0.295833 0.094444 0.037500 0.066667
10 0.333333 0.094444 0.037500 0.066667
138 0.370833 0.094444 0.037500 0.066667
138 0.408333 0.094444 0.037500 0.066667
11 0.445833 0.094444 0.037500 0.066667
42 0.483333 0.094444 0.037500 0.066667
135 0.520833 0.094444 0.037500 0.066667
42 0.558333 0.094444 0.037500 0.066667
43 0.595833 0.094444 0.037500 0.066667
188 0.633333 0.094444 0.037500 0.066667
178 0.670833 0.094444 0.037500 0.066667
163 0.708333 0.094444 0.037500 0.066667
179 0.334375 0.027778 0.033333 0.059259
13 0.363542 0.027778 0.033333 0.059259
13 0.392708 0.027778 0.033333 0.059259
13 0.421875 0.027778 0.033333 0.059259
13 0.451042 0.027778 0.033333 0.059259
14 0.247917 0.565741 0.114583 0.268519
15 0.247917 0.716667 0.120312 0.023333
18 0.195833 0.744444 0.025000 0.044444
206 0.220833 0.744444 0.025000 0.044444
623 0.245833 0.744444 0.025000 0.044444
103 0.803125 0.729630 0.025000 0.044444
64 0.828125 0.729630 0.025000 0.044444
586 0.850000 0.583333 0.104167 0.203704
23 0.850000 0.701852 0.109375 0.023333
61 0.850000 0.451852 0.038333 0.068148
