429 0.351250 0.960648 0.137609 0.316375
471 0.449688 0.935185 0.124215 0.300456
472 0.550312 0.935185 0.124152 0.300376
473 0.648750 0.960648 0.137546 0.316296
29 0.033333 0.094444 0.037500 0.066667
35 0.070833 0.094444 0.037500 0.066667
33 0.108333 0.094444 0.037500 0.066667
8 0.145833 0.094444 0.037500 0.066667
4 0.183333 0.094444 0.037500 0.066667
129 0.220833 0.094444 0.037500 0.066667
199 0.258333 0.094444 0.037500 0.066667
173 0.295833 0.094444 0.037500 0.066667
64 0.333333 0.094444 0.037500 0.066667
107 0.370833 0.094444 0.037500 0.066667
199 0.408333 0.094444 0.037500 0.066667
93 0.445833 0.094444 0.037500 0.066667
38 0.483333 0.094444 0.037500 0.066667
184 0.520833 0.094444 0.037500 0.066667
7 0.558333 0.094444 0.037500 0.066667
40 0.334375 0.027778 0.033333 0.059259
39 0.363542 0.027778 0.033333 0.059259
13 0.392708 0.027778 0.033333 0.059259
13 0.421875 0.027778 0.033333 0.059259
13 0.451042 0.027778 0.033333 0.059259
14 0.247917 0.565741 0.114583 0.268519
15 0.247917 0.716667 0.120312 0.023333
46 0.195833 0.744444 0.025000 0.044444
293 0.818750 0.706481 0.025000 0.044444
369 0.843750 0.706481 0.025000 0.044444
277 0.868750 0.706481 0.025000 0.044444
57 0.850000 0.601852 0.072917 0.120370
20 0.850000 0.678704 0.076563 0.023333
48 0.850000 0.512037 0.038333 0.068148
