359 0.351250 0.960648 0.137609 0.316375
600 0.449688 0.935185 0.124215 0.300456
345 0.550312 0.935185 0.124152 0.300376
346 0.648750 0.960648 0.137546 0.316296
131 0.033333 0.094444 0.037500 0.066667
107 0.070833 0.094444 0.037500 0.066667
29 0.108333 0.094444 0.037500 0.066667
66 0.145833 0.094444 0.037500 0.066667
110 0.183333 0.094444 0.037500 0.066667
110 0.220833 0.094444 0.037500 0.066667
109 0.258333 0.094444 0.037500 0.066667
64 0.295833 0.094444 0.037500 0.066667
108 0.333333 0.094444 0.037500 0.066667
29 0.370833 0.094444 0.037500 0.066667
4 0.408333 0.094444 0.037500 0.066667
31 0.445833 0.094444 0.037500 0.066667
110 0.483333 0.094444 0.037500 0.066667
91 0.520833 0.094444 0.037500 0.066667
8 0.558333 0.094444 0.037500 0.066667
92 0.595833 0.094444 0.037500 0.066667
92 0.633333 0.094444 0.037500 0.066667
130 0.670833 0.094444 0.037500 0.066667
199 0.708333 0.094444 0.037500 0.066667
66 0.745833 0.094444 0.037500 0.066667
255 0.334375 0.027778 0.033333 0.059259
145 0.363542 0.027778 0.033333 0.059259
324 0.392708 0.027778 0.033333 0.059259
68 0.421875 0.027778 0.033333 0.059259
13 0.451042 0.027778 0.033333 0.059259
14 0.247917 0.565741 0.114583 0.268519
15 0.247917 0.716667 0.120312 0.023333
469 0.195833 0.744444 0.025000 0.044444
139 0.740625 0.734259 0.025000 0.044444
435 0.765625 0.734259 0.025000 0.044444
529 0.850000 0.527778 0.229167 0.324074
20 0.850000 0.706481 0.240625 0.023333
72 0.850000 0.336111 0.038333 0.068148
151 0.558854 0.748148 0.025000 0.044444
470 0.634375 0.562500 0.161458 0.282407
20 0.634375 0.720370 0.169531 0.023333
48 0.634375 0.391667 0.038333 0.068148
481 0.395312 0.748148 0.025000 0.044444
281 0.420312 0.748148 0.025000 0.044444
482 0.450000 0.587963 0.119792 0.231481
20 0.450000 0.720370 0.125781 0.023333
216 0.450000 0.442593 0.038333 0.068148
