160 0.448594 0.925926 0.124215 0.300456
500 0.557969 0.925926 0.124152 0.300376
8 0.033333 0.094444 0.037500 0.066667
108 0.070833 0.094444 0.037500 0.066667
33 0.108333 0.094444 0.037500 0.066667
34 0.145833 0.094444 0.037500 0.066667
29 0.183333 0.094444 0.037500 0.066667
131 0.220833 0.094444 0.037500 0.066667
38 0.258333 0.094444 0.037500 0.066667
5 0.295833 0.094444 0.037500 0.066667
131 0.333333 0.094444 0.037500 0.066667
64 0.370833 0.094444 0.037500 0.066667
186 0.334375 0.027778 0.033333 0.059259
272 0.363542 0.027778 0.033333 0.059259
255 0.392708 0.027778 0.033333 0.059259
40 0.421875 0.027778 0.033333 0.059259
13 0.451042 0.027778 0.033333 0.059259
14 0.247917 0.565741 0.114583 0.268519
15 0.247917 0.716667 0.120312 0.023333
118 0.195833 0.744444 0.025000 0.044444
187 0.220833 0.744444 0.025000 0.044444
42 0.774479 0.725926 0.025000 0.044444
78 0.799479 0.725926 0.025000 0.044444
279 0.860417 0.561111 0.182292 0.240741
20 0.860417 0.698148 0.191406 0.023333
48 0.860417 0.411111 0.038333 0.068148
256 0.582812 0.734259 0.025000 0.044444
227 0.607813 0.734259 0.025000 0.044444
274 0.632813 0.734259 0.025000 0.044444
220 0.657812 0.734259 0.025000 0.044444
485 0.642708 0.537037 0.130208 0.305556
20 0.642708 0.706481 0.136719 0.023333
72 0.642708 0.354630 0.038333 0.068148
49 0.326042 0.729630 0.025000 0.044444
282 0.444792 0.495370 0.247917 0.379630
20 0.444792 0.701852 0.260312 0.023333
170 0.444792 0.275926 0.038333 0.068148
