630 0.270312 0.986111 0.149899 0.329824
364 0.357812 0.949074 0.137609 0.316375
510 0.452969 0.925926 0.124215 0.300456
261 0.547031 0.925926 0.124152 0.300376
59 0.642187 0.949074 0.137546 0.316296
353 0.729688 0.986111 0.149838 0.329746
132 0.033333 0.094444 0.037500 0.066667
34 0.070833 0.094444 0.037500 0.066667
38 0.108333 0.094444 0.037500 0.066667
33 0.145833 0.094444 0.037500 0.066667
64 0.183333 0.094444 0.037500 0.066667
272 0.334375 0.027778 0.033333 0.059259
95 0.363542 0.027778 0.033333 0.059259
355 0.392708 0.027778 0.033333 0.059259
174 0.421875 0.027778 0.033333 0.059259
133 0.451042 0.027778 0.033333 0.059259
14 0.247917 0.565741 0.114583 0.268519
15 0.247917 0.716667 0.120312 0.023333
51 0.195833 0.744444 0.025000 0.044444
52 0.220833 0.744444 0.025000 0.044444
292 0.619271 0.750926 0.025000 0.044444
257 0.647917 0.616667 0.067708 0.179630
20 0.647917 0.723148 0.071094 0.023333
48 0.647917 0.497222 0.038333 0.068148
124 0.810938 0.698223 0.025000 0.044444
275 0.835938 0.698223 0.025000 0.044444
448 0.850000 0.593594 0.088542 0.120370
20 0.850000 0.670445 0.092969 0.023333
48 0.850000 0.503779 0.038333 0.068148
307 0.382292 0.720370 0.025000 0.044444
347 0.407292 0.720370 0.025000 0.044444
296 0.432292 0.720370 0.025000 0.044444
601 0.450000 0.546296 0.145833 0.259259
20 0.450000 0.692593 0.153125 0.023333
167 0.450000 0.387037 0.038333 0.068148
