460 0.401563 0.953704 0.131037 0.308710
567 0.500000 0.925926 0.117188 0.291667
430 0.598437 0.953704 0.130975 0.308631
108 0.033333 0.094444 0.037500 0.066667
33 0.070833 0.094444 0.037500 0.066667
173 0.108333 0.094444 0.037500 0.066667
94 0.145833 0.094444 0.037500 0.066667
64 0.183333 0.094444 0.037500 0.066667
91 0.220833 0.094444 0.037500 0.066667
64 0.258333 0.094444 0.037500 0.066667
4 0.295833 0.094444 0.037500 0.066667
93 0.333333 0.094444 0.037500 0.066667
186 0.334375 0.027778 0.033333 0.059259
186 0.363542 0.027778 0.033333 0.059259
238 0.392708 0.027778 0.033333 0.059259
13 0.421875 0.027778 0.033333 0.059259
13 0.451042 0.027778 0.033333 0.059259
14 0.247917 0.565741 0.114583 0.268519
15 0.247917 0.716667 0.120312 0.023333
156 0.195833 0.744444 0.025000 0.044444
326 0.220833 0.744444 0.025000 0.044444
98 0.245833 0.744444 0.025000 0.044444
325 0.270833 0.744444 0.025000 0.044444
402 0.818750 0.706481 0.025000 0.044444
57 0.850000 0.601852 0.072917 0.120370
20 0.850000 0.678704 0.076563 0.023333
48 0.850000 0.512037 0.038333 0.068148
