350 0.226563 1.000000 0.153046 0.323776
638 0.300938 0.968750 0.142404 0.313332
490 0.379687 0.943287 0.130728 0.300556
487 0.458438 0.925926 0.118005 0.285433
432 0.541562 0.925926 0.117945 0.285357
209 0.620313 0.943287 0.130669 0.300481
512 0.693594 0.968750 0.142346 0.313258
431 0.773438 1.000000 0.152989 0.323704
66 0.033333 0.094444 0.037500 0.066667
36 0.070833 0.094444 0.037500 0.066667
32 0.108333 0.094444 0.037500 0.066667
94 0.145833 0.094444 0.037500 0.066667
33 0.183333 0.094444 0.037500 0.066667
5 0.220833 0.094444 0.037500 0.066667
107 0.258333 0.094444 0.037500 0.066667
132 0.295833 0.094444 0.037500 0.066667
29 0.333333 0.094444 0.037500 0.066667
109 0.370833 0.094444 0.037500 0.066667
132 0.408333 0.094444 0.037500 0.066667
94 0.445833 0.094444 0.037500 0.066667
66 0.483333 0.094444 0.037500 0.066667
184 0.520833 0.094444 0.037500 0.066667
9 0.334375 0.027778 0.033333 0.059259
111 0.363542 0.027778 0.033333 0.059259
185 0.392708 0.027778 0.033333 0.059259
13 0.421875 0.027778 0.033333 0.059259
13 0.451042 0.027778 0.033333 0.059259
14 0.247917 0.565741 0.114583 0.268519
15 0.247917 0.716667 0.120312 0.023333
165 0.195833 0.744444 0.025000 0.044444
78 0.771875 0.724074 0.025000 0.044444
441 0.839583 0.563889 0.145833 0.231481
20 0.839583 0.696296 0.153125 0.023333
170 0.839583 0.418519 0.038333 0.068148
