196 0.182812 1.000000 0.145411 0.296825
23 0.237500 0.976852 0.136936 0.289694
286 0.303125 0.951852 0.127414 0.280350
429 0.379687 0.928704 0.116968 0.268919
361 0.456250 0.921296 0.105583 0.255387
210 0.543750 0.921296 0.105530 0.255319
648 0.620313 0.928704 0.116914 0.268851
161 0.696875 0.951852 0.127362 0.280284
404 0.762500 0.976852 0.136885 0.289630
532 0.817187 1.000000 0.145376 0.296799
6 0.033333 0.094444 0.037500 0.066667
130 0.070833 0.094444 0.037500 0.066667
30 0.108333 0.094444 0.037500 0.066667
91 0.145833 0.094444 0.037500 0.066667
199 0.183333 0.094444 0.037500 0.066667
113 0.334375 0.027778 0.033333 0.059259
200 0.363542 0.027778 0.033333 0.059259
68 0.392708 0.027778 0.033333 0.059259
336 0.421875 0.027778 0.033333 0.059259
111 0.451042 0.027778 0.033333 0.059259
14 0.247917 0.565741 0.114583 0.268519
15 0.247917 0.716667 0.120312 0.023333
222 0.195833 0.744444 0.025000 0.044444
327 0.803125 0.729630 0.025000 0.044444
531 0.850000 0.583333 0.104167 0.203704
20 0.850000 0.701852 0.109375 0.023333
48 0.850000 0.451852 0.038333 0.068148
276 0.610937 0.720681 0.025000 0.044444
268 0.635938 0.720681 0.025000 0.044444
608 0.650000 0.616052 0.088542 0.120370
20 0.650000 0.692903 0.092969 0.023333
170 0.650000 0.526237 0.038333 0.068148
306 0.358854 0.725000 0.025000 0.044444
275 0.383854 0.725000 0.025000 0.044444
313 0.408854 0.725000 0.025000 0.044444
118 0.433854 0.725000 0.025000 0.044444
476 0.450000 0.523148 0.192708 0.314815
20 0.450000 0.697222 0.202344 0.023333
48 0.450000 0.336111 0.038333 0.068148
