478 0.237500 1.000000 0.155649 0.335641
312 0.314063 0.968783 0.143917 0.323435
341 0.401563 0.945767 0.131037 0.308710
497 0.500000 0.931481 0.117188 0.291667
581 0.598437 0.945767 0.130975 0.308631
379 0.685938 0.968783 0.143855 0.323357
657 0.762500 1.000000 0.155588 0.335564
35 0.033333 0.094444 0.037500 0.066667
130 0.070833 0.094444 0.037500 0.066667
30 0.108333 0.094444 0.037500 0.066667
91 0.145833 0.094444 0.037500 0.066667
92 0.183333 0.094444 0.037500 0.066667
7 0.220833 0.094444 0.037500 0.066667
129 0.258333 0.094444 0.037500 0.066667
65 0.295833 0.094444 0.037500 0.066667
108 0.333333 0.094444 0.037500 0.066667
5 0.370833 0.094444 0.037500 0.066667
33 0.408333 0.094444 0.037500 0.066667
8 0.445833 0.094444 0.037500 0.066667
32 0.483333 0.094444 0.037500 0.066667
31 0.520833 0.094444 0.037500 0.066667
107 0.558333 0.094444 0.037500 0.066667
67 0.595833 0.094444 0.037500 0.066667
36 0.633333 0.094444 0.037500 0.066667
9 0.334375 0.027778 0.033333 0.059259
272 0.363542 0.027778 0.033333 0.059259
40 0.392708 0.027778 0.033333 0.059259
133 0.421875 0.027778 0.033333 0.059259
13 0.451042 0.027778 0.033333 0.059259
14 0.247917 0.565741 0.114583 0.268519
15 0.247917 0.716667 0.120312 0.023333
49 0.195833 0.744444 0.025000 0.044444
226 0.391146 0.729630 0.025000 0.044444
221 0.445833 0.574074 0.119792 0.222222
20 0.445833 0.701852 0.125781 0.023333
48 0.445833 0.433333 0.038333 0.068148
264 0.595312 0.748148 0.025000 0.044444
482 0.650000 0.587963 0.119792 0.231481
20 0.650000 0.720370 0.125781 0.023333
216 0.650000 0.442593 0.038333 0.068148
202 0.818750 0.706481 0.025000 0.044444
270 0.843750 0.706481 0.025000 0.044444
57 0.850000 0.601852 0.072917 0.120370
20 0.850000 0.678704 0.076563 0.023333
48 0.850000 0.512037 0.038333 0.068148
