583 0.226563 1.000000 0.153046 0.323776
487 0.300938 0.968750 0.142404 0.313332
365 0.379687 0.943287 0.130728 0.300556
496 0.458438 0.925926 0.118005 0.285433
159 0.541562 0.925926 0.117945 0.285357
572 0.620313 0.943287 0.130669 0.300481
462 0.693594 0.968750 0.142346 0.313258
223 0.773438 1.000000 0.152989 0.323704
108 0.033333 0.094444 0.037500 0.066667
34 0.070833 0.094444 0.037500 0.066667
93 0.108333 0.094444 0.037500 0.066667
38 0.145833 0.094444 0.037500 0.066667
4 0.183333 0.094444 0.037500 0.066667
132 0.220833 0.094444 0.037500 0.066667
173 0.258333 0.094444 0.037500 0.066667
8 0.295833 0.094444 0.037500 0.066667
65 0.333333 0.094444 0.037500 0.066667
28 0.370833 0.094444 0.037500 0.066667
30 0.408333 0.094444 0.037500 0.066667
91 0.445833 0.094444 0.037500 0.066667
91 0.483333 0.094444 0.037500 0.066667
130 0.520833 0.094444 0.037500 0.066667
37 0.558333 0.094444 0.037500 0.066667
36 0.595833 0.094444 0.037500 0.066667
184 0.633333 0.094444 0.037500 0.066667
35 0.670833 0.094444 0.037500 0.066667
184 0.708333 0.094444 0.037500 0.066667
8 0.745833 0.094444 0.037500 0.066667
255 0.334375 0.027778 0.033333 0.059259
13 0.363542 0.027778 0.033333 0.059259
13 0.392708 0.027778 0.033333 0.059259
13 0.421875 0.027778 0.033333 0.059259
13 0.451042 0.027778 0.033333 0.059259
14 0.247917 0.565741 0.114583 0.268519
15 0.247917 0.716667 0.120312 0.023333
481 0.195833 0.744444 0.025000 0.044444
227 0.220833 0.744444 0.025000 0.044444
18 0.577083 0.729630 0.025000 0.044444
120 0.602083 0.729630 0.025000 0.044444
469 0.627083 0.729630 0.025000 0.044444
464 0.650000 0.601852 0.156250 0.166667
20 0.650000 0.701852 0.164063 0.023333
82 0.650000 0.488889 0.038333 0.068148
80 0.397917 0.737037 0.025000 0.044444
269 0.422917 0.737037 0.025000 0.044444
203 0.447917 0.737037 0.025000 0.044444
115 0.472917 0.737037 0.025000 0.044444
426 0.444792 0.562963 0.104167 0.259259
20 0.444792 0.709259 0.109375 0.023333
170 0.444792 0.403704 0.038333 0.068148
264 0.746875 0.729630 0.025000 0.044444
202 0.771875 0.729630 0.025000 0.044444
137 0.796875 0.729630 0.025000 0.044444
215 0.821875 0.729630 0.025000 0.044444
121 0.865625 0.495370 0.247917 0.379630
20 0.865625 0.701852 0.260312 0.023333
48 0.865625 0.275926 0.038333 0.068148
