272 0.237500 1.000000 0.155649 0.335641
624 0.314063 0.968783 0.143917 0.323435
32 0.401563 0.945767 0.131037 0.308710
452 0.500000 0.931481 0.117188 0.291667
579 0.598437 0.945767 0.130975 0.308631
626 0.685938 0.968783 0.143855 0.323357
644 0.762500 1.000000 0.155588 0.335564
135 0.033333 0.094444 0.037500 0.066667
100 0.070833 0.094444 0.037500 0.066667
162 0.108333 0.094444 0.037500 0.066667
135 0.145833 0.094444 0.037500 0.066667
45 0.183333 0.094444 0.037500 0.066667
204 0.334375 0.027778 0.033333 0.059259
13 0.363542 0.027778 0.033333 0.059259
13 0.392708 0.027778 0.033333 0.059259
13 0.421875 0.027778 0.033333 0.059259
13 0.451042 0.027778 0.033333 0.059259
14 0.247917 0.565741 0.114583 0.268519
15 0.247917 0.716667 0.120312 0.023333
466 0.195833 0.744444 0.025000 0.044444
167 0.526042 0.729630 0.025000 0.044444
124 0.551042 0.729630 0.025000 0.044444
294 0.644792 0.495370 0.247917 0.379630
23 0.644792 0.701852 0.260312 0.023333
61 0.644792 0.275926 0.038333 0.068148
183 0.753646 0.725926 0.025000 0.044444
431 0.778646 0.725926 0.025000 0.044444
263 0.803646 0.725926 0.025000 0.044444
536 0.850000 0.500926 0.203125 0.361111
23 0.850000 0.698148 0.213281 0.023333
57 0.850000 0.290741 0.038333 0.068148
