452 0.182812 1.000000 0.145411 0.296825
655 0.237500 0.976852 0.136936 0.289694
586 0.303125 0.951852 0.127414 0.280350
604 0.379687 0.928704 0.116968 0.268919
523 0.456250 0.921296 0.105583 0.255387
556 0.543750 0.921296 0.105530 0.255319
533 0.620313 0.928704 0.116914 0.268851
431 0.696875 0.951852 0.127362 0.280284
648 0.762500 0.976852 0.136885 0.289630
418 0.817187 1.000000 0.145376 0.296799
7 0.033333 0.094444 0.037500 0.066667
108 0.070833 0.094444 0.037500 0.066667
92 0.108333 0.094444 0.037500 0.066667
109 0.145833 0.094444 0.037500 0.066667
65 0.183333 0.094444 0.037500 0.066667
35 0.220833 0.094444 0.037500 0.066667
65 0.258333 0.094444 0.037500 0.066667
28 0.295833 0.094444 0.037500 0.066667
67 0.333333 0.094444 0.037500 0.066667
64 0.370833 0.094444 0.037500 0.066667
132 0.408333 0.094444 0.037500 0.066667
108 0.445833 0.094444 0.037500 0.066667
184 0.483333 0.094444 0.037500 0.066667
131 0.520833 0.094444 0.037500 0.066667
65 0.558333 0.094444 0.037500 0.066667
130 0.595833 0.094444 0.037500 0.066667
130 0.633333 0.094444 0.037500 0.066667
67 0.670833 0.094444 0.037500 0.066667
28 0.708333 0.094444 0.037500 0.066667
145 0.334375 0.027778 0.033333 0.059259
12 0.363542 0.027778 0.033333 0.059259
11 0.392708 0.027778 0.033333 0.059259
13 0.421875 0.027778 0.033333 0.059259
13 0.451042 0.027778 0.033333 0.059259
14 0.247917 0.565741 0.114583 0.268519
15 0.247917 0.716667 0.120312 0.023333
120 0.195833 0.744444 0.025000 0.044444
176 0.220833 0.744444 0.025000 0.044444
415 0.245833 0.744444 0.025000 0.044444
305 0.270833 0.744444 0.025000 0.044444
266 0.808333 0.706481 0.025000 0.044444
406 0.833333 0.706481 0.025000 0.044444
47 0.850000 0.597222 0.093750 0.129630
20 0.850000 0.678704 0.098437 0.023333
82 0.850000 0.502778 0.038333 0.068148
118 0.548437 0.738889 0.025000 0.044444
18 0.573438 0.738889 0.025000 0.044444
241 0.598437 0.738889 0.025000 0.044444
80 0.623438 0.738889 0.025000 0.044444
169 0.613542 0.518519 0.140625 0.351852
20 0.613542 0.711111 0.147656 0.023333
48 0.597917 0.312963 0.038333 0.068148
147 0.326042 0.729630 0.025000 0.044444
337 0.351042 0.729630 0.025000 0.044444
266 0.376042 0.729630 0.025000 0.044444
378 0.401042 0.729630 0.025000 0.044444
282 0.444792 0.495370 0.247917 0.379630
20 0.444792 0.701852 0.260312 0.023333
48 0.444792 0.275926 0.038333 0.068148
