289 0.226563 1.000000 0.153046 0.323776
289 0.300938 0.968750 0.142404 0.313332
642 0.379687 0.943287 0.130728 0.300556
480 0.458438 0.925926 0.118005 0.285433
444 0.541562 0.925926 0.117945 0.285357
641 0.620313 0.943287 0.130669 0.300481
232 0.693594 0.968750 0.142346 0.313258
87 0.773438 1.000000 0.152989 0.323704
29 0.033333 0.094444 0.037500 0.066667
37 0.070833 0.094444 0.037500 0.066667
34 0.108333 0.094444 0.037500 0.066667
32 0.145833 0.094444 0.037500 0.066667
131 0.183333 0.094444 0.037500 0.066667
93 0.220833 0.094444 0.037500 0.066667
8 0.258333 0.094444 0.037500 0.066667
6 0.295833 0.094444 0.037500 0.066667
64 0.333333 0.094444 0.037500 0.066667
4 0.370833 0.094444 0.037500 0.066667
36 0.408333 0.094444 0.037500 0.066667
28 0.445833 0.094444 0.037500 0.066667
93 0.483333 0.094444 0.037500 0.066667
35 0.520833 0.094444 0.037500 0.066667
37 0.558333 0.094444 0.037500 0.066667
67 0.595833 0.094444 0.037500 0.066667
38 0.633333 0.094444 0.037500 0.066667
30 0.670833 0.094444 0.037500 0.066667
355 0.334375 0.027778 0.033333 0.059259
111 0.363542 0.027778 0.033333 0.059259
13 0.392708 0.027778 0.033333 0.059259
13 0.421875 0.027778 0.033333 0.059259
13 0.451042 0.027778 0.033333 0.059259
14 0.247917 0.565741 0.114583 0.268519
15 0.247917 0.716667 0.120312 0.023333
366 0.195833 0.744444 0.025000 0.044444
77 0.540625 0.734259 0.025000 0.044444
314 0.565625 0.734259 0.025000 0.044444
46 0.590625 0.734259 0.025000 0.044444
527 0.615625 0.734259 0.025000 0.044444
529 0.650000 0.527778 0.229167 0.324074
20 0.650000 0.706481 0.240625 0.023333
72 0.650000 0.336111 0.038333 0.068148
119 0.366667 0.738889 0.025000 0.044444
78 0.391667 0.738889 0.025000 0.044444
422 0.452604 0.490741 0.182292 0.407407
20 0.452604 0.711111 0.191406 0.023333
48 0.452604 0.257407 0.038333 0.068148
215 0.740625 0.739815 0.025000 0.044444
120 0.765625 0.739815 0.025000 0.044444
415 0.790625 0.739815 0.025000 0.044444
401 0.815625 0.739815 0.025000 0.044444
446 0.852604 0.551852 0.234375 0.287037
20 0.852604 0.712037 0.246094 0.023333
48 0.852604 0.378704 0.038333 0.068148
