298 0.270312 0.986111 0.149899 0.329824
379 0.357812 0.949074 0.137609 0.316375
519 0.452969 0.925926 0.124215 0.300456
196 0.547031 0.925926 0.124152 0.300376
584 0.642187 0.949074 0.137546 0.316296
244 0.729688 0.986111 0.149838 0.329746
108 0.033333 0.094444 0.037500 0.066667
29 0.070833 0.094444 0.037500 0.066667
33 0.108333 0.094444 0.037500 0.066667
108 0.145833 0.094444 0.037500 0.066667
109 0.183333 0.094444 0.037500 0.066667
130 0.220833 0.094444 0.037500 0.066667
6 0.258333 0.094444 0.037500 0.066667
12 0.334375 0.027778 0.033333 0.059259
290 0.363542 0.027778 0.033333 0.059259
304 0.392708 0.027778 0.033333 0.059259
111 0.421875 0.027778 0.033333 0.059259
13 0.451042 0.027778 0.033333 0.059259
14 0.247917 0.565741 0.114583 0.268519
15 0.247917 0.716667 0.120312 0.023333
201 0.195833 0.744444 0.025000 0.044444
390 0.220833 0.744444 0.025000 0.044444
164 0.245833 0.744444 0.025000 0.044444
276 0.603125 0.733333 0.025000 0.044444
275 0.628125 0.733333 0.025000 0.044444
378 0.653125 0.733333 0.025000 0.044444
187 0.678125 0.733333 0.025000 0.044444
319 0.647396 0.605556 0.098958 0.166667
20 0.647396 0.705556 0.103906 0.023333
48 0.647396 0.492593 0.038333 0.068148
138 0.811979 0.740741 0.025000 0.044444
50 0.836979 0.740741 0.025000 0.044444
264 0.861979 0.740741 0.025000 0.044444
81 0.845833 0.626852 0.078125 0.138889
20 0.845833 0.712963 0.082031 0.023333
82 0.845833 0.527778 0.038333 0.068148
