89 0.314063 0.986111 0.143917 0.323435
27 0.401563 0.953704 0.131037 0.308710
619 0.500000 0.935185 0.117188 0.291667
172 0.598437 0.953704 0.130975 0.308631
572 0.685938 0.986111 0.143855 0.323357
34 0.033333 0.094444 0.037500 0.066667
199 0.070833 0.094444 0.037500 0.066667
254 0.334375 0.027778 0.033333 0.059259
111 0.363542 0.027778 0.033333 0.059259
272 0.392708 0.027778 0.033333 0.059259
13 0.421875 0.027778 0.033333 0.059259
13 0.451042 0.027778 0.033333 0.059259
14 0.247917 0.565741 0.114583 0.268519
15 0.247917 0.716667 0.120312 0.023333
97 0.195833 0.744444 0.025000 0.044444
124 0.811979 0.740741 0.025000 0.044444
81 0.845833 0.626852 0.078125 0.138889
20 0.845833 0.712963 0.082031 0.023333
82 0.845833 0.527778 0.038333 0.068148
325 0.540625 0.739815 0.025000 0.044444
73 0.565625 0.739815 0.025000 0.044444
294 0.590625 0.739815 0.025000 0.044444
152 0.615625 0.739815 0.025000 0.044444
446 0.652604 0.551852 0.234375 0.287037
20 0.652604 0.712037 0.246094 0.023333
170 0.652604 0.378704 0.038333 0.068148
