387 0.500000 0.925926 0.117188 0.291667
7 0.033333 0.094444 0.037500 0.066667
31 0.070833 0.094444 0.037500 0.066667
108 0.108333 0.094444 0.037500 0.066667
113 0.334375 0.027778 0.033333 0.059259
143 0.363542 0.027778 0.033333 0.059259
96 0.392708 0.027778 0.033333 0.059259
13 0.421875 0.027778 0.033333 0.059259
13 0.451042 0.027778 0.033333 0.059259
14 0.247917 0.565741 0.114583 0.268519
15 0.247917 0.716667 0.120312 0.023333
148 0.195833 0.744444 0.025000 0.044444
202 0.220833 0.744444 0.025000 0.044444
70 0.245833 0.744444 0.025000 0.044444
306 0.270833 0.744444 0.025000 0.044444
99 0.348437 0.738889 0.025000 0.044444
293 0.373437 0.738889 0.025000 0.044444
220 0.398438 0.738889 0.025000 0.044444
169 0.413542 0.518519 0.140625 0.351852
20 0.413542 0.711111 0.147656 0.023333
48 0.397917 0.312963 0.038333 0.068148
306 0.623958 0.733333 0.025000 0.044444
313 0.648958 0.733333 0.025000 0.044444
241 0.673958 0.733333 0.025000 0.044444
327 0.698958 0.733333 0.025000 0.044444
154 0.650000 0.614815 0.062500 0.148148
20 0.650000 0.705556 0.065625 0.023333
48 0.650000 0.511111 0.038333 0.068148
204 0.726042 0.729630 0.025000 0.044444
367 0.751042 0.729630 0.025000 0.044444
101 0.776042 0.729630 0.025000 0.044444
282 0.844792 0.495370 0.247917 0.379630
20 0.844792 0.701852 0.260312 0.023333
170 0.844792 0.275926 0.038333 0.068148
