618 0.182812 1.000000 0.145411 0.296825
421 0.237500 0.976852 0.136936 0.289694
349 0.303125 0.951852 0.127414 0.280350
372 0.379687 0.928704 0.116968 0.268919
398 0.456250 0.921296 0.105583 0.255387
230 0.543750 0.921296 0.105530 0.255319
548 0.620313 0.928704 0.116914 0.268851
564 0.696875 0.951852 0.127362 0.280284
212 0.762500 0.976852 0.136885 0.289630
515 0.817187 1.000000 0.145376 0.296799
6 0.033333 0.094444 0.037500 0.066667
92 0.070833 0.094444 0.037500 0.066667
31 0.108333 0.094444 0.037500 0.066667
29 0.145833 0.094444 0.037500 0.066667
32 0.183333 0.094444 0.037500 0.066667
30 0.220833 0.094444 0.037500 0.066667
199 0.258333 0.094444 0.037500 0.066667
28 0.295833 0.094444 0.037500 0.066667
39 0.334375 0.027778 0.033333 0.059259
174 0.363542 0.027778 0.033333 0.059259
13 0.392708 0.027778 0.033333 0.059259
13 0.421875 0.027778 0.033333 0.059259
13 0.451042 0.027778 0.033333 0.059259
14 0.247917 0.565741 0.114583 0.268519
15 0.247917 0.716667 0.120312 0.023333
276 0.195833 0.744444 0.025000 0.044444
16 0.220833 0.744444 0.025000 0.044444
356 0.574479 0.725926 0.025000 0.044444
279 0.660417 0.561111 0.182292 0.240741
20 0.660417 0.698148 0.191406 0.023333
280 0.660417 0.411111 0.038333 0.068148
43 0.805729 0.738889 0.025000 0.044444
329 0.847396 0.564815 0.093750 0.259259
20 0.847396 0.711111 0.098437 0.023333
21 0.847396 0.405556 0.038333 0.068148
