635 0.270312 0.986111 0.149899 0.329824
526 0.357812 0.949074 0.137609 0.316375
593 0.452969 0.925926 0.124215 0.300456
640 0.547031 0.925926 0.124152 0.300376
467 0.642187 0.949074 0.137546 0.316296
85 0.729688 0.986111 0.149838 0.329746
8 0.033333 0.094444 0.037500 0.066667
184 0.070833 0.094444 0.037500 0.066667
32 0.108333 0.094444 0.037500 0.066667
4 0.145833 0.094444 0.037500 0.066667
129 0.183333 0.094444 0.037500 0.066667
132 0.220833 0.094444 0.037500 0.066667
33 0.258333 0.094444 0.037500 0.066667
30 0.295833 0.094444 0.037500 0.066667
91 0.333333 0.094444 0.037500 0.066667
36 0.370833 0.094444 0.037500 0.066667
93 0.408333 0.094444 0.037500 0.066667
131 0.445833 0.094444 0.037500 0.066667
66 0.483333 0.094444 0.037500 0.066667
110 0.520833 0.094444 0.037500 0.066667
133 0.334375 0.027778 0.033333 0.059259
13 0.363542 0.027778 0.033333 0.059259
13 0.392708 0.027778 0.033333 0.059259
13 0.421875 0.027778 0.033333 0.059259
13 0.451042 0.027778 0.033333 0.059259
14 0.247917 0.565741 0.114583 0.268519
15 0.247917 0.716667 0.120312 0.023333
356 0.195833 0.744444 0.025000 0.044444
152 0.220833 0.744444 0.025000 0.044444
18 0.403125 0.743519 0.025000 0.044444
103 0.428125 0.743519 0.025000 0.044444
227 0.453125 0.743519 0.025000 0.044444
151 0.478125 0.743519 0.025000 0.044444
368 0.450000 0.555556 0.104167 0.287037
20 0.450000 0.715741 0.109375 0.023333
331 0.450000 0.382407 0.038333 0.068148
481 0.797917 0.737037 0.025000 0.044444
148 0.822917 0.737037 0.025000 0.044444
426 0.844792 0.562963 0.104167 0.259259
20 0.844792 0.709259 0.109375 0.023333
170 0.844792 0.403704 0.038333 0.068148
69 0.571875 0.724074 0.025000 0.044444
441 0.639583 0.563889 0.145833 0.231481
20 0.639583 0.696296 0.153125 0.023333
170 0.639583 0.418519 0.038333 0.068148
