574 0.401563 0.953704 0.131037 0.308710
575 0.500000 0.925926 0.117188 0.291667
594 0.598437 0.953704 0.130975 0.308631
37 0.033333 0.094444 0.037500 0.066667
290 0.334375 0.027778 0.033333 0.059259
95 0.363542 0.027778 0.033333 0.059259
254 0.392708 0.027778 0.033333 0.059259
111 0.421875 0.027778 0.033333 0.059259
377 0.451042 0.027778 0.033333 0.059259
14 0.247917 0.565741 0.114583 0.268519
15 0.247917 0.716667 0.120312 0.023333
356 0.195833 0.744444 0.025000 0.044444
327 0.220833 0.744444 0.025000 0.044444
291 0.245833 0.744444 0.025000 0.044444
189 0.748438 0.729630 0.025000 0.044444
138 0.773438 0.729630 0.025000 0.044444
278 0.860417 0.476852 0.234375 0.416667
20 0.860417 0.701852 0.246094 0.023333
170 0.860417 0.238889 0.038333 0.068148
274 0.605729 0.757407 0.025000 0.044444
52 0.630729 0.757407 0.025000 0.044444
424 0.655729 0.757407 0.025000 0.044444
141 0.652604 0.583333 0.104167 0.259259
20 0.652604 0.729630 0.109375 0.023333
48 0.652604 0.424074 0.038333 0.068148
