127 0.448594 0.925926 0.124215 0.300456
508 0.557969 0.925926 0.124152 0.300376
130 0.033333 0.094444 0.037500 0.066667
8 0.070833 0.094444 0.037500 0.066667
32 0.108333 0.094444 0.037500 0.066667
108 0.145833 0.094444 0.037500 0.066667
109 0.183333 0.094444 0.037500 0.066667
108 0.220833 0.094444 0.037500 0.066667
36 0.258333 0.094444 0.037500 0.066667
199 0.295833 0.094444 0.037500 0.066667
8 0.333333 0.094444 0.037500 0.066667
8 0.370833 0.094444 0.037500 0.066667
29 0.408333 0.094444 0.037500 0.066667
132 0.445833 0.094444 0.037500 0.066667
130 0.483333 0.094444 0.037500 0.066667
93 0.520833 0.094444 0.037500 0.066667
37 0.558333 0.094444 0.037500 0.066667
34 0.595833 0.094444 0.037500 0.066667
4 0.633333 0.094444 0.037500 0.066667
130 0.670833 0.094444 0.037500 0.066667
200 0.334375 0.027778 0.033333 0.059259
13 0.363542 0.027778 0.033333 0.059259
13 0.392708 0.027778 0.033333 0.059259
13 0.421875 0.027778 0.033333 0.059259
13 0.451042 0.027778 0.033333 0.059259
14 0.247917 0.565741 0.114583 0.268519
15 0.247917 0.716667 0.120312 0.023333
281 0.195833 0.744444 0.025000 0.044444
178 0.220833 0.744444 0.025000 0.044444
222 0.245833 0.744444 0.025000 0.044444
70 0.808333 0.711111 0.025000 0.044444
378 0.833333 0.711111 0.025000 0.044444
367 0.858333 0.711111 0.025000 0.044444
206 0.850000 0.523148 0.093750 0.287037
20 0.850000 0.683333 0.098437 0.023333
48 0.850000 0.350000 0.038333 0.068148
189 0.611979 0.740741 0.025000 0.044444
101 0.636979 0.740741 0.025000 0.044444
81 0.645833 0.626852 0.078125 0.138889
20 0.645833 0.712963 0.082031 0.023333
82 0.645833 0.527778 0.038333 0.068148
