83 0.351250 0.960648 0.137609 0.316375
373 0.449688 0.935185 0.124215 0.300456
229 0.550312 0.935185 0.124152 0.300376
597 0.648750 0.960648 0.137546 0.316296
4 0.033333 0.094444 0.037500 0.066667
199 0.070833 0.094444 0.037500 0.066667
66 0.108333 0.094444 0.037500 0.066667
92 0.145833 0.094444 0.037500 0.066667
199 0.183333 0.094444 0.037500 0.066667
30 0.220833 0.094444 0.037500 0.066667
66 0.258333 0.094444 0.037500 0.066667
111 0.334375 0.027778 0.033333 0.059259
13 0.363542 0.027778 0.033333 0.059259
13 0.392708 0.027778 0.033333 0.059259
13 0.421875 0.027778 0.033333 0.059259
13 0.451042 0.027778 0.033333 0.059259
14 0.247917 0.565741 0.114583 0.268519
15 0.247917 0.716667 0.120312 0.023333
136 0.195833 0.744444 0.025000 0.044444
134 0.220833 0.744444 0.025000 0.044444
155 0.618750 0.706481 0.025000 0.044444
299 0.643750 0.706481 0.025000 0.044444
57 0.650000 0.601852 0.072917 0.120370
20 0.650000 0.678704 0.076563 0.023333
48 0.650000 0.512037 0.038333 0.068148
201 0.811979 0.740741 0.025000 0.044444
273 0.836979 0.740741 0.025000 0.044444
307 0.861979 0.740741 0.025000 0.044444
483 0.886979 0.740741 0.025000 0.044444
81 0.845833 0.626852 0.078125 0.138889
20 0.845833 0.712963 0.082031 0.023333
82 0.845833 0.527778 0.038333 0.068148
