606 0.237500 1.000000 0.155649 0.335641
541 0.314063 0.968783 0.143917 0.323435
615 0.401563 0.945767 0.131037 0.308710
191 0.500000 0.931481 0.117188 0.291667
559 0.598437 0.945767 0.130975 0.308631
352 0.685938 0.968783 0.143855 0.323357
656 0.762500 1.000000 0.155588 0.335564
131 0.033333 0.094444 0.037500 0.066667
33 0.070833 0.094444 0.037500 0.066667
132 0.108333 0.094444 0.037500 0.066667
32 0.145833 0.094444 0.037500 0.066667
163 0.183333 0.094444 0.037500 0.066667
113 0.334375 0.027778 0.033333 0.059259
133 0.363542 0.027778 0.033333 0.059259
200 0.392708 0.027778 0.033333 0.059259
200 0.421875 0.027778 0.033333 0.059259
13 0.451042 0.027778 0.033333 0.059259
14 0.247917 0.565741 0.114583 0.268519
15 0.247917 0.716667 0.120312 0.023333
269 0.195833 0.744444 0.025000 0.044444
314 0.220833 0.744444 0.025000 0.044444
148 0.408333 0.711111 0.025000 0.044444
390 0.433333 0.711111 0.025000 0.044444
369 0.458333 0.711111 0.025000 0.044444
47 0.450000 0.601852 0.093750 0.129630
20 0.450000 0.683333 0.098437 0.023333
82 0.450000 0.507407 0.038333 0.068148
205 0.605729 0.738889 0.025000 0.044444
483 0.630729 0.738889 0.025000 0.044444
371 0.655729 0.738889 0.025000 0.044444
329 0.647396 0.564815 0.093750 0.259259
20 0.647396 0.711111 0.098437 0.023333
21 0.647396 0.405556 0.038333 0.068148
205 0.818750 0.706481 0.025000 0.044444
416 0.843750 0.706481 0.025000 0.044444
57 0.850000 0.601852 0.072917 0.120370
20 0.850000 0.678704 0.076563 0.023333
48 0.850000 0.512037 0.038333 0.068148
