192 0.193750 1.000000 0.149621 0.310807
317 0.259375 0.982716 0.140084 0.302077
645 0.332656 0.955556 0.129526 0.291092
602 0.412500 0.930247 0.117934 0.277839
644 0.500000 0.925926 0.105469 0.262500
598 0.587500 0.930247 0.117877 0.277768
576 0.667344 0.955556 0.129470 0.291021
611 0.740625 0.982716 0.140029 0.302007
27 0.806250 1.000000 0.149567 0.310740
107 0.033333 0.094444 0.037500 0.066667
65 0.070833 0.094444 0.037500 0.066667
238 0.334375 0.027778 0.033333 0.059259
355 0.363542 0.027778 0.033333 0.059259
68 0.392708 0.027778 0.033333 0.059259
143 0.421875 0.027778 0.033333 0.059259
143 0.451042 0.027778 0.033333 0.059259
14 0.247917 0.565741 0.114583 0.268519
15 0.247917 0.716667 0.120312 0.023333
269 0.195833 0.744444 0.025000 0.044444
274 0.591146 0.729630 0.025000 0.044444
152 0.616146 0.729630 0.025000 0.044444
337 0.641146 0.729630 0.025000 0.044444
45 0.666146 0.729630 0.025000 0.044444
221 0.645833 0.574074 0.119792 0.222222
20 0.645833 0.701852 0.125781 0.023333
48 0.645833 0.433333 0.038333 0.068148
119 0.803125 0.733333 0.025000 0.044444
269 0.828125 0.733333 0.025000 0.044444
319 0.847396 0.605556 0.098958 0.166667
20 0.847396 0.705556 0.103906 0.023333
48 0.847396 0.492593 0.038333 0.068148
