567 0.314063 0.986111 0.143917 0.323435
597 0.401563 0.953704 0.131037 0.308710
539 0.500000 0.935185 0.117188 0.291667
587 0.598437 0.953704 0.130975 0.308631
432 0.685938 0.986111 0.143855 0.323357
8 0.033333 0.094444 0.037500 0.066667
64 0.070833 0.094444 0.037500 0.066667
108 0.108333 0.094444 0.037500 0.066667
67 0.145833 0.094444 0.037500 0.066667
8 0.183333 0.094444 0.037500 0.066667
66 0.220833 0.094444 0.037500 0.066667
186 0.334375 0.027778 0.033333 0.059259
254 0.363542 0.027778 0.033333 0.059259
12 0.392708 0.027778 0.033333 0.059259
95 0.421875 0.027778 0.033333 0.059259
336 0.451042 0.027778 0.033333 0.059259
14 0.247917 0.565741 0.114583 0.268519
15 0.247917 0.716667 0.120312 0.023333
16 0.195833 0.744444 0.025000 0.044444
281 0.591146 0.729630 0.025000 0.044444
44 0.616146 0.729630 0.025000 0.044444
168 0.641146 0.729630 0.025000 0.044444
227 0.666146 0.729630 0.025000 0.044444
221 0.645833 0.574074 0.119792 0.222222
20 0.645833 0.701852 0.125781 0.023333
48 0.645833 0.433333 0.038333 0.068148
75 0.805729 0.738889 0.025000 0.044444
151 0.830729 0.738889 0.025000 0.044444
49 0.855729 0.738889 0.025000 0.044444
274 0.880729 0.738889 0.025000 0.044444
329 0.847396 0.564815 0.093750 0.259259
20 0.847396 0.711111 0.098437 0.023333
21 0.847396 0.405556 0.038333 0.068148
