607 0.270312 0.986111 0.149899 0.329824
271 0.357812 0.949074 0.137609 0.316375
634 0.452969 0.925926 0.124215 0.300456
487 0.547031 0.925926 0.124152 0.300376
465 0.642187 0.949074 0.137546 0.316296
375 0.729688 0.986111 0.149838 0.329746
131 0.033333 0.094444 0.037500 0.066667
163 0.070833 0.094444 0.037500 0.066667
4 0.108333 0.094444 0.037500 0.066667
199 0.145833 0.094444 0.037500 0.066667
4 0.183333 0.094444 0.037500 0.066667
110 0.220833 0.094444 0.037500 0.066667
31 0.258333 0.094444 0.037500 0.066667
35 0.295833 0.094444 0.037500 0.066667
145 0.334375 0.027778 0.033333 0.059259
304 0.363542 0.027778 0.033333 0.059259
290 0.392708 0.027778 0.033333 0.059259
174 0.421875 0.027778 0.033333 0.059259
145 0.451042 0.027778 0.033333 0.059259
14 0.247917 0.565741 0.114583 0.268519
15 0.247917 0.716667 0.120312 0.023333
258 0.195833 0.744444 0.025000 0.044444
74 0.220833 0.744444 0.025000 0.044444
215 0.803125 0.729630 0.025000 0.044444
531 0.850000 0.583333 0.104167 0.203704
20 0.850000 0.701852 0.109375 0.023333
48 0.850000 0.451852 0.038333 0.068148
314 0.371875 0.734259 0.025000 0.044444
222 0.396875 0.734259 0.025000 0.044444
416 0.421875 0.734259 0.025000 0.044444
149 0.450000 0.587963 0.166667 0.203704
20 0.450000 0.706481 0.175000 0.023333
150 0.450000 0.456481 0.038333 0.068148
117 0.564062 0.751852 0.025000 0.044444
56 0.589063 0.751852 0.025000 0.044444
270 0.614062 0.751852 0.025000 0.044444
590 0.650000 0.540741 0.182292 0.333333
20 0.650000 0.724074 0.191406 0.023333
21 0.650000 0.344444 0.038333 0.068148
