85 0.500000 0.925926 0.117188 0.291667
35 0.033333 0.094444 0.037500 0.066667
109 0.070833 0.094444 0.037500 0.066667
91 0.108333 0.094444 0.037500 0.066667
67 0.145833 0.094444 0.037500 0.066667
110 0.183333 0.094444 0.037500 0.066667
34 0.220833 0.094444 0.037500 0.066667
163 0.258333 0.094444 0.037500 0.066667
28 0.295833 0.094444 0.037500 0.066667
68 0.334375 0.027778 0.033333 0.059259
238 0.363542 0.027778 0.033333 0.059259
13 0.392708 0.027778 0.033333 0.059259
13 0.421875 0.027778 0.033333 0.059259
13 0.451042 0.027778 0.033333 0.059259
14 0.247917 0.565741 0.114583 0.268519
15 0.247917 0.716667 0.120312 0.023333
425 0.195833 0.744444 0.025000 0.044444
228 0.220833 0.744444 0.025000 0.044444
483 0.608333 0.711111 0.025000 0.044444
49 0.633333 0.711111 0.025000 0.044444
206 0.650000 0.523148 0.093750 0.287037
20 0.650000 0.683333 0.098437 0.023333
48 0.650000 0.350000 0.038333 0.068148
176 0.371875 0.724074 0.025000 0.044444
425 0.396875 0.724074 0.025000 0.044444
441 0.439583 0.563889 0.145833 0.231481
20 0.439583 0.696296 0.153125 0.023333
48 0.439583 0.418519 0.038333 0.068148
242 0.753646 0.729630 0.025000 0.044444
299 0.778646 0.729630 0.025000 0.044444
175 0.803646 0.729630 0.025000 0.044444
383 0.850000 0.504630 0.203125 0.361111
20 0.850000 0.701852 0.213281 0.023333
216 0.850000 0.294444 0.038333 0.068148
