171 0.448594 0.925926 0.124215 0.300456
580 0.557969 0.925926 0.124152 0.300376
173 0.033333 0.094444 0.037500 0.066667
110 0.070833 0.094444 0.037500 0.066667
32 0.108333 0.094444 0.037500 0.066667
36 0.145833 0.094444 0.037500 0.066667
132 0.183333 0.094444 0.037500 0.066667
33 0.220833 0.094444 0.037500 0.066667
8 0.258333 0.094444 0.037500 0.066667
36 0.295833 0.094444 0.037500 0.066667
68 0.334375 0.027778 0.033333 0.059259
186 0.363542 0.027778 0.033333 0.059259
303 0.392708 0.027778 0.033333 0.059259
95 0.421875 0.027778 0.033333 0.059259
113 0.451042 0.027778 0.033333 0.059259
14 0.247917 0.565741 0.114583 0.268519
15 0.247917 0.716667 0.120312 0.023333
306 0.195833 0.744444 0.025000 0.044444
415 0.220833 0.744444 0.025000 0.044444
18 0.245833 0.744444 0.025000 0.044444
138 0.270833 0.744444 0.025000 0.044444
274 0.603125 0.729630 0.025000 0.044444
16 0.628125 0.729630 0.025000 0.044444
483 0.653125 0.729630 0.025000 0.044444
531 0.650000 0.583333 0.104167 0.203704
20 0.650000 0.701852 0.109375 0.023333
48 0.650000 0.451852 0.038333 0.068148
258 0.364062 0.751852 0.025000 0.044444
118 0.389062 0.751852 0.025000 0.044444
259 0.414063 0.751852 0.025000 0.044444
187 0.439063 0.751852 0.025000 0.044444
590 0.450000 0.540741 0.182292 0.333333
20 0.450000 0.724074 0.191406 0.023333
48 0.450000 0.344444 0.038333 0.068148
201 0.758854 0.725000 0.025000 0.044444
291 0.783854 0.725000 0.025000 0.044444
476 0.850000 0.523148 0.192708 0.314815
20 0.850000 0.697222 0.202344 0.023333
48 0.850000 0.336111 0.038333 0.068148
