62 0.401563 0.953704 0.131037 0.308710
389 0.500000 0.925926 0.117188 0.291667
598 0.598437 0.953704 0.130975 0.308631
29 0.033333 0.094444 0.037500 0.066667
64 0.070833 0.094444 0.037500 0.066667
110 0.108333 0.094444 0.037500 0.066667
66 0.145833 0.094444 0.037500 0.066667
107 0.183333 0.094444 0.037500 0.066667
173 0.220833 0.094444 0.037500 0.066667
107 0.258333 0.094444 0.037500 0.066667
131 0.295833 0.094444 0.037500 0.066667
107 0.333333 0.094444 0.037500 0.066667
65 0.370833 0.094444 0.037500 0.066667
163 0.408333 0.094444 0.037500 0.066667
64 0.445833 0.094444 0.037500 0.066667
93 0.483333 0.094444 0.037500 0.066667
38 0.520833 0.094444 0.037500 0.066667
8 0.558333 0.094444 0.037500 0.066667
33 0.595833 0.094444 0.037500 0.066667
92 0.633333 0.094444 0.037500 0.066667
65 0.670833 0.094444 0.037500 0.066667
67 0.708333 0.094444 0.037500 0.066667
303 0.334375 0.027778 0.033333 0.059259
113 0.363542 0.027778 0.033333 0.059259
336 0.392708 0.027778 0.033333 0.059259
133 0.421875 0.027778 0.033333 0.059259
145 0.451042 0.027778 0.033333 0.059259
14 0.247917 0.565741 0.114583 0.268519
15 0.247917 0.716667 0.120312 0.023333
415 0.195833 0.744444 0.025000 0.044444
481 0.771875 0.734259 0.025000 0.044444
76 0.850000 0.495370 0.166667 0.388889
20 0.850000 0.706481 0.175000 0.023333
48 0.850000 0.271296 0.038333 0.068148
