519 0.351250 0.960648 0.137609 0.316375
541 0.449688 0.935185 0.124215 0.300456
576 0.550312 0.935185 0.124152 0.300376
622 0.648750 0.960648 0.137546 0.316296
177 0.033333 0.094444 0.037500 0.066667
98 0.070833 0.094444 0.037500 0.066667
9 0.108333 0.094444 0.037500 0.066667
98 0.145833 0.094444 0.037500 0.066667
287 0.183333 0.094444 0.037500 0.066667
40 0.220833 0.094444 0.037500 0.066667
164 0.258333 0.094444 0.037500 0.066667
117 0.295833 0.094444 0.037500 0.066667
100 0.333333 0.094444 0.037500 0.066667
117 0.370833 0.094444 0.037500 0.066667
136 0.408333 0.094444 0.037500 0.066667
47 0.445833 0.094444 0.037500 0.066667
138 0.483333 0.094444 0.037500 0.066667
141 0.334375 0.027778 0.033333 0.059259
78 0.363542 0.027778 0.033333 0.059259
120 0.392708 0.027778 0.033333 0.059259
142 0.421875 0.027778 0.033333 0.059259
13 0.451042 0.027778 0.033333 0.059259
14 0.247917 0.565741 0.114583 0.268519
15 0.247917 0.716667 0.120312 0.023333
270 0.195833 0.744444 0.025000 0.044444
345 0.220833 0.744444 0.025000 0.044444
151 0.245833 0.744444 0.025000 0.044444
85 0.810938 0.725062 0.025000 0.044444
472 0.850000 0.620433 0.088542 0.120370
23 0.850000 0.697284 0.092969 0.023333
57 0.850000 0.530618 0.038333 0.068148
148 0.597917 0.737037 0.025000 0.044444
83 0.622917 0.737037 0.025000 0.044444
249 0.644792 0.562963 0.104167 0.259259
23 0.644792 0.709259 0.109375 0.023333
57 0.644792 0.403704 0.038333 0.068148
