474 0.182812 1.000000 0.145411 0.296825
438 0.237500 0.976852 0.136936 0.289694
498 0.303125 0.951852 0.127414 0.280350
334 0.379687 0.928704 0.116968 0.268919
509 0.456250 0.921296 0.105583 0.255387
653 0.543750 0.921296 0.105530 0.255319
579 0.620313 0.928704 0.116914 0.268851
126 0.696875 0.951852 0.127362 0.280284
89 0.762500 0.976852 0.136885 0.289630
375 0.817187 1.000000 0.145376 0.296799
91 0.033333 0.094444 0.037500 0.066667
38 0.070833 0.094444 0.037500 0.066667
129 0.108333 0.094444 0.037500 0.066667
6 0.145833 0.094444 0.037500 0.066667
131 0.183333 0.094444 0.037500 0.066667
110 0.220833 0.094444 0.037500 0.066667
8 0.258333 0.094444 0.037500 0.066667
109 0.295833 0.094444 0.037500 0.066667
109 0.333333 0.094444 0.037500 0.066667
133 0.334375 0.027778 0.033333 0.059259
238 0.363542 0.027778 0.033333 0.059259
186 0.392708 0.027778 0.033333 0.059259
113 0.421875 0.027778 0.033333 0.059259
13 0.451042 0.027778 0.033333 0.059259
14 0.247917 0.565741 0.114583 0.268519
15 0.247917 0.716667 0.120312 0.023333
356 0.195833 0.744444 0.025000 0.044444
242 0.220833 0.744444 0.025000 0.044444
371 0.591146 0.729630 0.025000 0.044444
241 0.616146 0.729630 0.025000 0.044444
187 0.641146 0.729630 0.025000 0.044444
425 0.666146 0.729630 0.025000 0.044444
221 0.645833 0.574074 0.119792 0.222222
20 0.645833 0.701852 0.125781 0.023333
48 0.645833 0.433333 0.038333 0.068148
378 0.787500 0.720370 0.025000 0.044444
115 0.812500 0.720370 0.025000 0.044444
330 0.850000 0.583333 0.135417 0.185185
20 0.850000 0.692593 0.142188 0.023333
331 0.850000 0.461111 0.038333 0.068148
