372 0.237500 1.000000 0.155649 0.335641
373 0.314063 0.968783 0.143917 0.323435
182 0.401563 0.945767 0.131037 0.308710
374 0.500000 0.931481 0.117188 0.291667
86 0.598437 0.945767 0.130975 0.308631
375 0.685938 0.968783 0.143855 0.323357
376 0.762500 1.000000 0.155588 0.335564
34 0.033333 0.094444 0.037500 0.066667
7 0.070833 0.094444 0.037500 0.066667
37 0.108333 0.094444 0.037500 0.066667
65 0.145833 0.094444 0.037500 0.066667
94 0.183333 0.094444 0.037500 0.066667
30 0.220833 0.094444 0.037500 0.066667
35 0.258333 0.094444 0.037500 0.066667
92 0.295833 0.094444 0.037500 0.066667
107 0.333333 0.094444 0.037500 0.066667
33 0.370833 0.094444 0.037500 0.066667
132 0.408333 0.094444 0.037500 0.066667
93 0.445833 0.094444 0.037500 0.066667
92 0.483333 0.094444 0.037500 0.066667
173 0.520833 0.094444 0.037500 0.066667
32 0.558333 0.094444 0.037500 0.066667
129 0.595833 0.094444 0.037500 0.066667
355 0.334375 0.027778 0.033333 0.059259
324 0.363542 0.027778 0.033333 0.059259
290 0.392708 0.027778 0.033333 0.059259
377 0.421875 0.027778 0.033333 0.059259
95 0.451042 0.027778 0.033333 0.059259
14 0.247917 0.565741 0.114583 0.268519
15 0.247917 0.716667 0.120312 0.023333
378 0.195833 0.744444 0.025000 0.044444
156 0.771875 0.734259 0.025000 0.044444
149 0.850000 0.587963 0.166667 0.203704
20 0.850000 0.706481 0.175000 0.023333
150 0.850000 0.456481 0.038333 0.068148
117 0.584896 0.738889 0.025000 0.044444
259 0.609896 0.738889 0.025000 0.044444
123 0.634896 0.738889 0.025000 0.044444
53 0.650000 0.509259 0.140625 0.370370
20 0.650000 0.711111 0.147656 0.023333
331 0.650000 0.294444 0.038333 0.068148
