395 0.270312 0.986111 0.149899 0.329824
650 0.357812 0.949074 0.137609 0.316375
562 0.452969 0.925926 0.124215 0.300456
431 0.547031 0.925926 0.124152 0.300376
219 0.642187 0.949074 0.137546 0.316296
387 0.729688 0.986111 0.149838 0.329746
94 0.033333 0.094444 0.037500 0.066667
254 0.334375 0.027778 0.033333 0.059259
11 0.363542 0.027778 0.033333 0.059259
13 0.392708 0.027778 0.033333 0.059259
13 0.421875 0.027778 0.033333 0.059259
13 0.451042 0.027778 0.033333 0.059259
14 0.247917 0.565741 0.114583 0.268519
15 0.247917 0.716667 0.120312 0.023333
18 0.195833 0.744444 0.025000 0.044444
114 0.220833 0.744444 0.025000 0.044444
276 0.540625 0.734259 0.025000 0.044444
529 0.650000 0.527778 0.229167 0.324074
20 0.650000 0.706481 0.240625 0.023333
72 0.650000 0.336111 0.038333 0.068148
220 0.384896 0.641667 0.025000 0.044444
157 0.457812 0.416667 0.156250 0.361111
20 0.457812 0.613889 0.164063 0.023333
158 0.457812 0.206481 0.038333 0.068148
17 0.756250 0.734259 0.025000 0.044444
190 0.850000 0.555556 0.197917 0.268519
20 0.850000 0.706481 0.207812 0.023333
170 0.850000 0.391667 0.038333 0.068148
