572 0.401563 0.953704 0.131037 0.308710
567 0.500000 0.925926 0.117188 0.291667
533 0.598437 0.953704 0.130975 0.308631
110 0.033333 0.094444 0.037500 0.066667
8 0.070833 0.094444 0.037500 0.066667
132 0.108333 0.094444 0.037500 0.066667
163 0.145833 0.094444 0.037500 0.066667
131 0.183333 0.094444 0.037500 0.066667
35 0.220833 0.094444 0.037500 0.066667
65 0.258333 0.094444 0.037500 0.066667
8 0.295833 0.094444 0.037500 0.066667
33 0.333333 0.094444 0.037500 0.066667
34 0.370833 0.094444 0.037500 0.066667
173 0.408333 0.094444 0.037500 0.066667
28 0.445833 0.094444 0.037500 0.066667
130 0.483333 0.094444 0.037500 0.066667
7 0.520833 0.094444 0.037500 0.066667
68 0.334375 0.027778 0.033333 0.059259
143 0.363542 0.027778 0.033333 0.059259
143 0.392708 0.027778 0.033333 0.059259
238 0.421875 0.027778 0.033333 0.059259
13 0.451042 0.027778 0.033333 0.059259
14 0.247917 0.565741 0.114583 0.268519
15 0.247917 0.716667 0.120312 0.023333
146 0.195833 0.744444 0.025000 0.044444
483 0.220833 0.744444 0.025000 0.044444
277 0.245833 0.744444 0.025000 0.044444
100 0.808333 0.725000 0.025000 0.044444
47 0.850000 0.615741 0.093750 0.129630
20 0.850000 0.697222 0.098437 0.023333
48 0.850000 0.521296 0.038333 0.068148
