437 0.270312 0.986111 0.149899 0.329824
27 0.357812 0.949074 0.137609 0.316375
556 0.452969 0.925926 0.124215 0.300456
595 0.547031 0.925926 0.124152 0.300376
636 0.642187 0.949074 0.137546 0.316296
637 0.729688 0.986111 0.149838 0.329746
108 0.033333 0.094444 0.037500 0.066667
4 0.070833 0.094444 0.037500 0.066667
36 0.108333 0.094444 0.037500 0.066667
94 0.145833 0.094444 0.037500 0.066667
94 0.183333 0.094444 0.037500 0.066667
107 0.220833 0.094444 0.037500 0.066667
131 0.258333 0.094444 0.037500 0.066667
33 0.295833 0.094444 0.037500 0.066667
37 0.333333 0.094444 0.037500 0.066667
107 0.370833 0.094444 0.037500 0.066667
66 0.408333 0.094444 0.037500 0.066667
184 0.445833 0.094444 0.037500 0.066667
199 0.483333 0.094444 0.037500 0.066667
29 0.520833 0.094444 0.037500 0.066667
184 0.558333 0.094444 0.037500 0.066667
5 0.595833 0.094444 0.037500 0.066667
110 0.633333 0.094444 0.037500 0.066667
64 0.670833 0.094444 0.037500 0.066667
272 0.334375 0.027778 0.033333 0.059259
13 0.363542 0.027778 0.033333 0.059259
13 0.392708 0.027778 0.033333 0.059259
13 0.421875 0.027778 0.033333 0.059259
13 0.451042 0.027778 0.033333 0.059259
14 0.247917 0.565741 0.114583 0.268519
15 0.247917 0.716667 0.120312 0.023333
416 0.195833 0.744444 0.025000 0.044444
296 0.771875 0.734259 0.025000 0.044444
357 0.796875 0.734259 0.025000 0.044444
118 0.821875 0.734259 0.025000 0.044444
76 0.850000 0.495370 0.166667 0.388889
20 0.850000 0.706481 0.175000 0.023333
48 0.850000 0.271296 0.038333 0.068148
378 0.611979 0.735185 0.025000 0.044444
549 0.645833 0.621296 0.078125 0.138889
20 0.645833 0.707407 0.082031 0.023333
216 0.645833 0.522222 0.038333 0.068148
