439 0.226563 1.000000 0.153046 0.323776
449 0.300938 0.968750 0.142404 0.313332
450 0.379687 0.943287 0.130728 0.300556
142 0.458438 0.925926 0.118005 0.285433
451 0.541562 0.925926 0.117945 0.285357
224 0.620313 0.943287 0.130669 0.300481
452 0.693594 0.968750 0.142346 0.313258
453 0.773438 1.000000 0.152989 0.323704
199 0.033333 0.094444 0.037500 0.066667
186 0.334375 0.027778 0.033333 0.059259
12 0.363542 0.027778 0.033333 0.059259
13 0.392708 0.027778 0.033333 0.059259
13 0.421875 0.027778 0.033333 0.059259
13 0.451042 0.027778 0.033333 0.059259
14 0.247917 0.565741 0.114583 0.268519
15 0.247917 0.716667 0.120312 0.023333
454 0.195833 0.744444 0.025000 0.044444
220 0.220833 0.744444 0.025000 0.044444
416 0.245833 0.744444 0.025000 0.044444
49 0.270833 0.744444 0.025000 0.044444
273 0.821354 0.731481 0.025000 0.044444
75 0.846354 0.731481 0.025000 0.044444
156 0.871354 0.731481 0.025000 0.044444
256 0.896354 0.731481 0.025000 0.044444
105 0.850000 0.640741 0.067708 0.092593
20 0.850000 0.703704 0.071094 0.023333
82 0.850000 0.564815 0.038333 0.068148
307 0.571875 0.734259 0.025000 0.044444
76 0.650000 0.495370 0.166667 0.388889
20 0.650000 0.706481 0.175000 0.023333
48 0.650000 0.271296 0.038333 0.068148
73 0.403125 0.743519 0.025000 0.044444
368 0.450000 0.555556 0.104167 0.287037
20 0.450000 0.715741 0.109375 0.023333
48 0.450000 0.382407 0.038333 0.068148
