617 0.401563 0.953704 0.131037 0.308710
197 0.500000 0.925926 0.117188 0.291667
603 0.598437 0.953704 0.130975 0.308631
66 0.033333 0.094444 0.037500 0.066667
31 0.070833 0.094444 0.037500 0.066667
110 0.108333 0.094444 0.037500 0.066667
34 0.145833 0.094444 0.037500 0.066667
35 0.183333 0.094444 0.037500 0.066667
32 0.220833 0.094444 0.037500 0.066667
64 0.258333 0.094444 0.037500 0.066667
92 0.295833 0.094444 0.037500 0.066667
129 0.333333 0.094444 0.037500 0.066667
131 0.370833 0.094444 0.037500 0.066667
31 0.408333 0.094444 0.037500 0.066667
107 0.445833 0.094444 0.037500 0.066667
200 0.334375 0.027778 0.033333 0.059259
13 0.363542 0.027778 0.033333 0.059259
13 0.392708 0.027778 0.033333 0.059259
13 0.421875 0.027778 0.033333 0.059259
13 0.451042 0.027778 0.033333 0.059259
14 0.247917 0.565741 0.114583 0.268519
15 0.247917 0.716667 0.120312 0.023333
222 0.195833 0.744444 0.025000 0.044444
44 0.220833 0.744444 0.025000 0.044444
313 0.245833 0.744444 0.025000 0.044444
307 0.808333 0.711111 0.025000 0.044444
47 0.850000 0.601852 0.093750 0.129630
20 0.850000 0.683333 0.098437 0.023333
82 0.850000 0.507407 0.038333 0.068148
415 0.621354 0.731481 0.025000 0.044444
326 0.646354 0.731481 0.025000 0.044444
105 0.650000 0.640741 0.067708 0.092593
20 0.650000 0.703704 0.071094 0.023333
82 0.650000 0.564815 0.038333 0.068148
