449 0.270312 0.986111 0.149899 0.329824
582 0.357812 0.949074 0.137609 0.316375
142 0.452969 0.925926 0.124215 0.300456
550 0.547031 0.925926 0.124152 0.300376
423 0.642187 0.949074 0.137546 0.316296
568 0.729688 0.986111 0.149838 0.329746
5 0.033333 0.094444 0.037500 0.066667
199 0.070833 0.094444 0.037500 0.066667
184 0.108333 0.094444 0.037500 0.066667
173 0.145833 0.094444 0.037500 0.066667
94 0.183333 0.094444 0.037500 0.066667
65 0.220833 0.094444 0.037500 0.066667
377 0.334375 0.027778 0.033333 0.059259
13 0.363542 0.027778 0.033333 0.059259
13 0.392708 0.027778 0.033333 0.059259
13 0.421875 0.027778 0.033333 0.059259
13 0.451042 0.027778 0.033333 0.059259
14 0.247917 0.565741 0.114583 0.268519
15 0.247917 0.716667 0.120312 0.023333
222 0.195833 0.744444 0.025000 0.044444
124 0.220833 0.744444 0.025000 0.044444
139 0.803125 0.741667 0.025000 0.044444
296 0.828125 0.741667 0.025000 0.044444
217 0.844792 0.565278 0.093750 0.263889
20 0.844792 0.713889 0.098437 0.023333
158 0.844792 0.403704 0.038333 0.068148
