576 0.193750 1.000000 0.149621 0.310807
518 0.259375 0.982716 0.140084 0.302077
515 0.332656 0.955556 0.129526 0.291092
271 0.412500 0.930247 0.117934 0.277839
364 0.500000 0.925926 0.105469 0.262500
468 0.587500 0.930247 0.117877 0.277768
438 0.667344 0.955556 0.129470 0.291021
2 0.740625 0.982716 0.140029 0.302007
375 0.806250 1.000000 0.149567 0.310740
37 0.033333 0.094444 0.037500 0.066667
5 0.070833 0.094444 0.037500 0.066667
31 0.108333 0.094444 0.037500 0.066667
37 0.145833 0.094444 0.037500 0.066667
30 0.183333 0.094444 0.037500 0.066667
28 0.220833 0.094444 0.037500 0.066667
34 0.258333 0.094444 0.037500 0.066667
36 0.295833 0.094444 0.037500 0.066667
65 0.333333 0.094444 0.037500 0.066667
66 0.370833 0.094444 0.037500 0.066667
163 0.408333 0.094444 0.037500 0.066667
29 0.445833 0.094444 0.037500 0.066667
32 0.483333 0.094444 0.037500 0.066667
38 0.520833 0.094444 0.037500 0.066667
163 0.558333 0.094444 0.037500 0.066667
65 0.595833 0.094444 0.037500 0.066667
129 0.633333 0.094444 0.037500 0.066667
34 0.670833 0.094444 0.037500 0.066667
184 0.708333 0.094444 0.037500 0.066667
272 0.334375 0.027778 0.033333 0.059259
355 0.363542 0.027778 0.033333 0.059259
112 0.392708 0.027778 0.033333 0.059259
13 0.421875 0.027778 0.033333 0.059259
13 0.451042 0.027778 0.033333 0.059259
14 0.247917 0.565741 0.114583 0.268519
15 0.247917 0.716667 0.120312 0.023333
56 0.195833 0.744444 0.025000 0.044444
80 0.220833 0.744444 0.025000 0.044444
226 0.245833 0.744444 0.025000 0.044444
51 0.270833 0.744444 0.025000 0.044444
371 0.610937 0.698223 0.025000 0.044444
390 0.635938 0.698223 0.025000 0.044444
277 0.660937 0.698223 0.025000 0.044444
448 0.650000 0.593594 0.088542 0.120370
20 0.650000 0.670445 0.092969 0.023333
170 0.650000 0.503779 0.038333 0.068148
270 0.784896 0.738889 0.025000 0.044444
53 0.850000 0.509259 0.140625 0.370370
20 0.850000 0.711111 0.147656 0.023333
331 0.850000 0.294444 0.038333 0.068148
100 0.418750 0.706481 0.025000 0.044444
74 0.443750 0.706481 0.025000 0.044444
258 0.468750 0.706481 0.025000 0.044444
122 0.493750 0.706481 0.025000 0.044444
57 0.450000 0.601852 0.072917 0.120370
20 0.450000 0.678704 0.076563 0.023333
48 0.450000 0.512037 0.038333 0.068148
