526 0.448594 0.925926 0.124215 0.300456
479 0.557969 0.925926 0.124152 0.300376
184 0.033333 0.094444 0.037500 0.066667
4 0.070833 0.094444 0.037500 0.066667
107 0.108333 0.094444 0.037500 0.066667
129 0.145833 0.094444 0.037500 0.066667
173 0.183333 0.094444 0.037500 0.066667
272 0.334375 0.027778 0.033333 0.059259
13 0.363542 0.027778 0.033333 0.059259
13 0.392708 0.027778 0.033333 0.059259
13 0.421875 0.027778 0.033333 0.059259
13 0.451042 0.027778 0.033333 0.059259
14 0.247917 0.565741 0.114583 0.268519
15 0.247917 0.716667 0.120312 0.023333
168 0.195833 0.744444 0.025000 0.044444
268 0.220833 0.744444 0.025000 0.044444
16 0.245833 0.744444 0.025000 0.044444
175 0.270833 0.744444 0.025000 0.044444
52 0.608333 0.725000 0.025000 0.044444
226 0.633333 0.725000 0.025000 0.044444
483 0.658333 0.725000 0.025000 0.044444
102 0.650000 0.615741 0.093750 0.129630
20 0.650000 0.697222 0.098437 0.023333
48 0.650000 0.521296 0.038333 0.068148
226 0.751042 0.743519 0.025000 0.044444
338 0.850000 0.509259 0.208333 0.379630
20 0.850000 0.715741 0.218750 0.023333
48 0.850000 0.289815 0.038333 0.068148
