523 0.500000 0.925926 0.117188 0.291667
32 0.033333 0.094444 0.037500 0.066667
93 0.070833 0.094444 0.037500 0.066667
37 0.108333 0.094444 0.037500 0.066667
67 0.145833 0.094444 0.037500 0.066667
30 0.183333 0.094444 0.037500 0.066667
64 0.220833 0.094444 0.037500 0.066667
8 0.258333 0.094444 0.037500 0.066667
35 0.295833 0.094444 0.037500 0.066667
32 0.333333 0.094444 0.037500 0.066667
67 0.370833 0.094444 0.037500 0.066667
108 0.408333 0.094444 0.037500 0.066667
33 0.445833 0.094444 0.037500 0.066667
110 0.483333 0.094444 0.037500 0.066667
93 0.520833 0.094444 0.037500 0.066667
92 0.558333 0.094444 0.037500 0.066667
184 0.595833 0.094444 0.037500 0.066667
4 0.633333 0.094444 0.037500 0.066667
92 0.670833 0.094444 0.037500 0.066667
132 0.708333 0.094444 0.037500 0.066667
186 0.334375 0.027778 0.033333 0.059259
185 0.363542 0.027778 0.033333 0.059259
9 0.392708 0.027778 0.033333 0.059259
13 0.421875 0.027778 0.033333 0.059259
13 0.451042 0.027778 0.033333 0.059259
14 0.247917 0.565741 0.114583 0.268519
15 0.247917 0.716667 0.120312 0.023333
296 0.195833 0.744444 0.025000 0.044444
75 0.821354 0.724074 0.025000 0.044444
314 0.846354 0.724074 0.025000 0.044444
41 0.871354 0.724074 0.025000 0.044444
260 0.850000 0.633333 0.067708 0.092593
20 0.850000 0.696296 0.071094 0.023333
48 0.850000 0.557407 0.038333 0.068148
294 0.623958 0.733333 0.025000 0.044444
177 0.648958 0.733333 0.025000 0.044444
256 0.673958 0.733333 0.025000 0.044444
154 0.650000 0.614815 0.062500 0.148148
20 0.650000 0.705556 0.065625 0.023333
48 0.650000 0.511111 0.038333 0.068148
