526 0.226563 1.000000 0.153046 0.323776
599 0.300938 0.968750 0.142404 0.313332
1 0.379687 0.943287 0.130728 0.300556
573 0.458438 0.925926 0.118005 0.285433
442 0.541562 0.925926 0.117945 0.285357
572 0.620313 0.943287 0.130669 0.300481
218 0.693594 0.968750 0.142346 0.313258
301 0.773438 1.000000 0.152989 0.323704
33 0.033333 0.094444 0.037500 0.066667
33 0.070833 0.094444 0.037500 0.066667
108 0.108333 0.094444 0.037500 0.066667
36 0.145833 0.094444 0.037500 0.066667
30 0.183333 0.094444 0.037500 0.066667
30 0.220833 0.094444 0.037500 0.066667
93 0.258333 0.094444 0.037500 0.066667
173 0.295833 0.094444 0.037500 0.066667
31 0.333333 0.094444 0.037500 0.066667
199 0.370833 0.094444 0.037500 0.066667
66 0.408333 0.094444 0.037500 0.066667
66 0.445833 0.094444 0.037500 0.066667
38 0.483333 0.094444 0.037500 0.066667
35 0.520833 0.094444 0.037500 0.066667
355 0.334375 0.027778 0.033333 0.059259
143 0.363542 0.027778 0.033333 0.059259
95 0.392708 0.027778 0.033333 0.059259
13 0.421875 0.027778 0.033333 0.059259
13 0.451042 0.027778 0.033333 0.059259
14 0.247917 0.565741 0.114583 0.268519
15 0.247917 0.716667 0.120312 0.023333
415 0.195833 0.744444 0.025000 0.044444
176 0.220833 0.744444 0.025000 0.044444
337 0.245833 0.744444 0.025000 0.044444
75 0.408333 0.725000 0.025000 0.044444
102 0.450000 0.615741 0.093750 0.129630
20 0.450000 0.697222 0.098437 0.023333
48 0.450000 0.521296 0.038333 0.068148
78 0.782812 0.734259 0.025000 0.044444
347 0.807813 0.734259 0.025000 0.044444
118 0.832812 0.734259 0.025000 0.044444
485 0.842708 0.537037 0.130208 0.305556
20 0.842708 0.706481 0.136719 0.023333
48 0.842708 0.354630 0.038333 0.068148
270 0.566667 0.738889 0.025000 0.044444
422 0.652604 0.490741 0.182292 0.407407
20 0.652604 0.711111 0.191406 0.023333
48 0.652604 0.257407 0.038333 0.068148
