527 0.314063 0.986111 0.143917 0.323435
244 0.401563 0.953704 0.131037 0.308710
334 0.500000 0.935185 0.117188 0.291667
409 0.598437 0.953704 0.130975 0.308631
295 0.685938 0.986111 0.143855 0.323357
178 0.033333 0.094444 0.037500 0.066667
48 0.070833 0.094444 0.037500 0.066667
178 0.108333 0.094444 0.037500 0.066667
139 0.145833 0.094444 0.037500 0.066667
100 0.183333 0.094444 0.037500 0.066667
41 0.220833 0.094444 0.037500 0.066667
9 0.258333 0.094444 0.037500 0.066667
40 0.295833 0.094444 0.037500 0.066667
287 0.333333 0.094444 0.037500 0.066667
139 0.370833 0.094444 0.037500 0.066667
41 0.408333 0.094444 0.037500 0.066667
287 0.445833 0.094444 0.037500 0.066667
48 0.483333 0.094444 0.037500 0.066667
162 0.520833 0.094444 0.037500 0.066667
188 0.558333 0.094444 0.037500 0.066667
137 0.595833 0.094444 0.037500 0.066667
135 0.633333 0.094444 0.037500 0.066667
75 0.670833 0.094444 0.037500 0.066667
140 0.708333 0.094444 0.037500 0.066667
137 0.745833 0.094444 0.037500 0.066667
337 0.334375 0.027778 0.033333 0.059259
179 0.363542 0.027778 0.033333 0.059259
13 0.392708 0.027778 0.033333 0.059259
13 0.421875 0.027778 0.033333 0.059259
13 0.451042 0.027778 0.033333 0.059259
14 0.247917 0.565741 0.114583 0.268519
15 0.247917 0.716667 0.120312 0.023333
280 0.195833 0.744444 0.025000 0.044444
111 0.220833 0.744444 0.025000 0.044444
219 0.743229 0.748148 0.025000 0.044444
143 0.768229 0.748148 0.025000 0.044444
390 0.850000 0.537037 0.223958 0.333333
23 0.850000 0.720370 0.235156 0.023333
169 0.850000 0.340741 0.038333 0.068148
172 0.556250 0.734259 0.025000 0.044444
450 0.650000 0.555556 0.197917 0.268519
23 0.650000 0.706481 0.207812 0.023333
61 0.650000 0.391667 0.038333 0.068148
