309 0.351250 0.960648 0.137609 0.316375
370 0.449688 0.935185 0.124215 0.300456
27 0.550312 0.935185 0.124152 0.300376
519 0.648750 0.960648 0.137546 0.316296
129 0.033333 0.094444 0.037500 0.066667
7 0.070833 0.094444 0.037500 0.066667
28 0.108333 0.094444 0.037500 0.066667
173 0.145833 0.094444 0.037500 0.066667
35 0.183333 0.094444 0.037500 0.066667
108 0.220833 0.094444 0.037500 0.066667
109 0.258333 0.094444 0.037500 0.066667
93 0.295833 0.094444 0.037500 0.066667
7 0.333333 0.094444 0.037500 0.066667
6 0.370833 0.094444 0.037500 0.066667
4 0.408333 0.094444 0.037500 0.066667
109 0.445833 0.094444 0.037500 0.066667
35 0.483333 0.094444 0.037500 0.066667
92 0.520833 0.094444 0.037500 0.066667
91 0.558333 0.094444 0.037500 0.066667
37 0.595833 0.094444 0.037500 0.066667
6 0.633333 0.094444 0.037500 0.066667
37 0.670833 0.094444 0.037500 0.066667
144 0.334375 0.027778 0.033333 0.059259
95 0.363542 0.027778 0.033333 0.059259
13 0.392708 0.027778 0.033333 0.059259
13 0.421875 0.027778 0.033333 0.059259
13 0.451042 0.027778 0.033333 0.059259
14 0.247917 0.565741 0.114583 0.268519
15 0.247917 0.716667 0.120312 0.023333
241 0.195833 0.744444 0.025000 0.044444
483 0.220833 0.744444 0.025000 0.044444
294 0.245833 0.744444 0.025000 0.044444
371 0.270833 0.744444 0.025000 0.044444
177 0.408333 0.725000 0.025000 0.044444
47 0.450000 0.615741 0.093750 0.129630
20 0.450000 0.697222 0.098437 0.023333
48 0.450000 0.521296 0.038333 0.068148
17 0.548437 0.729630 0.025000 0.044444
266 0.573438 0.729630 0.025000 0.044444
70 0.598437 0.729630 0.025000 0.044444
104 0.623438 0.729630 0.025000 0.044444
278 0.660417 0.476852 0.234375 0.416667
20 0.660417 0.701852 0.246094 0.023333
170 0.660417 0.238889 0.038333 0.068148
227 0.774479 0.725926 0.025000 0.044444
295 0.799479 0.725926 0.025000 0.044444
98 0.824479 0.725926 0.025000 0.044444
54 0.849479 0.725926 0.025000 0.044444
279 0.860417 0.561111 0.182292 0.240741
20 0.860417 0.698148 0.191406 0.023333
48 0.860417 0.411111 0.038333 0.068148
