301 0.401563 0.953704 0.131037 0.308710
442 0.500000 0.925926 0.117188 0.291667
528 0.598437 0.953704 0.130975 0.308631
93 0.033333 0.094444 0.037500 0.066667
110 0.070833 0.094444 0.037500 0.066667
163 0.108333 0.094444 0.037500 0.066667
94 0.145833 0.094444 0.037500 0.066667
38 0.183333 0.094444 0.037500 0.066667
6 0.220833 0.094444 0.037500 0.066667
67 0.258333 0.094444 0.037500 0.066667
32 0.295833 0.094444 0.037500 0.066667
31 0.333333 0.094444 0.037500 0.066667
91 0.370833 0.094444 0.037500 0.066667
7 0.408333 0.094444 0.037500 0.066667
132 0.445833 0.094444 0.037500 0.066667
96 0.334375 0.027778 0.033333 0.059259
13 0.363542 0.027778 0.033333 0.059259
13 0.392708 0.027778 0.033333 0.059259
13 0.421875 0.027778 0.033333 0.059259
13 0.451042 0.027778 0.033333 0.059259
14 0.247917 0.565741 0.114583 0.268519
15 0.247917 0.716667 0.120312 0.023333
296 0.195833 0.744444 0.025000 0.044444
307 0.220833 0.744444 0.025000 0.044444
153 0.245833 0.744444 0.025000 0.044444
43 0.587500 0.729630 0.025000 0.044444
153 0.612500 0.729630 0.025000 0.044444
239 0.637500 0.729630 0.025000 0.044444
166 0.650000 0.606481 0.135417 0.157407
20 0.650000 0.701852 0.142188 0.023333
48 0.650000 0.498148 0.038333 0.068148
51 0.821354 0.731481 0.025000 0.044444
215 0.846354 0.731481 0.025000 0.044444
105 0.850000 0.640741 0.067708 0.092593
20 0.850000 0.703704 0.071094 0.023333
82 0.850000 0.564815 0.038333 0.068148
