427 0.182812 1.000000 0.145411 0.296825
404 0.237500 0.976852 0.136936 0.289694
494 0.303125 0.951852 0.127414 0.280350
475 0.379687 0.928704 0.116968 0.268919
86 0.456250 0.921296 0.105583 0.255387
649 0.543750 0.921296 0.105530 0.255319
246 0.620313 0.928704 0.116914 0.268851
412 0.696875 0.951852 0.127362 0.280284
534 0.762500 0.976852 0.136885 0.289630
634 0.817187 1.000000 0.145376 0.296799
91 0.033333 0.094444 0.037500 0.066667
29 0.070833 0.094444 0.037500 0.066667
66 0.108333 0.094444 0.037500 0.066667
29 0.145833 0.094444 0.037500 0.066667
107 0.183333 0.094444 0.037500 0.066667
91 0.220833 0.094444 0.037500 0.066667
64 0.258333 0.094444 0.037500 0.066667
110 0.295833 0.094444 0.037500 0.066667
94 0.333333 0.094444 0.037500 0.066667
32 0.370833 0.094444 0.037500 0.066667
96 0.334375 0.027778 0.033333 0.059259
13 0.363542 0.027778 0.033333 0.059259
13 0.392708 0.027778 0.033333 0.059259
13 0.421875 0.027778 0.033333 0.059259
13 0.451042 0.027778 0.033333 0.059259
14 0.247917 0.565741 0.114583 0.268519
15 0.247917 0.716667 0.120312 0.023333
524 0.195833 0.744444 0.025000 0.044444
103 0.220833 0.744444 0.025000 0.044444
178 0.245833 0.744444 0.025000 0.044444
220 0.810938 0.729630 0.025000 0.044444
405 0.850000 0.578704 0.088542 0.212963
20 0.850000 0.701852 0.092969 0.023333
48 0.850000 0.442593 0.038333 0.068148
51 0.610937 0.720681 0.025000 0.044444
608 0.650000 0.616052 0.088542 0.120370
20 0.650000 0.692903 0.092969 0.023333
82 0.650000 0.526237 0.038333 0.068148
