597 0.401563 0.953704 0.131037 0.308710
346 0.500000 0.925926 0.117188 0.291667
530 0.598437 0.953704 0.130975 0.308631
6 0.033333 0.094444 0.037500 0.066667
132 0.070833 0.094444 0.037500 0.066667
144 0.334375 0.027778 0.033333 0.059259
133 0.363542 0.027778 0.033333 0.059259
13 0.392708 0.027778 0.033333 0.059259
13 0.421875 0.027778 0.033333 0.059259
13 0.451042 0.027778 0.033333 0.059259
14 0.247917 0.565741 0.114583 0.268519
15 0.247917 0.716667 0.120312 0.023333
46 0.195833 0.744444 0.025000 0.044444
203 0.220833 0.744444 0.025000 0.044444
204 0.245833 0.744444 0.025000 0.044444
327 0.791146 0.729630 0.025000 0.044444
74 0.816146 0.729630 0.025000 0.044444
104 0.841146 0.729630 0.025000 0.044444
378 0.866146 0.729630 0.025000 0.044444
221 0.845833 0.574074 0.119792 0.222222
20 0.845833 0.701852 0.125781 0.023333
48 0.845833 0.433333 0.038333 0.068148
