193 0.193750 1.000000 0.149621 0.310807
632 0.259375 0.982716 0.140084 0.302077
321 0.332656 0.955556 0.129526 0.291092
576 0.412500 0.930247 0.117934 0.277839
193 0.500000 0.925926 0.105469 0.262500
225 0.587500 0.930247 0.117877 0.277768
195 0.667344 0.955556 0.129470 0.291021
459 0.740625 0.982716 0.140029 0.302007
421 0.806250 1.000000 0.149567 0.310740
34 0.033333 0.094444 0.037500 0.066667
131 0.070833 0.094444 0.037500 0.066667
5 0.108333 0.094444 0.037500 0.066667
108 0.145833 0.094444 0.037500 0.066667
173 0.183333 0.094444 0.037500 0.066667
4 0.220833 0.094444 0.037500 0.066667
93 0.258333 0.094444 0.037500 0.066667
67 0.295833 0.094444 0.037500 0.066667
67 0.333333 0.094444 0.037500 0.066667
36 0.370833 0.094444 0.037500 0.066667
92 0.408333 0.094444 0.037500 0.066667
5 0.445833 0.094444 0.037500 0.066667
112 0.334375 0.027778 0.033333 0.059259
13 0.363542 0.027778 0.033333 0.059259
13 0.392708 0.027778 0.033333 0.059259
13 0.421875 0.027778 0.033333 0.059259
13 0.451042 0.027778 0.033333 0.059259
14 0.247917 0.565741 0.114583 0.268519
15 0.247917 0.716667 0.120312 0.023333
175 0.195833 0.744444 0.025000 0.044444
281 0.803125 0.729630 0.025000 0.044444
139 0.828125 0.729630 0.025000 0.044444
347 0.853125 0.729630 0.025000 0.044444
69 0.878125 0.729630 0.025000 0.044444
382 0.850000 0.583333 0.104167 0.203704
20 0.850000 0.701852 0.109375 0.023333
48 0.850000 0.451852 0.038333 0.068148
