471 0.226563 1.000000 0.153046 0.323776
558 0.300938 0.968750 0.142404 0.313332
471 0.379687 0.943287 0.130728 0.300556
475 0.458438 0.925926 0.118005 0.285433
520 0.541562 0.925926 0.117945 0.285357
613 0.620313 0.943287 0.130669 0.300481
248 0.693594 0.968750 0.142346 0.313258
417 0.773438 1.000000 0.152989 0.323704
132 0.033333 0.094444 0.037500 0.066667
107 0.070833 0.094444 0.037500 0.066667
130 0.108333 0.094444 0.037500 0.066667
36 0.145833 0.094444 0.037500 0.066667
4 0.183333 0.094444 0.037500 0.066667
92 0.220833 0.094444 0.037500 0.066667
36 0.258333 0.094444 0.037500 0.066667
31 0.295833 0.094444 0.037500 0.066667
35 0.333333 0.094444 0.037500 0.066667
6 0.370833 0.094444 0.037500 0.066667
109 0.408333 0.094444 0.037500 0.066667
163 0.445833 0.094444 0.037500 0.066667
96 0.334375 0.027778 0.033333 0.059259
40 0.363542 0.027778 0.033333 0.059259
68 0.392708 0.027778 0.033333 0.059259
95 0.421875 0.027778 0.033333 0.059259
13 0.451042 0.027778 0.033333 0.059259
14 0.247917 0.565741 0.114583 0.268519
15 0.247917 0.716667 0.120312 0.023333
435 0.195833 0.744444 0.025000 0.044444
74 0.220833 0.744444 0.025000 0.044444
415 0.808333 0.706481 0.025000 0.044444
47 0.850000 0.597222 0.093750 0.129630
20 0.850000 0.678704 0.098437 0.023333
48 0.850000 0.502778 0.038333 0.068148
415 0.423958 0.706481 0.025000 0.044444
292 0.448958 0.706481 0.025000 0.044444
371 0.473958 0.706481 0.025000 0.044444
51 0.498958 0.706481 0.025000 0.044444
71 0.450000 0.569444 0.062500 0.185185
20 0.450000 0.678704 0.065625 0.023333
72 0.450000 0.447222 0.038333 0.068148
265 0.621354 0.731481 0.025000 0.044444
74 0.646354 0.731481 0.025000 0.044444
242 0.671354 0.731481 0.025000 0.044444
105 0.650000 0.640741 0.067708 0.092593
20 0.650000 0.703704 0.071094 0.023333
82 0.650000 0.564815 0.038333 0.068148
