3 0.448594 0.925926 0.124215 0.300456
539 0.557969 0.925926 0.124152 0.300376
184 0.033333 0.094444 0.037500 0.066667
91 0.070833 0.094444 0.037500 0.066667
130 0.108333 0.094444 0.037500 0.066667
33 0.145833 0.094444 0.037500 0.066667
107 0.183333 0.094444 0.037500 0.066667
107 0.220833 0.094444 0.037500 0.066667
132 0.258333 0.094444 0.037500 0.066667
107 0.295833 0.094444 0.037500 0.066667
28 0.333333 0.094444 0.037500 0.066667
67 0.370833 0.094444 0.037500 0.066667
33 0.408333 0.094444 0.037500 0.066667
336 0.334375 0.027778 0.033333 0.059259
145 0.363542 0.027778 0.033333 0.059259
13 0.392708 0.027778 0.033333 0.059259
13 0.421875 0.027778 0.033333 0.059259
13 0.451042 0.027778 0.033333 0.059259
14 0.247917 0.565741 0.114583 0.268519
15 0.247917 0.716667 0.120312 0.023333
415 0.195833 0.744444 0.025000 0.044444
226 0.808333 0.711111 0.025000 0.044444
327 0.833333 0.711111 0.025000 0.044444
206 0.850000 0.523148 0.093750 0.287037
20 0.850000 0.683333 0.098437 0.023333
82 0.850000 0.350000 0.038333 0.068148
207 0.411979 0.724074 0.025000 0.044444
164 0.436979 0.724074 0.025000 0.044444
136 0.461979 0.724074 0.025000 0.044444
203 0.486979 0.724074 0.025000 0.044444
315 0.445833 0.610185 0.078125 0.138889
20 0.445833 0.696296 0.082031 0.023333
48 0.445833 0.511111 0.038333 0.068148
299 0.611979 0.740741 0.025000 0.044444
270 0.636979 0.740741 0.025000 0.044444
120 0.661979 0.740741 0.025000 0.044444
123 0.686979 0.740741 0.025000 0.044444
81 0.645833 0.626852 0.078125 0.138889
20 0.645833 0.712963 0.082031 0.023333
82 0.645833 0.527778 0.038333 0.068148
