253 0.270312 0.986111 0.149899 0.329824
161 0.357812 0.949074 0.137609 0.316375
636 0.452969 0.925926 0.124215 0.300456
475 0.547031 0.925926 0.124152 0.300376
603 0.642187 0.949074 0.137546 0.316296
373 0.729688 0.986111 0.149838 0.329746
37 0.033333 0.094444 0.037500 0.066667
7 0.070833 0.094444 0.037500 0.066667
38 0.108333 0.094444 0.037500 0.066667
37 0.145833 0.094444 0.037500 0.066667
12 0.334375 0.027778 0.033333 0.059259
13 0.363542 0.027778 0.033333 0.059259
13 0.392708 0.027778 0.033333 0.059259
13 0.421875 0.027778 0.033333 0.059259
13 0.451042 0.027778 0.033333 0.059259
14 0.247917 0.565741 0.114583 0.268519
15 0.247917 0.716667 0.120312 0.023333
424 0.195833 0.744444 0.025000 0.044444
42 0.220833 0.744444 0.025000 0.044444
41 0.245833 0.744444 0.025000 0.044444
414 0.608333 0.706481 0.025000 0.044444
295 0.633333 0.706481 0.025000 0.044444
47 0.650000 0.597222 0.093750 0.129630
20 0.650000 0.678704 0.098437 0.023333
82 0.650000 0.502778 0.038333 0.068148
138 0.756250 0.734259 0.025000 0.044444
268 0.781250 0.734259 0.025000 0.044444
41 0.806250 0.734259 0.025000 0.044444
190 0.850000 0.555556 0.197917 0.268519
20 0.850000 0.706481 0.207812 0.023333
167 0.850000 0.391667 0.038333 0.068148
