86 0.226563 1.000000 0.153046 0.323776
392 0.300938 0.968750 0.142404 0.313332
439 0.379687 0.943287 0.130728 0.300556
618 0.458438 0.925926 0.118005 0.285433
374 0.541562 0.925926 0.117945 0.285357
419 0.620313 0.943287 0.130669 0.300481
364 0.693594 0.968750 0.142346 0.313258
25 0.773438 1.000000 0.152989 0.323704
35 0.033333 0.094444 0.037500 0.066667
93 0.070833 0.094444 0.037500 0.066667
132 0.108333 0.094444 0.037500 0.066667
8 0.145833 0.094444 0.037500 0.066667
7 0.183333 0.094444 0.037500 0.066667
35 0.220833 0.094444 0.037500 0.066667
64 0.258333 0.094444 0.037500 0.066667
67 0.295833 0.094444 0.037500 0.066667
110 0.333333 0.094444 0.037500 0.066667
31 0.370833 0.094444 0.037500 0.066667
6 0.408333 0.094444 0.037500 0.066667
7 0.445833 0.094444 0.037500 0.066667
184 0.483333 0.094444 0.037500 0.066667
64 0.520833 0.094444 0.037500 0.066667
34 0.558333 0.094444 0.037500 0.066667
92 0.595833 0.094444 0.037500 0.066667
129 0.633333 0.094444 0.037500 0.066667
238 0.334375 0.027778 0.033333 0.059259
68 0.363542 0.027778 0.033333 0.059259
290 0.392708 0.027778 0.033333 0.059259
96 0.421875 0.027778 0.033333 0.059259
13 0.451042 0.027778 0.033333 0.059259
14 0.247917 0.565741 0.114583 0.268519
15 0.247917 0.716667 0.120312 0.023333
242 0.195833 0.744444 0.025000 0.044444
73 0.220833 0.744444 0.025000 0.044444
371 0.771875 0.734259 0.025000 0.044444
76 0.850000 0.495370 0.166667 0.388889
20 0.850000 0.706481 0.175000 0.023333
48 0.850000 0.271296 0.038333 0.068148
146 0.597917 0.748148 0.025000 0.044444
179 0.650000 0.555556 0.114583 0.296296
20 0.650000 0.720370 0.120312 0.023333
170 0.650000 0.377778 0.038333 0.068148
