423 0.270312 0.986111 0.149899 0.329824
472 0.357812 0.949074 0.137609 0.316375
249 0.452969 0.925926 0.124215 0.300456
507 0.547031 0.925926 0.124152 0.300376
649 0.642187 0.949074 0.137546 0.316296
559 0.729688 0.986111 0.149838 0.329746
163 0.033333 0.094444 0.037500 0.066667
184 0.070833 0.094444 0.037500 0.066667
133 0.334375 0.027778 0.033333 0.059259
68 0.363542 0.027778 0.033333 0.059259
185 0.392708 0.027778 0.033333 0.059259
113 0.421875 0.027778 0.033333 0.059259
68 0.451042 0.027778 0.033333 0.059259
14 0.247917 0.565741 0.114583 0.268519
15 0.247917 0.716667 0.120312 0.023333
205 0.195833 0.744444 0.025000 0.044444
55 0.220833 0.744444 0.025000 0.044444
454 0.245833 0.744444 0.025000 0.044444
151 0.270833 0.744444 0.025000 0.044444
328 0.618750 0.706481 0.025000 0.044444
57 0.650000 0.601852 0.072917 0.120370
20 0.650000 0.678704 0.076563 0.023333
48 0.650000 0.512037 0.038333 0.068148
294 0.811979 0.740741 0.025000 0.044444
46 0.836979 0.740741 0.025000 0.044444
45 0.861979 0.740741 0.025000 0.044444
371 0.886979 0.740741 0.025000 0.044444
81 0.845833 0.626852 0.078125 0.138889
20 0.845833 0.712963 0.082031 0.023333
82 0.845833 0.527778 0.038333 0.068148
