288 0.448594 0.925926 0.124215 0.300456
654 0.557969 0.925926 0.124152 0.300376
184 0.033333 0.094444 0.037500 0.066667
65 0.070833 0.094444 0.037500 0.066667
4 0.108333 0.094444 0.037500 0.066667
35 0.145833 0.094444 0.037500 0.066667
199 0.183333 0.094444 0.037500 0.066667
65 0.220833 0.094444 0.037500 0.066667
109 0.258333 0.094444 0.037500 0.066667
94 0.295833 0.094444 0.037500 0.066667
28 0.333333 0.094444 0.037500 0.066667
130 0.370833 0.094444 0.037500 0.066667
8 0.408333 0.094444 0.037500 0.066667
5 0.445833 0.094444 0.037500 0.066667
4 0.483333 0.094444 0.037500 0.066667
34 0.520833 0.094444 0.037500 0.066667
64 0.558333 0.094444 0.037500 0.066667
107 0.595833 0.094444 0.037500 0.066667
36 0.633333 0.094444 0.037500 0.066667
133 0.334375 0.027778 0.033333 0.059259
304 0.363542 0.027778 0.033333 0.059259
111 0.392708 0.027778 0.033333 0.059259
304 0.421875 0.027778 0.033333 0.059259
255 0.451042 0.027778 0.033333 0.059259
14 0.247917 0.565741 0.114583 0.268519
15 0.247917 0.716667 0.120312 0.023333
274 0.195833 0.744444 0.025000 0.044444
483 0.220833 0.744444 0.025000 0.044444
276 0.748438 0.729630 0.025000 0.044444
177 0.773438 0.729630 0.025000 0.044444
204 0.798437 0.729630 0.025000 0.044444
278 0.860417 0.476852 0.234375 0.416667
20 0.860417 0.701852 0.246094 0.023333
170 0.860417 0.238889 0.038333 0.068148
366 0.558854 0.748148 0.025000 0.044444
470 0.634375 0.562500 0.161458 0.282407
20 0.634375 0.720370 0.169531 0.023333
170 0.634375 0.391667 0.038333 0.068148
