648 0.193750 1.000000 0.149621 0.310807
172 0.259375 0.982716 0.140084 0.302077
417 0.332656 0.955556 0.129526 0.291092
183 0.412500 0.930247 0.117934 0.277839
183 0.500000 0.925926 0.105469 0.262500
562 0.587500 0.930247 0.117877 0.277768
576 0.667344 0.955556 0.129470 0.291021
442 0.740625 0.982716 0.140029 0.302007
370 0.806250 1.000000 0.149567 0.310740
30 0.033333 0.094444 0.037500 0.066667
132 0.070833 0.094444 0.037500 0.066667
8 0.108333 0.094444 0.037500 0.066667
67 0.145833 0.094444 0.037500 0.066667
33 0.183333 0.094444 0.037500 0.066667
132 0.220833 0.094444 0.037500 0.066667
35 0.258333 0.094444 0.037500 0.066667
92 0.295833 0.094444 0.037500 0.066667
34 0.333333 0.094444 0.037500 0.066667
35 0.370833 0.094444 0.037500 0.066667
37 0.408333 0.094444 0.037500 0.066667
129 0.445833 0.094444 0.037500 0.066667
355 0.334375 0.027778 0.033333 0.059259
13 0.363542 0.027778 0.033333 0.059259
13 0.392708 0.027778 0.033333 0.059259
13 0.421875 0.027778 0.033333 0.059259
13 0.451042 0.027778 0.033333 0.059259
14 0.247917 0.565741 0.114583 0.268519
15 0.247917 0.716667 0.120312 0.023333
69 0.195833 0.744444 0.025000 0.044444
366 0.220833 0.744444 0.025000 0.044444
175 0.245833 0.744444 0.025000 0.044444
124 0.270833 0.744444 0.025000 0.044444
425 0.787500 0.716667 0.025000 0.044444
220 0.812500 0.716667 0.025000 0.044444
291 0.837500 0.716667 0.025000 0.044444
348 0.850000 0.593518 0.135417 0.157407
20 0.850000 0.688889 0.142188 0.023333
48 0.850000 0.485185 0.038333 0.068148
