361 0.448594 0.925926 0.124215 0.300456
399 0.557969 0.925926 0.124152 0.300376
132 0.033333 0.094444 0.037500 0.066667
65 0.070833 0.094444 0.037500 0.066667
37 0.108333 0.094444 0.037500 0.066667
6 0.145833 0.094444 0.037500 0.066667
109 0.183333 0.094444 0.037500 0.066667
94 0.220833 0.094444 0.037500 0.066667
290 0.334375 0.027778 0.033333 0.059259
174 0.363542 0.027778 0.033333 0.059259
144 0.392708 0.027778 0.033333 0.059259
13 0.421875 0.027778 0.033333 0.059259
13 0.451042 0.027778 0.033333 0.059259
14 0.247917 0.565741 0.114583 0.268519
15 0.247917 0.716667 0.120312 0.023333
55 0.195833 0.744444 0.025000 0.044444
483 0.220833 0.744444 0.025000 0.044444
242 0.245833 0.744444 0.025000 0.044444
270 0.410937 0.698223 0.025000 0.044444
448 0.450000 0.593594 0.088542 0.120370
20 0.450000 0.670445 0.092969 0.023333
48 0.450000 0.503779 0.038333 0.068148
78 0.608333 0.711111 0.025000 0.044444
47 0.650000 0.601852 0.093750 0.129630
20 0.650000 0.683333 0.098437 0.023333
48 0.650000 0.507407 0.038333 0.068148
205 0.803125 0.733333 0.025000 0.044444
165 0.828125 0.733333 0.025000 0.044444
226 0.853125 0.733333 0.025000 0.044444
319 0.847396 0.605556 0.098958 0.166667
20 0.847396 0.705556 0.103906 0.023333
48 0.847396 0.492593 0.038333 0.068148
