321 0.448594 0.925926 0.124215 0.300456
389 0.557969 0.925926 0.124152 0.300376
92 0.033333 0.094444 0.037500 0.066667
96 0.334375 0.027778 0.033333 0.059259
13 0.363542 0.027778 0.033333 0.059259
13 0.392708 0.027778 0.033333 0.059259
13 0.421875 0.027778 0.033333 0.059259
13 0.451042 0.027778 0.033333 0.059259
14 0.247917 0.565741 0.114583 0.268519
15 0.247917 0.716667 0.120312 0.023333
435 0.195833 0.744444 0.025000 0.044444
201 0.220833 0.744444 0.025000 0.044444
277 0.245833 0.744444 0.025000 0.044444
401 0.582292 0.720370 0.025000 0.044444
42 0.607292 0.720370 0.025000 0.044444
601 0.650000 0.546296 0.145833 0.259259
20 0.650000 0.692593 0.153125 0.023333
48 0.650000 0.387037 0.038333 0.068148
78 0.756250 0.743519 0.025000 0.044444
297 0.870833 0.583333 0.239583 0.231481
20 0.870833 0.715741 0.251562 0.023333
48 0.870833 0.437963 0.038333 0.068148
