631 0.500000 0.925926 0.117188 0.291667
163 0.033333 0.094444 0.037500 0.066667
132 0.070833 0.094444 0.037500 0.066667
38 0.108333 0.094444 0.037500 0.066667
31 0.145833 0.094444 0.037500 0.066667
67 0.183333 0.094444 0.037500 0.066667
110 0.220833 0.094444 0.037500 0.066667
34 0.258333 0.094444 0.037500 0.066667
11 0.334375 0.027778 0.033333 0.059259
10 0.363542 0.027778 0.033333 0.059259
9 0.392708 0.027778 0.033333 0.059259
13 0.421875 0.027778 0.033333 0.059259
13 0.451042 0.027778 0.033333 0.059259
14 0.247917 0.565741 0.114583 0.268519
15 0.247917 0.716667 0.120312 0.023333
78 0.195833 0.744444 0.025000 0.044444
256 0.220833 0.744444 0.025000 0.044444
54 0.245833 0.744444 0.025000 0.044444
307 0.270833 0.744444 0.025000 0.044444
357 0.740625 0.734259 0.025000 0.044444
74 0.765625 0.734259 0.025000 0.044444
188 0.790625 0.734259 0.025000 0.044444
529 0.850000 0.527778 0.229167 0.324074
20 0.850000 0.706481 0.240625 0.023333
72 0.850000 0.336111 0.038333 0.068148
