624 0.193750 1.000000 0.149621 0.310807
197 0.259375 0.982716 0.140084 0.302077
244 0.332656 0.955556 0.129526 0.291092
574 0.412500 0.930247 0.117934 0.277839
461 0.500000 0.925926 0.105469 0.262500
391 0.587500 0.930247 0.117877 0.277768
404 0.667344 0.955556 0.129470 0.291021
375 0.740625 0.982716 0.140029 0.302007
494 0.806250 1.000000 0.149567 0.310740
8 0.033333 0.094444 0.037500 0.066667
7 0.070833 0.094444 0.037500 0.066667
96 0.334375 0.027778 0.033333 0.059259
68 0.363542 0.027778 0.033333 0.059259
9 0.392708 0.027778 0.033333 0.059259
13 0.421875 0.027778 0.033333 0.059259
13 0.451042 0.027778 0.033333 0.059259
14 0.247917 0.565741 0.114583 0.268519
15 0.247917 0.716667 0.120312 0.023333
46 0.195833 0.744444 0.025000 0.044444
264 0.220833 0.744444 0.025000 0.044444
366 0.245833 0.744444 0.025000 0.044444
266 0.270833 0.744444 0.025000 0.044444
205 0.626562 0.740741 0.025000 0.044444
328 0.651563 0.740741 0.025000 0.044444
267 0.650000 0.594444 0.057292 0.203704
20 0.650000 0.712963 0.060156 0.023333
170 0.650000 0.462963 0.038333 0.068148
293 0.753646 0.725926 0.025000 0.044444
243 0.850000 0.500926 0.203125 0.361111
20 0.850000 0.698148 0.213281 0.023333
170 0.850000 0.290741 0.038333 0.068148
