300 0.401563 0.953704 0.131037 0.308710
332 0.500000 0.925926 0.117188 0.291667
595 0.598437 0.953704 0.130975 0.308631
6 0.033333 0.094444 0.037500 0.066667
34 0.070833 0.094444 0.037500 0.066667
29 0.108333 0.094444 0.037500 0.066667
199 0.145833 0.094444 0.037500 0.066667
129 0.183333 0.094444 0.037500 0.066667
184 0.220833 0.094444 0.037500 0.066667
5 0.258333 0.094444 0.037500 0.066667
93 0.295833 0.094444 0.037500 0.066667
91 0.333333 0.094444 0.037500 0.066667
91 0.370833 0.094444 0.037500 0.066667
93 0.408333 0.094444 0.037500 0.066667
91 0.445833 0.094444 0.037500 0.066667
255 0.334375 0.027778 0.033333 0.059259
10 0.363542 0.027778 0.033333 0.059259
377 0.392708 0.027778 0.033333 0.059259
10 0.421875 0.027778 0.033333 0.059259
13 0.451042 0.027778 0.033333 0.059259
14 0.247917 0.565741 0.114583 0.268519
15 0.247917 0.716667 0.120312 0.023333
240 0.195833 0.744444 0.025000 0.044444
101 0.764063 0.751852 0.025000 0.044444
256 0.789063 0.751852 0.025000 0.044444
590 0.850000 0.540741 0.182292 0.333333
20 0.850000 0.724074 0.191406 0.023333
21 0.850000 0.344444 0.038333 0.068148
56 0.611979 0.724074 0.025000 0.044444
18 0.636979 0.724074 0.025000 0.044444
228 0.661979 0.724074 0.025000 0.044444
315 0.645833 0.610185 0.078125 0.138889
20 0.645833 0.696296 0.082031 0.023333
48 0.645833 0.511111 0.038333 0.068148
