629 0.182812 1.000000 0.145411 0.296825
213 0.237500 0.976852 0.136936 0.289694
286 0.303125 0.951852 0.127414 0.280350
495 0.379687 0.928704 0.116968 0.268919
106 0.456250 0.921296 0.105583 0.255387
487 0.543750 0.921296 0.105530 0.255319
417 0.620313 0.928704 0.116914 0.268851
651 0.696875 0.951852 0.127362 0.280284
419 0.762500 0.976852 0.136885 0.289630
478 0.817187 1.000000 0.145376 0.296799
130 0.033333 0.094444 0.037500 0.066667
110 0.070833 0.094444 0.037500 0.066667
92 0.108333 0.094444 0.037500 0.066667
107 0.145833 0.094444 0.037500 0.066667
132 0.183333 0.094444 0.037500 0.066667
7 0.220833 0.094444 0.037500 0.066667
4 0.258333 0.094444 0.037500 0.066667
94 0.295833 0.094444 0.037500 0.066667
131 0.333333 0.094444 0.037500 0.066667
6 0.370833 0.094444 0.037500 0.066667
5 0.408333 0.094444 0.037500 0.066667
6 0.445833 0.094444 0.037500 0.066667
35 0.483333 0.094444 0.037500 0.066667
7 0.520833 0.094444 0.037500 0.066667
96 0.334375 0.027778 0.033333 0.059259
200 0.363542 0.027778 0.033333 0.059259
13 0.392708 0.027778 0.033333 0.059259
13 0.421875 0.027778 0.033333 0.059259
13 0.451042 0.027778 0.033333 0.059259
14 0.247917 0.565741 0.114583 0.268519
15 0.247917 0.716667 0.120312 0.023333
46 0.195833 0.744444 0.025000 0.044444
77 0.220833 0.744444 0.025000 0.044444
390 0.245833 0.744444 0.025000 0.044444
138 0.577083 0.729630 0.025000 0.044444
226 0.602083 0.729630 0.025000 0.044444
464 0.650000 0.601852 0.156250 0.166667
20 0.650000 0.701852 0.164063 0.023333
48 0.650000 0.488889 0.038333 0.068148
55 0.803125 0.733333 0.025000 0.044444
202 0.828125 0.733333 0.025000 0.044444
319 0.847396 0.605556 0.098958 0.166667
20 0.847396 0.705556 0.103906 0.023333
48 0.847396 0.492593 0.038333 0.068148
146 0.353646 0.725926 0.025000 0.044444
241 0.378646 0.725926 0.025000 0.044444
447 0.403646 0.725926 0.025000 0.044444
243 0.450000 0.500926 0.203125 0.361111
20 0.450000 0.698148 0.213281 0.023333
170 0.450000 0.290741 0.038333 0.068148
