341 0.351250 0.960648 0.137609 0.316375
63 0.449688 0.935185 0.124215 0.300456
456 0.550312 0.935185 0.124152 0.300376
362 0.648750 0.960648 0.137546 0.316296
65 0.033333 0.094444 0.037500 0.066667
184 0.070833 0.094444 0.037500 0.066667
130 0.108333 0.094444 0.037500 0.066667
7 0.145833 0.094444 0.037500 0.066667
65 0.183333 0.094444 0.037500 0.066667
92 0.220833 0.094444 0.037500 0.066667
143 0.334375 0.027778 0.033333 0.059259
272 0.363542 0.027778 0.033333 0.059259
40 0.392708 0.027778 0.033333 0.059259
13 0.421875 0.027778 0.033333 0.059259
13 0.451042 0.027778 0.033333 0.059259
14 0.247917 0.565741 0.114583 0.268519
15 0.247917 0.716667 0.120312 0.023333
16 0.195833 0.744444 0.025000 0.044444
123 0.220833 0.744444 0.025000 0.044444
50 0.245833 0.744444 0.025000 0.044444
415 0.270833 0.744444 0.025000 0.044444
101 0.818750 0.706481 0.025000 0.044444
78 0.843750 0.706481 0.025000 0.044444
57 0.850000 0.601852 0.072917 0.120370
20 0.850000 0.678704 0.076563 0.023333
48 0.850000 0.512037 0.038333 0.068148
401 0.387500 0.720370 0.025000 0.044444
264 0.412500 0.720370 0.025000 0.044444
43 0.437500 0.720370 0.025000 0.044444
202 0.462500 0.720370 0.025000 0.044444
330 0.450000 0.583333 0.135417 0.185185
20 0.450000 0.692593 0.142188 0.023333
48 0.450000 0.461111 0.038333 0.068148
156 0.525000 0.752778 0.025000 0.044444
146 0.550000 0.752778 0.025000 0.044444
378 0.575000 0.752778 0.025000 0.044444
397 0.644792 0.509259 0.250000 0.398148
20 0.644792 0.725000 0.262500 0.023333
48 0.644792 0.280556 0.038333 0.068148
