627 0.270312 0.986111 0.149899 0.329824
596 0.357812 0.949074 0.137609 0.316375
626 0.452969 0.925926 0.124215 0.300456
558 0.547031 0.925926 0.124152 0.300376
581 0.642187 0.949074 0.137546 0.316296
229 0.729688 0.986111 0.149838 0.329746
64 0.033333 0.094444 0.037500 0.066667
4 0.070833 0.094444 0.037500 0.066667
5 0.108333 0.094444 0.037500 0.066667
30 0.145833 0.094444 0.037500 0.066667
109 0.183333 0.094444 0.037500 0.066667
91 0.220833 0.094444 0.037500 0.066667
4 0.258333 0.094444 0.037500 0.066667
163 0.295833 0.094444 0.037500 0.066667
184 0.333333 0.094444 0.037500 0.066667
4 0.370833 0.094444 0.037500 0.066667
173 0.408333 0.094444 0.037500 0.066667
107 0.445833 0.094444 0.037500 0.066667
107 0.483333 0.094444 0.037500 0.066667
31 0.520833 0.094444 0.037500 0.066667
64 0.558333 0.094444 0.037500 0.066667
133 0.334375 0.027778 0.033333 0.059259
12 0.363542 0.027778 0.033333 0.059259
200 0.392708 0.027778 0.033333 0.059259
13 0.421875 0.027778 0.033333 0.059259
13 0.451042 0.027778 0.033333 0.059259
14 0.247917 0.565741 0.114583 0.268519
15 0.247917 0.716667 0.120312 0.023333
369 0.195833 0.744444 0.025000 0.044444
204 0.220833 0.744444 0.025000 0.044444
228 0.245833 0.744444 0.025000 0.044444
291 0.270833 0.744444 0.025000 0.044444
390 0.803125 0.729630 0.025000 0.044444
454 0.828125 0.729630 0.025000 0.044444
274 0.853125 0.729630 0.025000 0.044444
207 0.878125 0.729630 0.025000 0.044444
531 0.850000 0.583333 0.104167 0.203704
20 0.850000 0.701852 0.109375 0.023333
48 0.850000 0.451852 0.038333 0.068148
425 0.525000 0.752778 0.025000 0.044444
56 0.550000 0.752778 0.025000 0.044444
397 0.644792 0.509259 0.250000 0.398148
20 0.644792 0.725000 0.262500 0.023333
21 0.644792 0.280556 0.038333 0.068148
