432 0.500000 0.925926 0.117188 0.291667
67 0.033333 0.094444 0.037500 0.066667
109 0.070833 0.094444 0.037500 0.066667
92 0.108333 0.094444 0.037500 0.066667
38 0.145833 0.094444 0.037500 0.066667
65 0.183333 0.094444 0.037500 0.066667
31 0.220833 0.094444 0.037500 0.066667
93 0.258333 0.094444 0.037500 0.066667
67 0.295833 0.094444 0.037500 0.066667
29 0.333333 0.094444 0.037500 0.066667
8 0.370833 0.094444 0.037500 0.066667
109 0.408333 0.094444 0.037500 0.066667
5 0.445833 0.094444 0.037500 0.066667
108 0.483333 0.094444 0.037500 0.066667
66 0.520833 0.094444 0.037500 0.066667
110 0.558333 0.094444 0.037500 0.066667
31 0.595833 0.094444 0.037500 0.066667
129 0.633333 0.094444 0.037500 0.066667
199 0.670833 0.094444 0.037500 0.066667
324 0.334375 0.027778 0.033333 0.059259
174 0.363542 0.027778 0.033333 0.059259
377 0.392708 0.027778 0.033333 0.059259
303 0.421875 0.027778 0.033333 0.059259
13 0.451042 0.027778 0.033333 0.059259
14 0.247917 0.565741 0.114583 0.268519
15 0.247917 0.716667 0.120312 0.023333
189 0.195833 0.744444 0.025000 0.044444
313 0.220833 0.744444 0.025000 0.044444
406 0.818750 0.706481 0.025000 0.044444
77 0.843750 0.706481 0.025000 0.044444
78 0.868750 0.706481 0.025000 0.044444
371 0.893750 0.706481 0.025000 0.044444
57 0.850000 0.601852 0.072917 0.120370
20 0.850000 0.678704 0.076563 0.023333
48 0.850000 0.512037 0.038333 0.068148
