580 0.193750 1.000000 0.149621 0.310807
61 0.259375 0.982716 0.140084 0.302077
63 0.332656 0.955556 0.129526 0.291092
505 0.412500 0.930247 0.117934 0.277839
633 0.500000 0.925926 0.105469 0.262500
465 0.587500 0.930247 0.117877 0.277768
249 0.667344 0.955556 0.129470 0.291021
253 0.740625 0.982716 0.140029 0.302007
311 0.806250 1.000000 0.149567 0.310740
130 0.033333 0.094444 0.037500 0.066667
35 0.070833 0.094444 0.037500 0.066667
65 0.108333 0.094444 0.037500 0.066667
37 0.145833 0.094444 0.037500 0.066667
28 0.183333 0.094444 0.037500 0.066667
131 0.220833 0.094444 0.037500 0.066667
173 0.258333 0.094444 0.037500 0.066667
184 0.295833 0.094444 0.037500 0.066667
109 0.333333 0.094444 0.037500 0.066667
34 0.370833 0.094444 0.037500 0.066667
67 0.408333 0.094444 0.037500 0.066667
37 0.445833 0.094444 0.037500 0.066667
130 0.483333 0.094444 0.037500 0.066667
38 0.520833 0.094444 0.037500 0.066667
5 0.558333 0.094444 0.037500 0.066667
129 0.595833 0.094444 0.037500 0.066667
30 0.633333 0.094444 0.037500 0.066667
7 0.670833 0.094444 0.037500 0.066667
214 0.334375 0.027778 0.033333 0.059259
11 0.363542 0.027778 0.033333 0.059259
272 0.392708 0.027778 0.033333 0.059259
68 0.421875 0.027778 0.033333 0.059259
355 0.451042 0.027778 0.033333 0.059259
14 0.247917 0.565741 0.114583 0.268519
15 0.247917 0.716667 0.120312 0.023333
357 0.195833 0.744444 0.025000 0.044444
117 0.611979 0.740741 0.025000 0.044444
49 0.636979 0.740741 0.025000 0.044444
293 0.661979 0.740741 0.025000 0.044444
139 0.686979 0.740741 0.025000 0.044444
81 0.645833 0.626852 0.078125 0.138889
20 0.645833 0.712963 0.082031 0.023333
82 0.645833 0.527778 0.038333 0.068148
266 0.771875 0.724074 0.025000 0.044444
357 0.796875 0.724074 0.025000 0.044444
441 0.839583 0.563889 0.145833 0.231481
20 0.839583 0.696296 0.153125 0.023333
48 0.839583 0.418519 0.038333 0.068148
