624 0.237500 1.000000 0.155649 0.335641
197 0.314063 0.968783 0.143917 0.323435
386 0.401563 0.945767 0.131037 0.308710
493 0.500000 0.931481 0.117188 0.291667
514 0.598437 0.945767 0.130975 0.308631
534 0.685938 0.968783 0.143855 0.323357
376 0.762500 1.000000 0.155588 0.335564
110 0.033333 0.094444 0.037500 0.066667
7 0.070833 0.094444 0.037500 0.066667
92 0.108333 0.094444 0.037500 0.066667
32 0.145833 0.094444 0.037500 0.066667
30 0.183333 0.094444 0.037500 0.066667
109 0.220833 0.094444 0.037500 0.066667
8 0.258333 0.094444 0.037500 0.066667
130 0.295833 0.094444 0.037500 0.066667
93 0.333333 0.094444 0.037500 0.066667
8 0.370833 0.094444 0.037500 0.066667
65 0.408333 0.094444 0.037500 0.066667
4 0.445833 0.094444 0.037500 0.066667
163 0.483333 0.094444 0.037500 0.066667
93 0.520833 0.094444 0.037500 0.066667
93 0.558333 0.094444 0.037500 0.066667
109 0.595833 0.094444 0.037500 0.066667
110 0.633333 0.094444 0.037500 0.066667
10 0.334375 0.027778 0.033333 0.059259
96 0.363542 0.027778 0.033333 0.059259
254 0.392708 0.027778 0.033333 0.059259
336 0.421875 0.027778 0.033333 0.059259
133 0.451042 0.027778 0.033333 0.059259
14 0.247917 0.565741 0.114583 0.268519
15 0.247917 0.716667 0.120312 0.023333
50 0.195833 0.744444 0.025000 0.044444
115 0.220833 0.744444 0.025000 0.044444
408 0.803125 0.729630 0.025000 0.044444
293 0.828125 0.729630 0.025000 0.044444
103 0.853125 0.729630 0.025000 0.044444
274 0.878125 0.729630 0.025000 0.044444
382 0.850000 0.583333 0.104167 0.203704
20 0.850000 0.701852 0.109375 0.023333
48 0.850000 0.451852 0.038333 0.068148
74 0.556250 0.743519 0.025000 0.044444
416 0.581250 0.743519 0.025000 0.044444
52 0.606250 0.743519 0.025000 0.044444
259 0.631250 0.743519 0.025000 0.044444
297 0.670833 0.583333 0.239583 0.231481
20 0.670833 0.715741 0.251562 0.023333
48 0.670833 0.437963 0.038333 0.068148
