564 0.351250 0.960648 0.137609 0.316375
436 0.449688 0.935185 0.124215 0.300456
539 0.550312 0.935185 0.124152 0.300376
651 0.648750 0.960648 0.137546 0.316296
131 0.033333 0.094444 0.037500 0.066667
28 0.070833 0.094444 0.037500 0.066667
29 0.108333 0.094444 0.037500 0.066667
91 0.145833 0.094444 0.037500 0.066667
4 0.183333 0.094444 0.037500 0.066667
8 0.220833 0.094444 0.037500 0.066667
35 0.258333 0.094444 0.037500 0.066667
38 0.295833 0.094444 0.037500 0.066667
28 0.333333 0.094444 0.037500 0.066667
7 0.370833 0.094444 0.037500 0.066667
92 0.408333 0.094444 0.037500 0.066667
65 0.445833 0.094444 0.037500 0.066667
107 0.483333 0.094444 0.037500 0.066667
200 0.334375 0.027778 0.033333 0.059259
254 0.363542 0.027778 0.033333 0.059259
145 0.392708 0.027778 0.033333 0.059259
272 0.421875 0.027778 0.033333 0.059259
13 0.451042 0.027778 0.033333 0.059259
14 0.247917 0.565741 0.114583 0.268519
15 0.247917 0.716667 0.120312 0.023333
148 0.195833 0.744444 0.025000 0.044444
18 0.220833 0.744444 0.025000 0.044444
44 0.587500 0.716667 0.025000 0.044444
241 0.612500 0.716667 0.025000 0.044444
75 0.637500 0.716667 0.025000 0.044444
292 0.662500 0.716667 0.025000 0.044444
348 0.650000 0.593518 0.135417 0.157407
20 0.650000 0.688889 0.142188 0.023333
48 0.650000 0.485185 0.038333 0.068148
242 0.805729 0.757407 0.025000 0.044444
141 0.852604 0.583333 0.104167 0.259259
20 0.852604 0.729630 0.109375 0.023333
48 0.852604 0.424074 0.038333 0.068148
