628 0.314063 0.986111 0.143917 0.323435
586 0.401563 0.953704 0.131037 0.308710
59 0.500000 0.935185 0.117188 0.291667
477 0.598437 0.953704 0.130975 0.308631
427 0.685938 0.986111 0.143855 0.323357
184 0.033333 0.094444 0.037500 0.066667
108 0.070833 0.094444 0.037500 0.066667
94 0.108333 0.094444 0.037500 0.066667
8 0.145833 0.094444 0.037500 0.066667
91 0.183333 0.094444 0.037500 0.066667
30 0.220833 0.094444 0.037500 0.066667
108 0.258333 0.094444 0.037500 0.066667
32 0.295833 0.094444 0.037500 0.066667
37 0.333333 0.094444 0.037500 0.066667
5 0.370833 0.094444 0.037500 0.066667
94 0.408333 0.094444 0.037500 0.066667
33 0.445833 0.094444 0.037500 0.066667
33 0.483333 0.094444 0.037500 0.066667
163 0.520833 0.094444 0.037500 0.066667
65 0.558333 0.094444 0.037500 0.066667
7 0.595833 0.094444 0.037500 0.066667
95 0.334375 0.027778 0.033333 0.059259
13 0.363542 0.027778 0.033333 0.059259
13 0.392708 0.027778 0.033333 0.059259
13 0.421875 0.027778 0.033333 0.059259
13 0.451042 0.027778 0.033333 0.059259
14 0.247917 0.565741 0.114583 0.268519
15 0.247917 0.716667 0.120312 0.023333
103 0.195833 0.744444 0.025000 0.044444
307 0.220833 0.744444 0.025000 0.044444
241 0.245833 0.744444 0.025000 0.044444
73 0.270833 0.744444 0.025000 0.044444
99 0.810938 0.698223 0.025000 0.044444
448 0.850000 0.593594 0.088542 0.120370
20 0.850000 0.670445 0.092969 0.023333
48 0.850000 0.503779 0.038333 0.068148
176 0.397917 0.748148 0.025000 0.044444
367 0.422917 0.748148 0.025000 0.044444
54 0.447917 0.748148 0.025000 0.044444
146 0.472917 0.748148 0.025000 0.044444
179 0.450000 0.555556 0.114583 0.296296
20 0.450000 0.720370 0.120312 0.023333
48 0.450000 0.377778 0.038333 0.068148
175 0.618750 0.706481 0.025000 0.044444
435 0.643750 0.706481 0.025000 0.044444
115 0.668750 0.706481 0.025000 0.044444
57 0.650000 0.601852 0.072917 0.120370
20 0.650000 0.678704 0.076563 0.023333
48 0.650000 0.512037 0.038333 0.068148
