418 0.226563 1.000000 0.153046 0.323776
539 0.300938 0.968750 0.142404 0.313332
360 0.379687 0.943287 0.130728 0.300556
570 0.458438 0.925926 0.118005 0.285433
486 0.541562 0.925926 0.117945 0.285357
571 0.620313 0.943287 0.130669 0.300481
26 0.693594 0.968750 0.142346 0.313258
572 0.773438 1.000000 0.152989 0.323704
91 0.033333 0.094444 0.037500 0.066667
93 0.070833 0.094444 0.037500 0.066667
132 0.108333 0.094444 0.037500 0.066667
67 0.145833 0.094444 0.037500 0.066667
35 0.183333 0.094444 0.037500 0.066667
130 0.220833 0.094444 0.037500 0.066667
29 0.258333 0.094444 0.037500 0.066667
110 0.295833 0.094444 0.037500 0.066667
107 0.333333 0.094444 0.037500 0.066667
34 0.370833 0.094444 0.037500 0.066667
29 0.408333 0.094444 0.037500 0.066667
36 0.445833 0.094444 0.037500 0.066667
32 0.483333 0.094444 0.037500 0.066667
7 0.520833 0.094444 0.037500 0.066667
109 0.558333 0.094444 0.037500 0.066667
129 0.595833 0.094444 0.037500 0.066667
108 0.633333 0.094444 0.037500 0.066667
68 0.334375 0.027778 0.033333 0.059259
336 0.363542 0.027778 0.033333 0.059259
185 0.392708 0.027778 0.033333 0.059259
13 0.421875 0.027778 0.033333 0.059259
13 0.451042 0.027778 0.033333 0.059259
14 0.247917 0.565741 0.114583 0.268519
15 0.247917 0.716667 0.120312 0.023333
307 0.195833 0.744444 0.025000 0.044444
153 0.821354 0.731481 0.025000 0.044444
327 0.846354 0.731481 0.025000 0.044444
105 0.850000 0.640741 0.067708 0.092593
20 0.850000 0.703704 0.071094 0.023333
82 0.850000 0.564815 0.038333 0.068148
187 0.618750 0.706481 0.025000 0.044444
146 0.643750 0.706481 0.025000 0.044444
57 0.650000 0.601852 0.072917 0.120370
20 0.650000 0.678704 0.076563 0.023333
48 0.650000 0.512037 0.038333 0.068148
416 0.371875 0.724074 0.025000 0.044444
78 0.396875 0.724074 0.025000 0.044444
207 0.421875 0.724074 0.025000 0.044444
441 0.439583 0.563889 0.145833 0.231481
20 0.439583 0.696296 0.153125 0.023333
48 0.439583 0.418519 0.038333 0.068148
