451 0.226563 1.000000 0.153046 0.323776
568 0.300938 0.968750 0.142404 0.313332
532 0.379687 0.943287 0.130728 0.300556
600 0.458438 0.925926 0.118005 0.285433
354 0.541562 0.925926 0.117945 0.285357
475 0.620313 0.943287 0.130669 0.300481
583 0.693594 0.968750 0.142346 0.313258
480 0.773438 1.000000 0.152989 0.323704
107 0.033333 0.094444 0.037500 0.066667
381 0.334375 0.027778 0.033333 0.059259
145 0.363542 0.027778 0.033333 0.059259
254 0.392708 0.027778 0.033333 0.059259
13 0.421875 0.027778 0.033333 0.059259
13 0.451042 0.027778 0.033333 0.059259
14 0.247917 0.565741 0.114583 0.268519
15 0.247917 0.716667 0.120312 0.023333
415 0.195833 0.744444 0.025000 0.044444
276 0.220833 0.744444 0.025000 0.044444
41 0.245833 0.744444 0.025000 0.044444
265 0.782292 0.720370 0.025000 0.044444
134 0.807292 0.720370 0.025000 0.044444
239 0.832292 0.720370 0.025000 0.044444
601 0.850000 0.546296 0.145833 0.259259
20 0.850000 0.692593 0.153125 0.023333
170 0.850000 0.387037 0.038333 0.068148
