577 0.182812 1.000000 0.145411 0.296825
182 0.237500 0.976852 0.136936 0.289694
650 0.303125 0.951852 0.127414 0.280350
578 0.379687 0.928704 0.116968 0.268919
88 0.456250 0.921296 0.105583 0.255387
192 0.543750 0.921296 0.105530 0.255319
507 0.620313 0.928704 0.116914 0.268851
442 0.696875 0.951852 0.127362 0.280284
625 0.762500 0.976852 0.136885 0.289630
245 0.817187 1.000000 0.145376 0.296799
108 0.033333 0.094444 0.037500 0.066667
199 0.070833 0.094444 0.037500 0.066667
28 0.108333 0.094444 0.037500 0.066667
36 0.145833 0.094444 0.037500 0.066667
31 0.183333 0.094444 0.037500 0.066667
91 0.220833 0.094444 0.037500 0.066667
31 0.258333 0.094444 0.037500 0.066667
65 0.295833 0.094444 0.037500 0.066667
8 0.333333 0.094444 0.037500 0.066667
132 0.370833 0.094444 0.037500 0.066667
7 0.408333 0.094444 0.037500 0.066667
67 0.445833 0.094444 0.037500 0.066667
91 0.483333 0.094444 0.037500 0.066667
33 0.520833 0.094444 0.037500 0.066667
34 0.558333 0.094444 0.037500 0.066667
8 0.595833 0.094444 0.037500 0.066667
109 0.633333 0.094444 0.037500 0.066667
32 0.670833 0.094444 0.037500 0.066667
304 0.334375 0.027778 0.033333 0.059259
377 0.363542 0.027778 0.033333 0.059259
111 0.392708 0.027778 0.033333 0.059259
143 0.421875 0.027778 0.033333 0.059259
133 0.451042 0.027778 0.033333 0.059259
14 0.247917 0.565741 0.114583 0.268519
15 0.247917 0.716667 0.120312 0.023333
357 0.195833 0.744444 0.025000 0.044444
424 0.220833 0.744444 0.025000 0.044444
357 0.571875 0.734259 0.025000 0.044444
149 0.650000 0.587963 0.166667 0.203704
20 0.650000 0.706481 0.175000 0.023333
150 0.650000 0.456481 0.038333 0.068148
178 0.797917 0.737037 0.025000 0.044444
156 0.822917 0.737037 0.025000 0.044444
100 0.847917 0.737037 0.025000 0.044444
426 0.844792 0.562963 0.104167 0.259259
20 0.844792 0.709259 0.109375 0.023333
170 0.844792 0.403704 0.038333 0.068148
305 0.366667 0.738889 0.025000 0.044444
357 0.391667 0.738889 0.025000 0.044444
422 0.452604 0.490741 0.182292 0.407407
20 0.452604 0.711111 0.191406 0.023333
82 0.452604 0.257407 0.038333 0.068148
