363 0.401563 0.953704 0.131037 0.308710
639 0.500000 0.925926 0.117188 0.291667
607 0.598437 0.953704 0.130975 0.308631
8 0.033333 0.094444 0.037500 0.066667
107 0.070833 0.094444 0.037500 0.066667
31 0.108333 0.094444 0.037500 0.066667
184 0.145833 0.094444 0.037500 0.066667
163 0.183333 0.094444 0.037500 0.066667
32 0.220833 0.094444 0.037500 0.066667
67 0.258333 0.094444 0.037500 0.066667
7 0.295833 0.094444 0.037500 0.066667
36 0.333333 0.094444 0.037500 0.066667
91 0.370833 0.094444 0.037500 0.066667
8 0.408333 0.094444 0.037500 0.066667
7 0.445833 0.094444 0.037500 0.066667
9 0.334375 0.027778 0.033333 0.059259
355 0.363542 0.027778 0.033333 0.059259
96 0.392708 0.027778 0.033333 0.059259
9 0.421875 0.027778 0.033333 0.059259
13 0.451042 0.027778 0.033333 0.059259
14 0.247917 0.565741 0.114583 0.268519
15 0.247917 0.716667 0.120312 0.023333
152 0.195833 0.744444 0.025000 0.044444
524 0.220833 0.744444 0.025000 0.044444
240 0.751042 0.731481 0.025000 0.044444
222 0.776042 0.731481 0.025000 0.044444
19 0.850000 0.525000 0.208333 0.324074
20 0.850000 0.703704 0.218750 0.023333
21 0.850000 0.333333 0.038333 0.068148
98 0.582292 0.720370 0.025000 0.044444
207 0.607292 0.720370 0.025000 0.044444
455 0.632292 0.720370 0.025000 0.044444
601 0.650000 0.546296 0.145833 0.259259
20 0.650000 0.692593 0.153125 0.023333
167 0.650000 0.387037 0.038333 0.068148
