437 0.500000 0.925926 0.117188 0.291667
65 0.033333 0.094444 0.037500 0.066667
33 0.070833 0.094444 0.037500 0.066667
8 0.108333 0.094444 0.037500 0.066667
173 0.145833 0.094444 0.037500 0.066667
6 0.183333 0.094444 0.037500 0.066667
34 0.220833 0.094444 0.037500 0.066667
28 0.258333 0.094444 0.037500 0.066667
184 0.295833 0.094444 0.037500 0.066667
28 0.333333 0.094444 0.037500 0.066667
108 0.370833 0.094444 0.037500 0.066667
129 0.408333 0.094444 0.037500 0.066667
93 0.445833 0.094444 0.037500 0.066667
9 0.334375 0.027778 0.033333 0.059259
185 0.363542 0.027778 0.033333 0.059259
12 0.392708 0.027778 0.033333 0.059259
13 0.421875 0.027778 0.033333 0.059259
13 0.451042 0.027778 0.033333 0.059259
14 0.247917 0.565741 0.114583 0.268519
15 0.247917 0.716667 0.120312 0.023333
124 0.195833 0.744444 0.025000 0.044444
123 0.803125 0.729630 0.025000 0.044444
531 0.850000 0.583333 0.104167 0.203704
20 0.850000 0.701852 0.109375 0.023333
48 0.850000 0.451852 0.038333 0.068148
