456 0.226563 1.000000 0.153046 0.323776
473 0.300938 0.968750 0.142404 0.313332
213 0.379687 0.943287 0.130728 0.300556
551 0.458438 0.925926 0.118005 0.285433
522 0.541562 0.925926 0.117945 0.285357
504 0.620313 0.943287 0.130669 0.300481
550 0.693594 0.968750 0.142346 0.313258
456 0.773438 1.000000 0.152989 0.323704
173 0.033333 0.094444 0.037500 0.066667
6 0.070833 0.094444 0.037500 0.066667
113 0.334375 0.027778 0.033333 0.059259
13 0.363542 0.027778 0.033333 0.059259
13 0.392708 0.027778 0.033333 0.059259
13 0.421875 0.027778 0.033333 0.059259
13 0.451042 0.027778 0.033333 0.059259
14 0.247917 0.565741 0.114583 0.268519
15 0.247917 0.716667 0.120312 0.023333
483 0.195833 0.744444 0.025000 0.044444
56 0.823958 0.706481 0.025000 0.044444
269 0.848958 0.706481 0.025000 0.044444
98 0.873958 0.706481 0.025000 0.044444
524 0.898958 0.706481 0.025000 0.044444
71 0.850000 0.569444 0.062500 0.185185
20 0.850000 0.678704 0.065625 0.023333
72 0.850000 0.447222 0.038333 0.068148
256 0.426562 0.740741 0.025000 0.044444
390 0.451562 0.740741 0.025000 0.044444
239 0.476563 0.740741 0.025000 0.044444
267 0.450000 0.594444 0.057292 0.203704
20 0.450000 0.712963 0.060156 0.023333
170 0.450000 0.462963 0.038333 0.068148
294 0.535417 0.729630 0.025000 0.044444
123 0.560417 0.729630 0.025000 0.044444
208 0.650000 0.546296 0.239583 0.277778
20 0.650000 0.701852 0.251562 0.023333
48 0.650000 0.377778 0.038333 0.068148
