399 0.237500 1.000000 0.155649 0.335641
352 0.314063 0.968783 0.143917 0.323435
654 0.401563 0.945767 0.131037 0.308710
575 0.500000 0.931481 0.117188 0.291667
457 0.598437 0.945767 0.130975 0.308631
458 0.685938 0.968783 0.143855 0.323357
517 0.762500 1.000000 0.155588 0.335564
131 0.033333 0.094444 0.037500 0.066667
92 0.070833 0.094444 0.037500 0.066667
35 0.108333 0.094444 0.037500 0.066667
35 0.145833 0.094444 0.037500 0.066667
92 0.183333 0.094444 0.037500 0.066667
35 0.220833 0.094444 0.037500 0.066667
29 0.258333 0.094444 0.037500 0.066667
303 0.334375 0.027778 0.033333 0.059259
355 0.363542 0.027778 0.033333 0.059259
13 0.392708 0.027778 0.033333 0.059259
13 0.421875 0.027778 0.033333 0.059259
13 0.451042 0.027778 0.033333 0.059259
14 0.247917 0.565741 0.114583 0.268519
15 0.247917 0.716667 0.120312 0.023333
123 0.195833 0.744444 0.025000 0.044444
524 0.220833 0.744444 0.025000 0.044444
124 0.245833 0.744444 0.025000 0.044444
119 0.623958 0.733333 0.025000 0.044444
164 0.648958 0.733333 0.025000 0.044444
154 0.650000 0.614815 0.062500 0.148148
20 0.650000 0.705556 0.065625 0.023333
48 0.650000 0.511111 0.038333 0.068148
454 0.411979 0.724074 0.025000 0.044444
42 0.436979 0.724074 0.025000 0.044444
315 0.445833 0.610185 0.078125 0.138889
20 0.445833 0.696296 0.082031 0.023333
48 0.445833 0.511111 0.038333 0.068148
97 0.766667 0.738889 0.025000 0.044444
73 0.791667 0.738889 0.025000 0.044444
187 0.816667 0.738889 0.025000 0.044444
49 0.841667 0.738889 0.025000 0.044444
422 0.852604 0.490741 0.182292 0.407407
20 0.852604 0.711111 0.191406 0.023333
48 0.852604 0.257407 0.038333 0.068148
