563 0.226563 1.000000 0.153046 0.323776
284 0.300938 0.968750 0.142404 0.313332
569 0.379687 0.943287 0.130728 0.300556
384 0.458438 0.925926 0.118005 0.285433
628 0.541562 0.925926 0.117945 0.285357
180 0.620313 0.943287 0.130669 0.300481
234 0.693594 0.968750 0.142346 0.313258
171 0.773438 1.000000 0.152989 0.323704
30 0.033333 0.094444 0.037500 0.066667
132 0.070833 0.094444 0.037500 0.066667
36 0.108333 0.094444 0.037500 0.066667
32 0.145833 0.094444 0.037500 0.066667
4 0.183333 0.094444 0.037500 0.066667
92 0.220833 0.094444 0.037500 0.066667
107 0.258333 0.094444 0.037500 0.066667
65 0.295833 0.094444 0.037500 0.066667
131 0.333333 0.094444 0.037500 0.066667
36 0.370833 0.094444 0.037500 0.066667
8 0.408333 0.094444 0.037500 0.066667
92 0.445833 0.094444 0.037500 0.066667
92 0.483333 0.094444 0.037500 0.066667
34 0.520833 0.094444 0.037500 0.066667
92 0.558333 0.094444 0.037500 0.066667
111 0.334375 0.027778 0.033333 0.059259
145 0.363542 0.027778 0.033333 0.059259
185 0.392708 0.027778 0.033333 0.059259
9 0.421875 0.027778 0.033333 0.059259
39 0.451042 0.027778 0.033333 0.059259
14 0.247917 0.565741 0.114583 0.268519
15 0.247917 0.716667 0.120312 0.023333
202 0.195833 0.744444 0.025000 0.044444
41 0.220833 0.744444 0.025000 0.044444
241 0.245833 0.744444 0.025000 0.044444
44 0.803125 0.743519 0.025000 0.044444
77 0.828125 0.743519 0.025000 0.044444
368 0.850000 0.555556 0.104167 0.287037
20 0.850000 0.715741 0.109375 0.023333
48 0.850000 0.382407 0.038333 0.068148
