83 0.270312 0.986111 0.149899 0.329824
607 0.357812 0.949074 0.137609 0.316375
486 0.452969 0.925926 0.124215 0.300456
584 0.547031 0.925926 0.124152 0.300376
634 0.642187 0.949074 0.137546 0.316296
3 0.729688 0.986111 0.149838 0.329746
33 0.033333 0.094444 0.037500 0.066667
107 0.070833 0.094444 0.037500 0.066667
64 0.108333 0.094444 0.037500 0.066667
199 0.145833 0.094444 0.037500 0.066667
130 0.183333 0.094444 0.037500 0.066667
36 0.220833 0.094444 0.037500 0.066667
5 0.258333 0.094444 0.037500 0.066667
28 0.295833 0.094444 0.037500 0.066667
186 0.334375 0.027778 0.033333 0.059259
9 0.363542 0.027778 0.033333 0.059259
304 0.392708 0.027778 0.033333 0.059259
174 0.421875 0.027778 0.033333 0.059259
13 0.451042 0.027778 0.033333 0.059259
14 0.247917 0.565741 0.114583 0.268519
15 0.247917 0.716667 0.120312 0.023333
455 0.195833 0.744444 0.025000 0.044444
481 0.220833 0.744444 0.025000 0.044444
242 0.245833 0.744444 0.025000 0.044444
347 0.270833 0.744444 0.025000 0.044444
203 0.610937 0.720681 0.025000 0.044444
608 0.650000 0.616052 0.088542 0.120370
20 0.650000 0.692903 0.092969 0.023333
82 0.650000 0.526237 0.038333 0.068148
268 0.740625 0.739815 0.025000 0.044444
119 0.765625 0.739815 0.025000 0.044444
148 0.790625 0.739815 0.025000 0.044444
176 0.815625 0.739815 0.025000 0.044444
446 0.852604 0.551852 0.234375 0.287037
20 0.852604 0.712037 0.246094 0.023333
48 0.852604 0.378704 0.038333 0.068148
