632 0.500000 0.925926 0.117188 0.291667
184 0.033333 0.094444 0.037500 0.066667
107 0.070833 0.094444 0.037500 0.066667
6 0.108333 0.094444 0.037500 0.066667
29 0.145833 0.094444 0.037500 0.066667
31 0.183333 0.094444 0.037500 0.066667
129 0.220833 0.094444 0.037500 0.066667
29 0.258333 0.094444 0.037500 0.066667
92 0.295833 0.094444 0.037500 0.066667
91 0.333333 0.094444 0.037500 0.066667
173 0.370833 0.094444 0.037500 0.066667
34 0.408333 0.094444 0.037500 0.066667
38 0.445833 0.094444 0.037500 0.066667
6 0.483333 0.094444 0.037500 0.066667
7 0.520833 0.094444 0.037500 0.066667
7 0.558333 0.094444 0.037500 0.066667
131 0.595833 0.094444 0.037500 0.066667
38 0.633333 0.094444 0.037500 0.066667
336 0.334375 0.027778 0.033333 0.059259
10 0.363542 0.027778 0.033333 0.059259
324 0.392708 0.027778 0.033333 0.059259
40 0.421875 0.027778 0.033333 0.059259
13 0.451042 0.027778 0.033333 0.059259
14 0.247917 0.565741 0.114583 0.268519
15 0.247917 0.716667 0.120312 0.023333
269 0.195833 0.744444 0.025000 0.044444
276 0.220833 0.744444 0.025000 0.044444
202 0.810938 0.698223 0.025000 0.044444
448 0.850000 0.593594 0.088542 0.120370
20 0.850000 0.670445 0.092969 0.023333
82 0.850000 0.503779 0.038333 0.068148
275 0.418750 0.706481 0.025000 0.044444
57 0.450000 0.601852 0.072917 0.120370
20 0.450000 0.678704 0.076563 0.023333
48 0.450000 0.512037 0.038333 0.068148
137 0.558854 0.725000 0.025000 0.044444
476 0.650000 0.523148 0.192708 0.314815
20 0.650000 0.697222 0.202344 0.023333
48 0.650000 0.336111 0.038333 0.068148
