509 0.182812 1.000000 0.145411 0.296825
364 0.237500 0.976852 0.136936 0.289694
230 0.303125 0.951852 0.127414 0.280350
311 0.379687 0.928704 0.116968 0.268919
603 0.456250 0.921296 0.105583 0.255387
560 0.543750 0.921296 0.105530 0.255319
552 0.620313 0.928704 0.116914 0.268851
400 0.696875 0.951852 0.127362 0.280284
504 0.762500 0.976852 0.136885 0.289630
387 0.817187 1.000000 0.145376 0.296799
108 0.033333 0.094444 0.037500 0.066667
33 0.070833 0.094444 0.037500 0.066667
36 0.108333 0.094444 0.037500 0.066667
91 0.145833 0.094444 0.037500 0.066667
32 0.183333 0.094444 0.037500 0.066667
110 0.220833 0.094444 0.037500 0.066667
68 0.334375 0.027778 0.033333 0.059259
13 0.363542 0.027778 0.033333 0.059259
13 0.392708 0.027778 0.033333 0.059259
13 0.421875 0.027778 0.033333 0.059259
13 0.451042 0.027778 0.033333 0.059259
14 0.247917 0.565741 0.114583 0.268519
15 0.247917 0.716667 0.120312 0.023333
239 0.195833 0.744444 0.025000 0.044444
296 0.220833 0.744444 0.025000 0.044444
292 0.245833 0.744444 0.025000 0.044444
101 0.270833 0.744444 0.025000 0.044444
241 0.764063 0.751852 0.025000 0.044444
43 0.789063 0.751852 0.025000 0.044444
97 0.814062 0.751852 0.025000 0.044444
119 0.839063 0.751852 0.025000 0.044444
590 0.850000 0.540741 0.182292 0.333333
20 0.850000 0.724074 0.191406 0.023333
21 0.850000 0.344444 0.038333 0.068148
