344 0.500000 0.925926 0.117188 0.291667
29 0.033333 0.094444 0.037500 0.066667
33 0.070833 0.094444 0.037500 0.066667
110 0.108333 0.094444 0.037500 0.066667
66 0.145833 0.094444 0.037500 0.066667
108 0.183333 0.094444 0.037500 0.066667
8 0.220833 0.094444 0.037500 0.066667
129 0.258333 0.094444 0.037500 0.066667
67 0.295833 0.094444 0.037500 0.066667
30 0.333333 0.094444 0.037500 0.066667
4 0.370833 0.094444 0.037500 0.066667
65 0.408333 0.094444 0.037500 0.066667
91 0.445833 0.094444 0.037500 0.066667
93 0.483333 0.094444 0.037500 0.066667
199 0.520833 0.094444 0.037500 0.066667
108 0.558333 0.094444 0.037500 0.066667
31 0.595833 0.094444 0.037500 0.066667
30 0.633333 0.094444 0.037500 0.066667
28 0.670833 0.094444 0.037500 0.066667
91 0.708333 0.094444 0.037500 0.066667
94 0.745833 0.094444 0.037500 0.066667
96 0.334375 0.027778 0.033333 0.059259
304 0.363542 0.027778 0.033333 0.059259
13 0.392708 0.027778 0.033333 0.059259
13 0.421875 0.027778 0.033333 0.059259
13 0.451042 0.027778 0.033333 0.059259
14 0.247917 0.565741 0.114583 0.268519
15 0.247917 0.716667 0.120312 0.023333
41 0.195833 0.744444 0.025000 0.044444
80 0.220833 0.744444 0.025000 0.044444
270 0.245833 0.744444 0.025000 0.044444
256 0.618750 0.706481 0.025000 0.044444
57 0.650000 0.601852 0.072917 0.120370
20 0.650000 0.678704 0.076563 0.023333
48 0.650000 0.512037 0.038333 0.068148
97 0.756250 0.734259 0.025000 0.044444
78 0.781250 0.734259 0.025000 0.044444
43 0.806250 0.734259 0.025000 0.044444
136 0.831250 0.734259 0.025000 0.044444
190 0.850000 0.555556 0.197917 0.268519
20 0.850000 0.706481 0.207812 0.023333
170 0.850000 0.391667 0.038333 0.068148
