494 0.182812 1.000000 0.145411 0.296825
486 0.237500 0.976852 0.136936 0.289694
195 0.303125 0.951852 0.127414 0.280350
502 0.379687 0.928704 0.116968 0.268919
391 0.456250 0.921296 0.105583 0.255387
548 0.543750 0.921296 0.105530 0.255319
245 0.620313 0.928704 0.116914 0.268851
340 0.696875 0.951852 0.127362 0.280284
626 0.762500 0.976852 0.136885 0.289630
395 0.817187 1.000000 0.145376 0.296799
91 0.033333 0.094444 0.037500 0.066667
5 0.070833 0.094444 0.037500 0.066667
7 0.108333 0.094444 0.037500 0.066667
107 0.145833 0.094444 0.037500 0.066667
32 0.183333 0.094444 0.037500 0.066667
131 0.220833 0.094444 0.037500 0.066667
36 0.258333 0.094444 0.037500 0.066667
7 0.295833 0.094444 0.037500 0.066667
38 0.333333 0.094444 0.037500 0.066667
107 0.370833 0.094444 0.037500 0.066667
131 0.408333 0.094444 0.037500 0.066667
28 0.445833 0.094444 0.037500 0.066667
32 0.483333 0.094444 0.037500 0.066667
35 0.520833 0.094444 0.037500 0.066667
173 0.558333 0.094444 0.037500 0.066667
184 0.595833 0.094444 0.037500 0.066667
36 0.633333 0.094444 0.037500 0.066667
37 0.670833 0.094444 0.037500 0.066667
129 0.708333 0.094444 0.037500 0.066667
7 0.745833 0.094444 0.037500 0.066667
290 0.334375 0.027778 0.033333 0.059259
377 0.363542 0.027778 0.033333 0.059259
12 0.392708 0.027778 0.033333 0.059259
174 0.421875 0.027778 0.033333 0.059259
13 0.451042 0.027778 0.033333 0.059259
14 0.247917 0.565741 0.114583 0.268519
15 0.247917 0.716667 0.120312 0.023333
269 0.195833 0.744444 0.025000 0.044444
77 0.220833 0.744444 0.025000 0.044444
416 0.245833 0.744444 0.025000 0.044444
228 0.551042 0.731481 0.025000 0.044444
98 0.576042 0.731481 0.025000 0.044444
54 0.601042 0.731481 0.025000 0.044444
19 0.650000 0.525000 0.208333 0.324074
20 0.650000 0.703704 0.218750 0.023333
21 0.650000 0.333333 0.038333 0.068148
390 0.797917 0.737037 0.025000 0.044444
424 0.822917 0.737037 0.025000 0.044444
228 0.847917 0.737037 0.025000 0.044444
426 0.844792 0.562963 0.104167 0.259259
20 0.844792 0.709259 0.109375 0.023333
170 0.844792 0.403704 0.038333 0.068148
273 0.403125 0.741667 0.025000 0.044444
299 0.428125 0.741667 0.025000 0.044444
291 0.453125 0.741667 0.025000 0.044444
217 0.444792 0.565278 0.093750 0.263889
20 0.444792 0.713889 0.098437 0.023333
158 0.444792 0.403704 0.038333 0.068148
