616 0.193750 1.000000 0.149621 0.310807
160 0.259375 0.982716 0.140084 0.302077
194 0.332656 0.955556 0.129526 0.291092
196 0.412500 0.930247 0.117934 0.277839
560 0.500000 0.925926 0.105469 0.262500
209 0.587500 0.930247 0.117877 0.277768
500 0.667344 0.955556 0.129470 0.291021
555 0.740625 0.982716 0.140029 0.302007
599 0.806250 1.000000 0.149567 0.310740
163 0.033333 0.094444 0.037500 0.066667
33 0.070833 0.094444 0.037500 0.066667
65 0.108333 0.094444 0.037500 0.066667
31 0.145833 0.094444 0.037500 0.066667
91 0.183333 0.094444 0.037500 0.066667
163 0.220833 0.094444 0.037500 0.066667
29 0.258333 0.094444 0.037500 0.066667
129 0.295833 0.094444 0.037500 0.066667
91 0.333333 0.094444 0.037500 0.066667
200 0.334375 0.027778 0.033333 0.059259
174 0.363542 0.027778 0.033333 0.059259
96 0.392708 0.027778 0.033333 0.059259
290 0.421875 0.027778 0.033333 0.059259
143 0.451042 0.027778 0.033333 0.059259
14 0.247917 0.565741 0.114583 0.268519
15 0.247917 0.716667 0.120312 0.023333
327 0.195833 0.744444 0.025000 0.044444
18 0.405729 0.757407 0.025000 0.044444
100 0.430729 0.757407 0.025000 0.044444
141 0.452604 0.583333 0.104167 0.259259
20 0.452604 0.729630 0.109375 0.023333
170 0.452604 0.424074 0.038333 0.068148
165 0.574479 0.725926 0.025000 0.044444
295 0.599479 0.725926 0.025000 0.044444
279 0.660417 0.561111 0.182292 0.240741
20 0.660417 0.698148 0.191406 0.023333
280 0.660417 0.411111 0.038333 0.068148
266 0.753646 0.725926 0.025000 0.044444
416 0.778646 0.725926 0.025000 0.044444
119 0.803646 0.725926 0.025000 0.044444
123 0.828646 0.725926 0.025000 0.044444
243 0.850000 0.500926 0.203125 0.361111
20 0.850000 0.698148 0.213281 0.023333
170 0.850000 0.290741 0.038333 0.068148
