569 0.226563 1.000000 0.153046 0.323776
487 0.300938 0.968750 0.142404 0.313332
535 0.379687 0.943287 0.130728 0.300556
536 0.458438 0.925926 0.118005 0.285433
434 0.541562 0.925926 0.117945 0.285357
593 0.620313 0.943287 0.130669 0.300481
607 0.693594 0.968750 0.142346 0.313258
525 0.773438 1.000000 0.152989 0.323704
5 0.033333 0.094444 0.037500 0.066667
254 0.334375 0.027778 0.033333 0.059259
11 0.363542 0.027778 0.033333 0.059259
255 0.392708 0.027778 0.033333 0.059259
96 0.421875 0.027778 0.033333 0.059259
13 0.451042 0.027778 0.033333 0.059259
14 0.247917 0.565741 0.114583 0.268519
15 0.247917 0.716667 0.120312 0.023333
306 0.195833 0.744444 0.025000 0.044444
435 0.220833 0.744444 0.025000 0.044444
123 0.245833 0.744444 0.025000 0.044444
114 0.270833 0.744444 0.025000 0.044444
425 0.810938 0.729630 0.025000 0.044444
148 0.835938 0.729630 0.025000 0.044444
205 0.860937 0.729630 0.025000 0.044444
405 0.850000 0.578704 0.088542 0.212963
20 0.850000 0.701852 0.092969 0.023333
48 0.850000 0.442593 0.038333 0.068148
79 0.603125 0.733333 0.025000 0.044444
42 0.628125 0.733333 0.025000 0.044444
319 0.647396 0.605556 0.098958 0.166667
20 0.647396 0.705556 0.103906 0.023333
48 0.647396 0.492593 0.038333 0.068148
390 0.387500 0.720370 0.025000 0.044444
164 0.412500 0.720370 0.025000 0.044444
56 0.437500 0.720370 0.025000 0.044444
270 0.462500 0.720370 0.025000 0.044444
330 0.450000 0.583333 0.135417 0.185185
20 0.450000 0.692593 0.142188 0.023333
48 0.450000 0.461111 0.038333 0.068148
