59 0.182812 1.000000 0.145411 0.296825
495 0.237500 0.976852 0.136936 0.289694
523 0.303125 0.951852 0.127414 0.280350
570 0.379687 0.928704 0.116968 0.268919
651 0.456250 0.921296 0.105583 0.255387
599 0.543750 0.921296 0.105530 0.255319
353 0.620313 0.928704 0.116914 0.268851
554 0.696875 0.951852 0.127362 0.280284
503 0.762500 0.976852 0.136885 0.289630
0 0.817187 1.000000 0.145376 0.296799
199 0.033333 0.094444 0.037500 0.066667
30 0.070833 0.094444 0.037500 0.066667
107 0.108333 0.094444 0.037500 0.066667
4 0.145833 0.094444 0.037500 0.066667
130 0.183333 0.094444 0.037500 0.066667
6 0.220833 0.094444 0.037500 0.066667
7 0.258333 0.094444 0.037500 0.066667
94 0.295833 0.094444 0.037500 0.066667
30 0.333333 0.094444 0.037500 0.066667
91 0.370833 0.094444 0.037500 0.066667
131 0.408333 0.094444 0.037500 0.066667
35 0.445833 0.094444 0.037500 0.066667
28 0.483333 0.094444 0.037500 0.066667
29 0.520833 0.094444 0.037500 0.066667
131 0.558333 0.094444 0.037500 0.066667
131 0.595833 0.094444 0.037500 0.066667
29 0.633333 0.094444 0.037500 0.066667
28 0.670833 0.094444 0.037500 0.066667
7 0.708333 0.094444 0.037500 0.066667
39 0.334375 0.027778 0.033333 0.059259
133 0.363542 0.027778 0.033333 0.059259
336 0.392708 0.027778 0.033333 0.059259
186 0.421875 0.027778 0.033333 0.059259
13 0.451042 0.027778 0.033333 0.059259
14 0.247917 0.565741 0.114583 0.268519
15 0.247917 0.716667 0.120312 0.023333
281 0.195833 0.744444 0.025000 0.044444
275 0.810938 0.729630 0.025000 0.044444
516 0.850000 0.578704 0.088542 0.212963
20 0.850000 0.701852 0.092969 0.023333
170 0.850000 0.442593 0.038333 0.068148
227 0.584896 0.738889 0.025000 0.044444
357 0.609896 0.738889 0.025000 0.044444
469 0.634896 0.738889 0.025000 0.044444
116 0.659896 0.738889 0.025000 0.044444
53 0.650000 0.509259 0.140625 0.370370
20 0.650000 0.711111 0.147656 0.023333
331 0.650000 0.294444 0.038333 0.068148
