156 0.351250 0.960648 0.137609 0.316375
155 0.449688 0.935185 0.124215 0.300456
420 0.550312 0.935185 0.124152 0.300376
317 0.648750 0.960648 0.137546 0.316296
178 0.033333 0.094444 0.037500 0.066667
42 0.070833 0.094444 0.037500 0.066667
117 0.108333 0.094444 0.037500 0.066667
47 0.145833 0.094444 0.037500 0.066667
188 0.183333 0.094444 0.037500 0.066667
287 0.220833 0.094444 0.037500 0.066667
48 0.258333 0.094444 0.037500 0.066667
42 0.295833 0.094444 0.037500 0.066667
137 0.333333 0.094444 0.037500 0.066667
98 0.370833 0.094444 0.037500 0.066667
164 0.408333 0.094444 0.037500 0.066667
135 0.445833 0.094444 0.037500 0.066667
360 0.334375 0.027778 0.033333 0.059259
12 0.363542 0.027778 0.033333 0.059259
289 0.392708 0.027778 0.033333 0.059259
421 0.421875 0.027778 0.033333 0.059259
13 0.451042 0.027778 0.033333 0.059259
14 0.247917 0.565741 0.114583 0.268519
15 0.247917 0.716667 0.120312 0.023333
19 0.195833 0.744444 0.025000 0.044444
293 0.605729 0.757407 0.025000 0.044444
27 0.630729 0.757407 0.025000 0.044444
80 0.655729 0.757407 0.025000 0.044444
150 0.652604 0.583333 0.104167 0.259259
23 0.652604 0.729630 0.109375 0.023333
61 0.652604 0.424074 0.038333 0.068148
27 0.805729 0.738889 0.025000 0.044444
346 0.830729 0.738889 0.025000 0.044444
376 0.847396 0.564815 0.093750 0.259259
23 0.847396 0.711111 0.098437 0.023333
169 0.847396 0.405556 0.038333 0.068148
