421 0.401563 0.953704 0.131037 0.308710
586 0.500000 0.925926 0.117188 0.291667
541 0.598437 0.953704 0.130975 0.308631
8 0.033333 0.094444 0.037500 0.066667
214 0.334375 0.027778 0.033333 0.059259
272 0.363542 0.027778 0.033333 0.059259
355 0.392708 0.027778 0.033333 0.059259
10 0.421875 0.027778 0.033333 0.059259
144 0.451042 0.027778 0.033333 0.059259
14 0.247917 0.565741 0.114583 0.268519
15 0.247917 0.716667 0.120312 0.023333
326 0.195833 0.744444 0.025000 0.044444
305 0.220833 0.744444 0.025000 0.044444
328 0.245833 0.744444 0.025000 0.044444
124 0.270833 0.744444 0.025000 0.044444
447 0.371875 0.724074 0.025000 0.044444
441 0.439583 0.563889 0.145833 0.231481
20 0.439583 0.696296 0.153125 0.023333
48 0.439583 0.418519 0.038333 0.068148
97 0.766667 0.738889 0.025000 0.044444
422 0.852604 0.490741 0.182292 0.407407
20 0.852604 0.711111 0.191406 0.023333
48 0.852604 0.257407 0.038333 0.068148
148 0.526042 0.729630 0.025000 0.044444
242 0.551042 0.729630 0.025000 0.044444
347 0.576042 0.729630 0.025000 0.044444
282 0.644792 0.495370 0.247917 0.379630
20 0.644792 0.701852 0.260312 0.023333
48 0.644792 0.275926 0.038333 0.068148
