365 0.182812 1.000000 0.145411 0.296825
537 0.237500 0.976852 0.136936 0.289694
572 0.303125 0.951852 0.127414 0.280350
23 0.379687 0.928704 0.116968 0.268919
627 0.456250 0.921296 0.105583 0.255387
320 0.543750 0.921296 0.105530 0.255319
489 0.620313 0.928704 0.116914 0.268851
635 0.696875 0.951852 0.127362 0.280284
439 0.762500 0.976852 0.136885 0.289630
359 0.817187 1.000000 0.145376 0.296799
28 0.033333 0.094444 0.037500 0.066667
94 0.070833 0.094444 0.037500 0.066667
64 0.108333 0.094444 0.037500 0.066667
36 0.145833 0.094444 0.037500 0.066667
5 0.183333 0.094444 0.037500 0.066667
6 0.220833 0.094444 0.037500 0.066667
5 0.258333 0.094444 0.037500 0.066667
29 0.295833 0.094444 0.037500 0.066667
93 0.333333 0.094444 0.037500 0.066667
91 0.370833 0.094444 0.037500 0.066667
4 0.408333 0.094444 0.037500 0.066667
29 0.445833 0.094444 0.037500 0.066667
107 0.483333 0.094444 0.037500 0.066667
131 0.520833 0.094444 0.037500 0.066667
31 0.558333 0.094444 0.037500 0.066667
92 0.595833 0.094444 0.037500 0.066667
109 0.633333 0.094444 0.037500 0.066667
8 0.670833 0.094444 0.037500 0.066667
33 0.708333 0.094444 0.037500 0.066667
8 0.745833 0.094444 0.037500 0.066667
377 0.334375 0.027778 0.033333 0.059259
13 0.363542 0.027778 0.033333 0.059259
13 0.392708 0.027778 0.033333 0.059259
13 0.421875 0.027778 0.033333 0.059259
13 0.451042 0.027778 0.033333 0.059259
14 0.247917 0.565741 0.114583 0.268519
15 0.247917 0.716667 0.120312 0.023333
117 0.195833 0.744444 0.025000 0.044444
406 0.220833 0.744444 0.025000 0.044444
79 0.245833 0.744444 0.025000 0.044444
481 0.270833 0.744444 0.025000 0.044444
371 0.623958 0.706481 0.025000 0.044444
71 0.650000 0.569444 0.062500 0.185185
20 0.650000 0.678704 0.065625 0.023333
72 0.650000 0.447222 0.038333 0.068148
98 0.756250 0.734259 0.025000 0.044444
18 0.781250 0.734259 0.025000 0.044444
190 0.850000 0.555556 0.197917 0.268519
20 0.850000 0.706481 0.207812 0.023333
167 0.850000 0.391667 0.038333 0.068148
