598 0.237500 1.000000 0.155649 0.335641
128 0.314063 0.968783 0.143917 0.323435
636 0.401563 0.945767 0.131037 0.308710
380 0.500000 0.931481 0.117188 0.291667
618 0.598437 0.945767 0.130975 0.308631
308 0.685938 0.968783 0.143855 0.323357
542 0.762500 1.000000 0.155588 0.335564
173 0.033333 0.094444 0.037500 0.066667
36 0.070833 0.094444 0.037500 0.066667
130 0.108333 0.094444 0.037500 0.066667
67 0.145833 0.094444 0.037500 0.066667
173 0.183333 0.094444 0.037500 0.066667
28 0.220833 0.094444 0.037500 0.066667
6 0.258333 0.094444 0.037500 0.066667
199 0.295833 0.094444 0.037500 0.066667
109 0.333333 0.094444 0.037500 0.066667
109 0.370833 0.094444 0.037500 0.066667
34 0.408333 0.094444 0.037500 0.066667
6 0.445833 0.094444 0.037500 0.066667
30 0.483333 0.094444 0.037500 0.066667
92 0.520833 0.094444 0.037500 0.066667
7 0.558333 0.094444 0.037500 0.066667
6 0.595833 0.094444 0.037500 0.066667
68 0.334375 0.027778 0.033333 0.059259
11 0.363542 0.027778 0.033333 0.059259
10 0.392708 0.027778 0.033333 0.059259
324 0.421875 0.027778 0.033333 0.059259
13 0.451042 0.027778 0.033333 0.059259
14 0.247917 0.565741 0.114583 0.268519
15 0.247917 0.716667 0.120312 0.023333
256 0.195833 0.744444 0.025000 0.044444
202 0.220833 0.744444 0.025000 0.044444
222 0.574479 0.725926 0.025000 0.044444
390 0.599479 0.725926 0.025000 0.044444
524 0.624479 0.725926 0.025000 0.044444
279 0.660417 0.561111 0.182292 0.240741
20 0.660417 0.698148 0.191406 0.023333
48 0.660417 0.411111 0.038333 0.068148
371 0.351042 0.743519 0.025000 0.044444
314 0.376042 0.743519 0.025000 0.044444
293 0.401042 0.743519 0.025000 0.044444
43 0.426042 0.743519 0.025000 0.044444
338 0.450000 0.509259 0.208333 0.379630
20 0.450000 0.715741 0.218750 0.023333
216 0.450000 0.289815 0.038333 0.068148
99 0.771875 0.724074 0.025000 0.044444
337 0.796875 0.724074 0.025000 0.044444
441 0.839583 0.563889 0.145833 0.231481
20 0.839583 0.696296 0.153125 0.023333
170 0.839583 0.418519 0.038333 0.068148
