434 0.226563 1.000000 0.153046 0.323776
563 0.300938 0.968750 0.142404 0.313332
434 0.379687 0.943287 0.130728 0.300556
651 0.458438 0.925926 0.118005 0.285433
471 0.541562 0.925926 0.117945 0.285357
219 0.620313 0.943287 0.130669 0.300481
613 0.693594 0.968750 0.142346 0.313258
457 0.773438 1.000000 0.152989 0.323704
8 0.033333 0.094444 0.037500 0.066667
28 0.070833 0.094444 0.037500 0.066667
65 0.108333 0.094444 0.037500 0.066667
67 0.145833 0.094444 0.037500 0.066667
35 0.183333 0.094444 0.037500 0.066667
34 0.220833 0.094444 0.037500 0.066667
94 0.258333 0.094444 0.037500 0.066667
129 0.295833 0.094444 0.037500 0.066667
184 0.333333 0.094444 0.037500 0.066667
37 0.370833 0.094444 0.037500 0.066667
4 0.408333 0.094444 0.037500 0.066667
110 0.445833 0.094444 0.037500 0.066667
303 0.334375 0.027778 0.033333 0.059259
95 0.363542 0.027778 0.033333 0.059259
324 0.392708 0.027778 0.033333 0.059259
13 0.421875 0.027778 0.033333 0.059259
13 0.451042 0.027778 0.033333 0.059259
14 0.247917 0.565741 0.114583 0.268519
15 0.247917 0.716667 0.120312 0.023333
415 0.195833 0.744444 0.025000 0.044444
119 0.220833 0.744444 0.025000 0.044444
204 0.245833 0.744444 0.025000 0.044444
79 0.270833 0.744444 0.025000 0.044444
276 0.808333 0.706481 0.025000 0.044444
104 0.833333 0.706481 0.025000 0.044444
270 0.858333 0.706481 0.025000 0.044444
47 0.850000 0.597222 0.093750 0.129630
20 0.850000 0.678704 0.098437 0.023333
48 0.850000 0.502778 0.038333 0.068148
281 0.621354 0.731481 0.025000 0.044444
273 0.646354 0.731481 0.025000 0.044444
44 0.671354 0.731481 0.025000 0.044444
105 0.650000 0.640741 0.067708 0.092593
20 0.650000 0.703704 0.071094 0.023333
82 0.650000 0.564815 0.038333 0.068148
