261 0.193750 1.000000 0.149621 0.310807
568 0.259375 0.982716 0.140084 0.302077
365 0.332656 0.955556 0.129526 0.291092
380 0.412500 0.930247 0.117934 0.277839
648 0.500000 0.925926 0.105469 0.262500
640 0.587500 0.930247 0.117877 0.277768
439 0.667344 0.955556 0.129470 0.291021
512 0.740625 0.982716 0.140029 0.302007
360 0.806250 1.000000 0.149567 0.310740
92 0.033333 0.094444 0.037500 0.066667
132 0.070833 0.094444 0.037500 0.066667
92 0.108333 0.094444 0.037500 0.066667
92 0.145833 0.094444 0.037500 0.066667
93 0.183333 0.094444 0.037500 0.066667
4 0.220833 0.094444 0.037500 0.066667
28 0.258333 0.094444 0.037500 0.066667
37 0.295833 0.094444 0.037500 0.066667
109 0.333333 0.094444 0.037500 0.066667
28 0.370833 0.094444 0.037500 0.066667
254 0.334375 0.027778 0.033333 0.059259
336 0.363542 0.027778 0.033333 0.059259
144 0.392708 0.027778 0.033333 0.059259
10 0.421875 0.027778 0.033333 0.059259
13 0.451042 0.027778 0.033333 0.059259
14 0.247917 0.565741 0.114583 0.268519
15 0.247917 0.716667 0.120312 0.023333
277 0.195833 0.744444 0.025000 0.044444
45 0.374479 0.725926 0.025000 0.044444
390 0.399479 0.725926 0.025000 0.044444
16 0.424479 0.725926 0.025000 0.044444
279 0.460417 0.561111 0.182292 0.240741
20 0.460417 0.698148 0.191406 0.023333
170 0.460417 0.411111 0.038333 0.068148
227 0.797917 0.748148 0.025000 0.044444
203 0.822917 0.748148 0.025000 0.044444
291 0.847917 0.748148 0.025000 0.044444
265 0.872917 0.748148 0.025000 0.044444
179 0.850000 0.555556 0.114583 0.296296
20 0.850000 0.720370 0.120312 0.023333
48 0.850000 0.377778 0.038333 0.068148
175 0.611979 0.724074 0.025000 0.044444
406 0.636979 0.724074 0.025000 0.044444
97 0.661979 0.724074 0.025000 0.044444
99 0.686979 0.724074 0.025000 0.044444
315 0.645833 0.610185 0.078125 0.138889
20 0.645833 0.696296 0.082031 0.023333
48 0.645833 0.511111 0.038333 0.068148
