250 0.351250 0.960648 0.137609 0.316375
335 0.449688 0.935185 0.124215 0.300456
407 0.550312 0.935185 0.124152 0.300376
343 0.648750 0.960648 0.137546 0.316296
184 0.033333 0.094444 0.037500 0.066667
94 0.070833 0.094444 0.037500 0.066667
107 0.108333 0.094444 0.037500 0.066667
65 0.145833 0.094444 0.037500 0.066667
36 0.183333 0.094444 0.037500 0.066667
163 0.220833 0.094444 0.037500 0.066667
110 0.258333 0.094444 0.037500 0.066667
67 0.295833 0.094444 0.037500 0.066667
30 0.333333 0.094444 0.037500 0.066667
6 0.370833 0.094444 0.037500 0.066667
36 0.408333 0.094444 0.037500 0.066667
37 0.445833 0.094444 0.037500 0.066667
67 0.483333 0.094444 0.037500 0.066667
8 0.520833 0.094444 0.037500 0.066667
110 0.558333 0.094444 0.037500 0.066667
92 0.595833 0.094444 0.037500 0.066667
184 0.633333 0.094444 0.037500 0.066667
163 0.670833 0.094444 0.037500 0.066667
163 0.708333 0.094444 0.037500 0.066667
199 0.745833 0.094444 0.037500 0.066667
11 0.334375 0.027778 0.033333 0.059259
40 0.363542 0.027778 0.033333 0.059259
254 0.392708 0.027778 0.033333 0.059259
11 0.421875 0.027778 0.033333 0.059259
13 0.451042 0.027778 0.033333 0.059259
14 0.247917 0.565741 0.114583 0.268519
15 0.247917 0.716667 0.120312 0.023333
52 0.195833 0.744444 0.025000 0.044444
259 0.220833 0.744444 0.025000 0.044444
215 0.803125 0.729630 0.025000 0.044444
382 0.850000 0.583333 0.104167 0.203704
20 0.850000 0.701852 0.109375 0.023333
48 0.850000 0.451852 0.038333 0.068148
296 0.525000 0.752778 0.025000 0.044444
155 0.550000 0.752778 0.025000 0.044444
264 0.575000 0.752778 0.025000 0.044444
397 0.644792 0.509259 0.250000 0.398148
20 0.644792 0.725000 0.262500 0.023333
48 0.644792 0.280556 0.038333 0.068148
