245 0.448594 0.925926 0.124215 0.300456
624 0.557969 0.925926 0.124152 0.300376
43 0.033333 0.094444 0.037500 0.066667
163 0.070833 0.094444 0.037500 0.066667
138 0.108333 0.094444 0.037500 0.066667
118 0.145833 0.094444 0.037500 0.066667
76 0.183333 0.094444 0.037500 0.066667
100 0.220833 0.094444 0.037500 0.066667
77 0.258333 0.094444 0.037500 0.066667
163 0.295833 0.094444 0.037500 0.066667
43 0.333333 0.094444 0.037500 0.066667
45 0.370833 0.094444 0.037500 0.066667
43 0.408333 0.094444 0.037500 0.066667
163 0.445833 0.094444 0.037500 0.066667
41 0.483333 0.094444 0.037500 0.066667
261 0.520833 0.094444 0.037500 0.066667
142 0.334375 0.027778 0.033333 0.059259
181 0.363542 0.027778 0.033333 0.059259
288 0.392708 0.027778 0.033333 0.059259
101 0.421875 0.027778 0.033333 0.059259
13 0.451042 0.027778 0.033333 0.059259
14 0.247917 0.565741 0.114583 0.268519
15 0.247917 0.716667 0.120312 0.023333
301 0.195833 0.744444 0.025000 0.044444
370 0.610937 0.722837 0.025000 0.044444
227 0.635938 0.722837 0.025000 0.044444
627 0.650000 0.618207 0.088542 0.120370
23 0.650000 0.695059 0.092969 0.023333
61 0.650000 0.528392 0.038333 0.068148
124 0.805729 0.757407 0.025000 0.044444
413 0.830729 0.757407 0.025000 0.044444
80 0.855729 0.757407 0.025000 0.044444
150 0.852604 0.583333 0.104167 0.259259
23 0.852604 0.729630 0.109375 0.023333
24 0.852604 0.424074 0.038333 0.068148
