248 0.401563 0.953704 0.131037 0.308710
609 0.500000 0.925926 0.117188 0.291667
25 0.598437 0.953704 0.130975 0.308631
132 0.033333 0.094444 0.037500 0.066667
38 0.070833 0.094444 0.037500 0.066667
33 0.108333 0.094444 0.037500 0.066667
30 0.145833 0.094444 0.037500 0.066667
34 0.183333 0.094444 0.037500 0.066667
31 0.220833 0.094444 0.037500 0.066667
163 0.258333 0.094444 0.037500 0.066667
65 0.295833 0.094444 0.037500 0.066667
109 0.333333 0.094444 0.037500 0.066667
5 0.370833 0.094444 0.037500 0.066667
4 0.408333 0.094444 0.037500 0.066667
238 0.334375 0.027778 0.033333 0.059259
111 0.363542 0.027778 0.033333 0.059259
255 0.392708 0.027778 0.033333 0.059259
13 0.421875 0.027778 0.033333 0.059259
13 0.451042 0.027778 0.033333 0.059259
14 0.247917 0.565741 0.114583 0.268519
15 0.247917 0.716667 0.120312 0.023333
151 0.195833 0.744444 0.025000 0.044444
52 0.220833 0.744444 0.025000 0.044444
136 0.782292 0.720370 0.025000 0.044444
601 0.850000 0.546296 0.145833 0.259259
20 0.850000 0.692593 0.153125 0.023333
48 0.850000 0.387037 0.038333 0.068148
