600 0.270312 0.986111 0.149899 0.329824
364 0.357812 0.949074 0.137609 0.316375
568 0.452969 0.925926 0.124215 0.300456
594 0.547031 0.925926 0.124152 0.300376
540 0.642187 0.949074 0.137546 0.316296
604 0.729688 0.986111 0.149838 0.329746
199 0.033333 0.094444 0.037500 0.066667
303 0.334375 0.027778 0.033333 0.059259
39 0.363542 0.027778 0.033333 0.059259
272 0.392708 0.027778 0.033333 0.059259
95 0.421875 0.027778 0.033333 0.059259
186 0.451042 0.027778 0.033333 0.059259
14 0.247917 0.565741 0.114583 0.268519
15 0.247917 0.716667 0.120312 0.023333
366 0.195833 0.744444 0.025000 0.044444
469 0.220833 0.744444 0.025000 0.044444
55 0.245833 0.744444 0.025000 0.044444
337 0.811979 0.740741 0.025000 0.044444
17 0.836979 0.740741 0.025000 0.044444
81 0.845833 0.626852 0.078125 0.138889
20 0.845833 0.712963 0.082031 0.023333
82 0.845833 0.527778 0.038333 0.068148
