88 0.500000 0.925926 0.117188 0.291667
109 0.033333 0.094444 0.037500 0.066667
30 0.070833 0.094444 0.037500 0.066667
93 0.108333 0.094444 0.037500 0.066667
324 0.334375 0.027778 0.033333 0.059259
144 0.363542 0.027778 0.033333 0.059259
174 0.392708 0.027778 0.033333 0.059259
9 0.421875 0.027778 0.033333 0.059259
10 0.451042 0.027778 0.033333 0.059259
14 0.247917 0.565741 0.114583 0.268519
15 0.247917 0.716667 0.120312 0.023333
273 0.195833 0.744444 0.025000 0.044444
123 0.220833 0.744444 0.025000 0.044444
294 0.245833 0.744444 0.025000 0.044444
305 0.270833 0.744444 0.025000 0.044444
226 0.608333 0.706481 0.025000 0.044444
146 0.633333 0.706481 0.025000 0.044444
259 0.658333 0.706481 0.025000 0.044444
51 0.683333 0.706481 0.025000 0.044444
47 0.650000 0.597222 0.093750 0.129630
20 0.650000 0.678704 0.098437 0.023333
82 0.650000 0.502778 0.038333 0.068148
51 0.826563 0.740741 0.025000 0.044444
281 0.851563 0.740741 0.025000 0.044444
80 0.876562 0.740741 0.025000 0.044444
267 0.850000 0.594444 0.057292 0.203704
20 0.850000 0.712963 0.060156 0.023333
170 0.850000 0.462963 0.038333 0.068148
