386 0.226563 1.000000 0.153046 0.323776
589 0.300938 0.968750 0.142404 0.313332
577 0.379687 0.943287 0.130728 0.300556
552 0.458438 0.925926 0.118005 0.285433
645 0.541562 0.925926 0.117945 0.285357
530 0.620313 0.943287 0.130669 0.300481
534 0.693594 0.968750 0.142346 0.313258
364 0.773438 1.000000 0.152989 0.323704
93 0.033333 0.094444 0.037500 0.066667
65 0.070833 0.094444 0.037500 0.066667
34 0.108333 0.094444 0.037500 0.066667
66 0.145833 0.094444 0.037500 0.066667
355 0.334375 0.027778 0.033333 0.059259
336 0.363542 0.027778 0.033333 0.059259
13 0.392708 0.027778 0.033333 0.059259
13 0.421875 0.027778 0.033333 0.059259
13 0.451042 0.027778 0.033333 0.059259
14 0.247917 0.565741 0.114583 0.268519
15 0.247917 0.716667 0.120312 0.023333
241 0.195833 0.744444 0.025000 0.044444
78 0.220833 0.744444 0.025000 0.044444
104 0.245833 0.744444 0.025000 0.044444
228 0.423958 0.706481 0.025000 0.044444
152 0.448958 0.706481 0.025000 0.044444
155 0.473958 0.706481 0.025000 0.044444
71 0.450000 0.569444 0.062500 0.185185
20 0.450000 0.678704 0.065625 0.023333
72 0.450000 0.447222 0.038333 0.068148
313 0.771875 0.724074 0.025000 0.044444
207 0.796875 0.724074 0.025000 0.044444
441 0.839583 0.563889 0.145833 0.231481
20 0.839583 0.696296 0.153125 0.023333
170 0.839583 0.418519 0.038333 0.068148
155 0.543229 0.748148 0.025000 0.044444
51 0.568229 0.748148 0.025000 0.044444
358 0.650000 0.537037 0.223958 0.333333
20 0.650000 0.720370 0.235156 0.023333
21 0.650000 0.340741 0.038333 0.068148
