558 0.193750 1.000000 0.149621 0.310807
86 0.259375 0.982716 0.140084 0.302077
487 0.332656 0.955556 0.129526 0.291092
530 0.412500 0.930247 0.117934 0.277839
237 0.500000 0.925926 0.105469 0.262500
404 0.587500 0.930247 0.117877 0.277768
363 0.667344 0.955556 0.129470 0.291021
582 0.740625 0.982716 0.140029 0.302007
263 0.806250 1.000000 0.149567 0.310740
32 0.033333 0.094444 0.037500 0.066667
110 0.070833 0.094444 0.037500 0.066667
8 0.108333 0.094444 0.037500 0.066667
163 0.145833 0.094444 0.037500 0.066667
5 0.183333 0.094444 0.037500 0.066667
4 0.220833 0.094444 0.037500 0.066667
33 0.258333 0.094444 0.037500 0.066667
6 0.295833 0.094444 0.037500 0.066667
129 0.333333 0.094444 0.037500 0.066667
36 0.370833 0.094444 0.037500 0.066667
7 0.408333 0.094444 0.037500 0.066667
32 0.445833 0.094444 0.037500 0.066667
66 0.483333 0.094444 0.037500 0.066667
272 0.334375 0.027778 0.033333 0.059259
254 0.363542 0.027778 0.033333 0.059259
174 0.392708 0.027778 0.033333 0.059259
377 0.421875 0.027778 0.033333 0.059259
238 0.451042 0.027778 0.033333 0.059259
14 0.247917 0.565741 0.114583 0.268519
15 0.247917 0.716667 0.120312 0.023333
416 0.195833 0.744444 0.025000 0.044444
176 0.220833 0.744444 0.025000 0.044444
455 0.245833 0.744444 0.025000 0.044444
101 0.270833 0.744444 0.025000 0.044444
328 0.819271 0.750926 0.025000 0.044444
371 0.844271 0.750926 0.025000 0.044444
18 0.869271 0.750926 0.025000 0.044444
228 0.894271 0.750926 0.025000 0.044444
257 0.847917 0.616667 0.067708 0.179630
20 0.847917 0.723148 0.071094 0.023333
48 0.847917 0.497222 0.038333 0.068148
269 0.553646 0.729630 0.025000 0.044444
383 0.650000 0.504630 0.203125 0.361111
20 0.650000 0.701852 0.213281 0.023333
216 0.650000 0.294444 0.038333 0.068148
