234 0.448594 0.925926 0.124215 0.300456
318 0.557969 0.925926 0.124152 0.300376
129 0.033333 0.094444 0.037500 0.066667
28 0.070833 0.094444 0.037500 0.066667
37 0.108333 0.094444 0.037500 0.066667
143 0.334375 0.027778 0.033333 0.059259
144 0.363542 0.027778 0.033333 0.059259
144 0.392708 0.027778 0.033333 0.059259
13 0.421875 0.027778 0.033333 0.059259
13 0.451042 0.027778 0.033333 0.059259
14 0.247917 0.565741 0.114583 0.268519
15 0.247917 0.716667 0.120312 0.023333
116 0.195833 0.744444 0.025000 0.044444
367 0.220833 0.744444 0.025000 0.044444
205 0.787500 0.716667 0.025000 0.044444
136 0.812500 0.716667 0.025000 0.044444
43 0.837500 0.716667 0.025000 0.044444
139 0.862500 0.716667 0.025000 0.044444
348 0.850000 0.593518 0.135417 0.157407
20 0.850000 0.688889 0.142188 0.023333
216 0.850000 0.485185 0.038333 0.068148
