508 0.226563 1.000000 0.153046 0.323776
180 0.300938 0.968750 0.142404 0.313332
652 0.379687 0.943287 0.130728 0.300556
508 0.458438 0.925926 0.118005 0.285433
551 0.541562 0.925926 0.117945 0.285357
638 0.620313 0.943287 0.130669 0.300481
650 0.693594 0.968750 0.142346 0.313258
534 0.773438 1.000000 0.152989 0.323704
129 0.033333 0.094444 0.037500 0.066667
184 0.070833 0.094444 0.037500 0.066667
109 0.108333 0.094444 0.037500 0.066667
184 0.145833 0.094444 0.037500 0.066667
34 0.183333 0.094444 0.037500 0.066667
93 0.220833 0.094444 0.037500 0.066667
133 0.334375 0.027778 0.033333 0.059259
95 0.363542 0.027778 0.033333 0.059259
304 0.392708 0.027778 0.033333 0.059259
13 0.421875 0.027778 0.033333 0.059259
13 0.451042 0.027778 0.033333 0.059259
14 0.247917 0.565741 0.114583 0.268519
15 0.247917 0.716667 0.120312 0.023333
137 0.195833 0.744444 0.025000 0.044444
101 0.608333 0.711111 0.025000 0.044444
202 0.633333 0.711111 0.025000 0.044444
203 0.658333 0.711111 0.025000 0.044444
47 0.650000 0.601852 0.093750 0.129630
20 0.650000 0.683333 0.098437 0.023333
48 0.650000 0.507407 0.038333 0.068148
118 0.811979 0.735185 0.025000 0.044444
416 0.836979 0.735185 0.025000 0.044444
425 0.861979 0.735185 0.025000 0.044444
549 0.845833 0.621296 0.078125 0.138889
20 0.845833 0.707407 0.082031 0.023333
216 0.845833 0.522222 0.038333 0.068148
