511 0.401563 0.953704 0.131037 0.308710
565 0.500000 0.925926 0.117188 0.291667
421 0.598437 0.953704 0.130975 0.308631
31 0.033333 0.094444 0.037500 0.066667
108 0.070833 0.094444 0.037500 0.066667
184 0.108333 0.094444 0.037500 0.066667
29 0.145833 0.094444 0.037500 0.066667
28 0.183333 0.094444 0.037500 0.066667
31 0.220833 0.094444 0.037500 0.066667
163 0.258333 0.094444 0.037500 0.066667
36 0.295833 0.094444 0.037500 0.066667
163 0.333333 0.094444 0.037500 0.066667
109 0.370833 0.094444 0.037500 0.066667
30 0.408333 0.094444 0.037500 0.066667
92 0.445833 0.094444 0.037500 0.066667
29 0.483333 0.094444 0.037500 0.066667
40 0.334375 0.027778 0.033333 0.059259
214 0.363542 0.027778 0.033333 0.059259
355 0.392708 0.027778 0.033333 0.059259
13 0.421875 0.027778 0.033333 0.059259
13 0.451042 0.027778 0.033333 0.059259
14 0.247917 0.565741 0.114583 0.268519
15 0.247917 0.716667 0.120312 0.023333
356 0.195833 0.744444 0.025000 0.044444
165 0.220833 0.744444 0.025000 0.044444
215 0.792708 0.645113 0.025000 0.044444
378 0.817708 0.645113 0.025000 0.044444
165 0.842708 0.645113 0.025000 0.044444
140 0.850000 0.517335 0.125000 0.166667
20 0.850000 0.617335 0.131250 0.023333
216 0.850000 0.404372 0.038333 0.068148
177 0.403125 0.743519 0.025000 0.044444
239 0.428125 0.743519 0.025000 0.044444
447 0.453125 0.743519 0.025000 0.044444
114 0.478125 0.743519 0.025000 0.044444
368 0.450000 0.555556 0.104167 0.287037
20 0.450000 0.715741 0.109375 0.023333
331 0.450000 0.382407 0.038333 0.068148
98 0.603125 0.733333 0.025000 0.044444
481 0.628125 0.733333 0.025000 0.044444
319 0.647396 0.605556 0.098958 0.166667
20 0.647396 0.705556 0.103906 0.023333
48 0.647396 0.492593 0.038333 0.068148
