231 0.500000 0.925926 0.117188 0.291667
42 0.033333 0.094444 0.037500 0.066667
98 0.070833 0.094444 0.037500 0.066667
177 0.108333 0.094444 0.037500 0.066667
140 0.145833 0.094444 0.037500 0.066667
43 0.183333 0.094444 0.037500 0.066667
188 0.220833 0.094444 0.037500 0.066667
138 0.258333 0.094444 0.037500 0.066667
117 0.295833 0.094444 0.037500 0.066667
10 0.333333 0.094444 0.037500 0.066667
97 0.370833 0.094444 0.037500 0.066667
77 0.408333 0.094444 0.037500 0.066667
41 0.445833 0.094444 0.037500 0.066667
234 0.334375 0.027778 0.033333 0.059259
78 0.363542 0.027778 0.033333 0.059259
13 0.392708 0.027778 0.033333 0.059259
13 0.421875 0.027778 0.033333 0.059259
13 0.451042 0.027778 0.033333 0.059259
14 0.247917 0.565741 0.114583 0.268519
15 0.247917 0.716667 0.120312 0.023333
208 0.195833 0.744444 0.025000 0.044444
111 0.220833 0.744444 0.025000 0.044444
81 0.245833 0.744444 0.025000 0.044444
240 0.803125 0.733333 0.025000 0.044444
81 0.828125 0.733333 0.025000 0.044444
154 0.847396 0.605556 0.098958 0.166667
23 0.847396 0.705556 0.103906 0.023333
61 0.847396 0.492593 0.038333 0.068148
