68 0.182812 1.000000 0.145411 0.296825
406 0.237500 0.976852 0.136936 0.289694
308 0.303125 0.951852 0.127414 0.280350
403 0.379687 0.928704 0.116968 0.268919
449 0.456250 0.921296 0.105583 0.255387
450 0.543750 0.921296 0.105530 0.255319
356 0.620313 0.928704 0.116914 0.268851
451 0.696875 0.951852 0.127362 0.280284
452 0.762500 0.976852 0.136885 0.289630
250 0.817187 1.000000 0.145376 0.296799
144 0.033333 0.094444 0.037500 0.066667
15 0.070833 0.094444 0.037500 0.066667
52 0.334375 0.027778 0.033333 0.059259
162 0.363542 0.027778 0.033333 0.059259
163 0.392708 0.027778 0.033333 0.059259
24 0.421875 0.027778 0.033333 0.059259
24 0.451042 0.027778 0.033333 0.059259
25 0.247917 0.565741 0.114583 0.268519
26 0.247917 0.716667 0.120312 0.023333
185 0.195833 0.744444 0.025000 0.044444
335 0.621354 0.724074 0.025000 0.044444
186 0.646354 0.724074 0.025000 0.044444
273 0.671354 0.724074 0.025000 0.044444
31 0.650000 0.633333 0.067708 0.092593
32 0.650000 0.696296 0.071094 0.023333
33 0.650000 0.557407 0.038333 0.068148
224 0.808333 0.711111 0.025000 0.044444
234 0.833333 0.711111 0.025000 0.044444
174 0.858333 0.711111 0.025000 0.044444
254 0.883333 0.711111 0.025000 0.044444
61 0.850000 0.523148 0.093750 0.287037
32 0.850000 0.683333 0.098437 0.023333
33 0.850000 0.350000 0.038333 0.068148
56 0.411979 0.740741 0.025000 0.044444
327 0.436979 0.740741 0.025000 0.044444
186 0.461979 0.740741 0.025000 0.044444
401 0.445833 0.626852 0.078125 0.138889
32 0.445833 0.712963 0.082031 0.023333
62 0.445833 0.527778 0.038333 0.068148
