443 0.237500 1.000000 0.155649 0.335641
427 0.314063 0.968783 0.143917 0.323435
180 0.401563 0.945767 0.131037 0.308710
231 0.500000 0.931481 0.117188 0.291667
439 0.598437 0.945767 0.130975 0.308631
511 0.685938 0.968783 0.143855 0.323357
351 0.762500 1.000000 0.155588 0.335564
66 0.033333 0.094444 0.037500 0.066667
4 0.070833 0.094444 0.037500 0.066667
38 0.108333 0.094444 0.037500 0.066667
67 0.145833 0.094444 0.037500 0.066667
91 0.183333 0.094444 0.037500 0.066667
107 0.220833 0.094444 0.037500 0.066667
272 0.334375 0.027778 0.033333 0.059259
145 0.363542 0.027778 0.033333 0.059259
68 0.392708 0.027778 0.033333 0.059259
145 0.421875 0.027778 0.033333 0.059259
13 0.451042 0.027778 0.033333 0.059259
14 0.247917 0.565741 0.114583 0.268519
15 0.247917 0.716667 0.120312 0.023333
134 0.195833 0.744444 0.025000 0.044444
54 0.777083 0.729630 0.025000 0.044444
295 0.802083 0.729630 0.025000 0.044444
134 0.827083 0.729630 0.025000 0.044444
148 0.852083 0.729630 0.025000 0.044444
464 0.850000 0.601852 0.156250 0.166667
20 0.850000 0.701852 0.164063 0.023333
82 0.850000 0.488889 0.038333 0.068148
123 0.525000 0.752778 0.025000 0.044444
270 0.550000 0.752778 0.025000 0.044444
397 0.644792 0.509259 0.250000 0.398148
20 0.644792 0.725000 0.262500 0.023333
48 0.644792 0.280556 0.038333 0.068148
