617 0.401563 0.953704 0.131037 0.308710
555 0.500000 0.925926 0.117188 0.291667
498 0.598437 0.953704 0.130975 0.308631
7 0.033333 0.094444 0.037500 0.066667
29 0.070833 0.094444 0.037500 0.066667
92 0.108333 0.094444 0.037500 0.066667
8 0.145833 0.094444 0.037500 0.066667
34 0.183333 0.094444 0.037500 0.066667
34 0.220833 0.094444 0.037500 0.066667
6 0.258333 0.094444 0.037500 0.066667
35 0.295833 0.094444 0.037500 0.066667
91 0.333333 0.094444 0.037500 0.066667
6 0.370833 0.094444 0.037500 0.066667
33 0.408333 0.094444 0.037500 0.066667
65 0.445833 0.094444 0.037500 0.066667
30 0.483333 0.094444 0.037500 0.066667
110 0.520833 0.094444 0.037500 0.066667
94 0.558333 0.094444 0.037500 0.066667
37 0.595833 0.094444 0.037500 0.066667
108 0.633333 0.094444 0.037500 0.066667
186 0.334375 0.027778 0.033333 0.059259
324 0.363542 0.027778 0.033333 0.059259
39 0.392708 0.027778 0.033333 0.059259
355 0.421875 0.027778 0.033333 0.059259
145 0.451042 0.027778 0.033333 0.059259
14 0.247917 0.565741 0.114583 0.268519
15 0.247917 0.716667 0.120312 0.023333
415 0.195833 0.744444 0.025000 0.044444
313 0.797917 0.748148 0.025000 0.044444
207 0.822917 0.748148 0.025000 0.044444
187 0.847917 0.748148 0.025000 0.044444
203 0.872917 0.748148 0.025000 0.044444
179 0.850000 0.555556 0.114583 0.296296
20 0.850000 0.720370 0.120312 0.023333
170 0.850000 0.377778 0.038333 0.068148
