229 0.448594 0.925926 0.124215 0.300456
452 0.557969 0.925926 0.124152 0.300376
34 0.033333 0.094444 0.037500 0.066667
34 0.070833 0.094444 0.037500 0.066667
36 0.108333 0.094444 0.037500 0.066667
38 0.145833 0.094444 0.037500 0.066667
4 0.183333 0.094444 0.037500 0.066667
5 0.220833 0.094444 0.037500 0.066667
7 0.258333 0.094444 0.037500 0.066667
107 0.295833 0.094444 0.037500 0.066667
28 0.333333 0.094444 0.037500 0.066667
66 0.370833 0.094444 0.037500 0.066667
4 0.408333 0.094444 0.037500 0.066667
34 0.445833 0.094444 0.037500 0.066667
30 0.483333 0.094444 0.037500 0.066667
93 0.520833 0.094444 0.037500 0.066667
65 0.558333 0.094444 0.037500 0.066667
64 0.595833 0.094444 0.037500 0.066667
65 0.633333 0.094444 0.037500 0.066667
144 0.334375 0.027778 0.033333 0.059259
377 0.363542 0.027778 0.033333 0.059259
185 0.392708 0.027778 0.033333 0.059259
324 0.421875 0.027778 0.033333 0.059259
13 0.451042 0.027778 0.033333 0.059259
14 0.247917 0.565741 0.114583 0.268519
15 0.247917 0.716667 0.120312 0.023333
17 0.195833 0.744444 0.025000 0.044444
139 0.220833 0.744444 0.025000 0.044444
481 0.245833 0.744444 0.025000 0.044444
204 0.408333 0.706481 0.025000 0.044444
187 0.433333 0.706481 0.025000 0.044444
294 0.458333 0.706481 0.025000 0.044444
152 0.483333 0.706481 0.025000 0.044444
47 0.450000 0.597222 0.093750 0.129630
20 0.450000 0.678704 0.098437 0.023333
82 0.450000 0.502778 0.038333 0.068148
356 0.582292 0.720370 0.025000 0.044444
601 0.650000 0.546296 0.145833 0.259259
20 0.650000 0.692593 0.153125 0.023333
167 0.650000 0.387037 0.038333 0.068148
75 0.811979 0.740741 0.025000 0.044444
239 0.836979 0.740741 0.025000 0.044444
54 0.861979 0.740741 0.025000 0.044444
81 0.845833 0.626852 0.078125 0.138889
20 0.845833 0.712963 0.082031 0.023333
82 0.845833 0.527778 0.038333 0.068148
