548 0.351250 0.960648 0.137609 0.316375
529 0.449688 0.935185 0.124215 0.300456
626 0.550312 0.935185 0.124152 0.300376
606 0.648750 0.960648 0.137546 0.316296
44 0.033333 0.094444 0.037500 0.066667
116 0.070833 0.094444 0.037500 0.066667
178 0.108333 0.094444 0.037500 0.066667
178 0.145833 0.094444 0.037500 0.066667
44 0.183333 0.094444 0.037500 0.066667
178 0.220833 0.094444 0.037500 0.066667
178 0.258333 0.094444 0.037500 0.066667
41 0.295833 0.094444 0.037500 0.066667
76 0.333333 0.094444 0.037500 0.066667
140 0.370833 0.094444 0.037500 0.066667
139 0.408333 0.094444 0.037500 0.066667
99 0.445833 0.094444 0.037500 0.066667
76 0.483333 0.094444 0.037500 0.066667
164 0.520833 0.094444 0.037500 0.066667
40 0.558333 0.094444 0.037500 0.066667
45 0.595833 0.094444 0.037500 0.066667
118 0.633333 0.094444 0.037500 0.066667
137 0.670833 0.094444 0.037500 0.066667
100 0.708333 0.094444 0.037500 0.066667
141 0.334375 0.027778 0.033333 0.059259
416 0.363542 0.027778 0.033333 0.059259
190 0.392708 0.027778 0.033333 0.059259
204 0.421875 0.027778 0.033333 0.059259
13 0.451042 0.027778 0.033333 0.059259
14 0.247917 0.565741 0.114583 0.268519
15 0.247917 0.716667 0.120312 0.023333
441 0.195833 0.744444 0.025000 0.044444
19 0.220833 0.744444 0.025000 0.044444
16 0.245833 0.744444 0.025000 0.044444
27 0.270833 0.744444 0.025000 0.044444
405 0.774479 0.725926 0.025000 0.044444
126 0.799479 0.725926 0.025000 0.044444
107 0.824479 0.725926 0.025000 0.044444
412 0.849479 0.725926 0.025000 0.044444
328 0.860417 0.561111 0.182292 0.240741
23 0.860417 0.698148 0.191406 0.023333
329 0.860417 0.411111 0.038333 0.068148
152 0.582292 0.720370 0.025000 0.044444
194 0.607292 0.720370 0.025000 0.044444
79 0.632292 0.720370 0.025000 0.044444
480 0.650000 0.546296 0.145833 0.259259
23 0.650000 0.692593 0.153125 0.023333
146 0.650000 0.387037 0.038333 0.068148
