412 0.182812 1.000000 0.145411 0.296825
172 0.237500 0.976852 0.136936 0.289694
376 0.303125 0.951852 0.127414 0.280350
651 0.379687 0.928704 0.116968 0.268919
213 0.456250 0.921296 0.105583 0.255387
584 0.543750 0.921296 0.105530 0.255319
311 0.620313 0.928704 0.116914 0.268851
562 0.696875 0.951852 0.127362 0.280284
562 0.762500 0.976852 0.136885 0.289630
373 0.817187 1.000000 0.145376 0.296799
184 0.033333 0.094444 0.037500 0.066667
255 0.334375 0.027778 0.033333 0.059259
12 0.363542 0.027778 0.033333 0.059259
185 0.392708 0.027778 0.033333 0.059259
13 0.421875 0.027778 0.033333 0.059259
13 0.451042 0.027778 0.033333 0.059259
14 0.247917 0.565741 0.114583 0.268519
15 0.247917 0.716667 0.120312 0.023333
347 0.195833 0.744444 0.025000 0.044444
228 0.220833 0.744444 0.025000 0.044444
137 0.245833 0.744444 0.025000 0.044444
207 0.597917 0.737037 0.025000 0.044444
152 0.622917 0.737037 0.025000 0.044444
118 0.647917 0.737037 0.025000 0.044444
426 0.644792 0.562963 0.104167 0.259259
20 0.644792 0.709259 0.109375 0.023333
170 0.644792 0.403704 0.038333 0.068148
188 0.405729 0.738889 0.025000 0.044444
293 0.430729 0.738889 0.025000 0.044444
329 0.447396 0.564815 0.093750 0.259259
20 0.447396 0.711111 0.098437 0.023333
21 0.447396 0.405556 0.038333 0.068148
50 0.784896 0.641667 0.025000 0.044444
117 0.809896 0.641667 0.025000 0.044444
425 0.834896 0.641667 0.025000 0.044444
137 0.859896 0.641667 0.025000 0.044444
157 0.857813 0.416667 0.156250 0.361111
20 0.857813 0.613889 0.164063 0.023333
158 0.857813 0.206481 0.038333 0.068148
