554 0.314063 0.986111 0.143917 0.323435
85 0.401563 0.953704 0.131037 0.308710
312 0.500000 0.935185 0.117188 0.291667
603 0.598437 0.953704 0.130975 0.308631
253 0.685938 0.986111 0.143855 0.323357
35 0.033333 0.094444 0.037500 0.066667
91 0.070833 0.094444 0.037500 0.066667
163 0.108333 0.094444 0.037500 0.066667
32 0.145833 0.094444 0.037500 0.066667
107 0.183333 0.094444 0.037500 0.066667
7 0.220833 0.094444 0.037500 0.066667
7 0.258333 0.094444 0.037500 0.066667
163 0.295833 0.094444 0.037500 0.066667
131 0.333333 0.094444 0.037500 0.066667
163 0.370833 0.094444 0.037500 0.066667
30 0.408333 0.094444 0.037500 0.066667
66 0.445833 0.094444 0.037500 0.066667
38 0.483333 0.094444 0.037500 0.066667
238 0.334375 0.027778 0.033333 0.059259
111 0.363542 0.027778 0.033333 0.059259
303 0.392708 0.027778 0.033333 0.059259
111 0.421875 0.027778 0.033333 0.059259
13 0.451042 0.027778 0.033333 0.059259
14 0.247917 0.565741 0.114583 0.268519
15 0.247917 0.716667 0.120312 0.023333
43 0.195833 0.744444 0.025000 0.044444
294 0.220833 0.744444 0.025000 0.044444
16 0.419271 0.750926 0.025000 0.044444
49 0.444271 0.750926 0.025000 0.044444
80 0.469271 0.750926 0.025000 0.044444
257 0.447917 0.616667 0.067708 0.179630
20 0.447917 0.723148 0.071094 0.023333
48 0.447917 0.497222 0.038333 0.068148
325 0.810938 0.729630 0.025000 0.044444
516 0.850000 0.578704 0.088542 0.212963
20 0.850000 0.701852 0.092969 0.023333
170 0.850000 0.442593 0.038333 0.068148
406 0.543229 0.748148 0.025000 0.044444
299 0.568229 0.748148 0.025000 0.044444
296 0.593229 0.748148 0.025000 0.044444
358 0.650000 0.537037 0.223958 0.333333
20 0.650000 0.720370 0.235156 0.023333
21 0.650000 0.340741 0.038333 0.068148
