183 0.237500 1.000000 0.155649 0.335641
421 0.314063 0.968783 0.143917 0.323435
576 0.401563 0.945767 0.131037 0.308710
365 0.500000 0.931481 0.117188 0.291667
59 0.598437 0.945767 0.130975 0.308631
528 0.685938 0.968783 0.143855 0.323357
453 0.762500 1.000000 0.155588 0.335564
65 0.033333 0.094444 0.037500 0.066667
7 0.070833 0.094444 0.037500 0.066667
33 0.108333 0.094444 0.037500 0.066667
163 0.145833 0.094444 0.037500 0.066667
66 0.183333 0.094444 0.037500 0.066667
110 0.220833 0.094444 0.037500 0.066667
32 0.258333 0.094444 0.037500 0.066667
129 0.295833 0.094444 0.037500 0.066667
33 0.333333 0.094444 0.037500 0.066667
199 0.370833 0.094444 0.037500 0.066667
132 0.408333 0.094444 0.037500 0.066667
4 0.445833 0.094444 0.037500 0.066667
37 0.483333 0.094444 0.037500 0.066667
108 0.520833 0.094444 0.037500 0.066667
64 0.558333 0.094444 0.037500 0.066667
163 0.595833 0.094444 0.037500 0.066667
12 0.334375 0.027778 0.033333 0.059259
214 0.363542 0.027778 0.033333 0.059259
145 0.392708 0.027778 0.033333 0.059259
13 0.421875 0.027778 0.033333 0.059259
13 0.451042 0.027778 0.033333 0.059259
14 0.247917 0.565741 0.114583 0.268519
15 0.247917 0.716667 0.120312 0.023333
258 0.195833 0.744444 0.025000 0.044444
55 0.220833 0.744444 0.025000 0.044444
264 0.245833 0.744444 0.025000 0.044444
366 0.270833 0.744444 0.025000 0.044444
277 0.626562 0.740741 0.025000 0.044444
70 0.651563 0.740741 0.025000 0.044444
273 0.676562 0.740741 0.025000 0.044444
267 0.650000 0.594444 0.057292 0.203704
20 0.650000 0.712963 0.060156 0.023333
170 0.650000 0.462963 0.038333 0.068148
177 0.419271 0.750926 0.025000 0.044444
307 0.444271 0.750926 0.025000 0.044444
45 0.469271 0.750926 0.025000 0.044444
269 0.494271 0.750926 0.025000 0.044444
257 0.447917 0.616667 0.067708 0.179630
20 0.447917 0.723148 0.071094 0.023333
48 0.447917 0.497222 0.038333 0.068148
69 0.810938 0.720681 0.025000 0.044444
116 0.835938 0.720681 0.025000 0.044444
608 0.850000 0.616052 0.088542 0.120370
20 0.850000 0.692903 0.092969 0.023333
170 0.850000 0.526237 0.038333 0.068148
