606 0.270312 0.986111 0.149899 0.329824
198 0.357812 0.949074 0.137609 0.316375
61 0.452969 0.925926 0.124215 0.300456
350 0.547031 0.925926 0.124152 0.300376
142 0.642187 0.949074 0.137546 0.316296
22 0.729688 0.986111 0.149838 0.329746
184 0.033333 0.094444 0.037500 0.066667
199 0.070833 0.094444 0.037500 0.066667
132 0.108333 0.094444 0.037500 0.066667
130 0.145833 0.094444 0.037500 0.066667
4 0.183333 0.094444 0.037500 0.066667
31 0.220833 0.094444 0.037500 0.066667
6 0.258333 0.094444 0.037500 0.066667
4 0.295833 0.094444 0.037500 0.066667
184 0.333333 0.094444 0.037500 0.066667
30 0.370833 0.094444 0.037500 0.066667
107 0.408333 0.094444 0.037500 0.066667
163 0.445833 0.094444 0.037500 0.066667
8 0.483333 0.094444 0.037500 0.066667
110 0.520833 0.094444 0.037500 0.066667
36 0.558333 0.094444 0.037500 0.066667
38 0.595833 0.094444 0.037500 0.066667
36 0.633333 0.094444 0.037500 0.066667
174 0.334375 0.027778 0.033333 0.059259
13 0.363542 0.027778 0.033333 0.059259
13 0.392708 0.027778 0.033333 0.059259
13 0.421875 0.027778 0.033333 0.059259
13 0.451042 0.027778 0.033333 0.059259
14 0.247917 0.565741 0.114583 0.268519
15 0.247917 0.716667 0.120312 0.023333
188 0.195833 0.744444 0.025000 0.044444
356 0.220833 0.744444 0.025000 0.044444
406 0.245833 0.744444 0.025000 0.044444
325 0.764063 0.751852 0.025000 0.044444
590 0.850000 0.540741 0.182292 0.333333
20 0.850000 0.724074 0.191406 0.023333
21 0.850000 0.344444 0.038333 0.068148
55 0.597917 0.748148 0.025000 0.044444
122 0.622917 0.748148 0.025000 0.044444
179 0.650000 0.555556 0.114583 0.296296
20 0.650000 0.720370 0.120312 0.023333
170 0.650000 0.377778 0.038333 0.068148
