237 0.351250 0.960648 0.137609 0.316375
249 0.449688 0.935185 0.124215 0.300456
487 0.550312 0.935185 0.124152 0.300376
597 0.648750 0.960648 0.137546 0.316296
110 0.033333 0.094444 0.037500 0.066667
186 0.334375 0.027778 0.033333 0.059259
113 0.363542 0.027778 0.033333 0.059259
11 0.392708 0.027778 0.033333 0.059259
290 0.421875 0.027778 0.033333 0.059259
112 0.451042 0.027778 0.033333 0.059259
14 0.247917 0.565741 0.114583 0.268519
15 0.247917 0.716667 0.120312 0.023333
123 0.195833 0.744444 0.025000 0.044444
98 0.220833 0.744444 0.025000 0.044444
483 0.808333 0.725000 0.025000 0.044444
47 0.850000 0.615741 0.093750 0.129630
20 0.850000 0.697222 0.098437 0.023333
82 0.850000 0.521296 0.038333 0.068148
390 0.558854 0.748148 0.025000 0.044444
118 0.583854 0.748148 0.025000 0.044444
470 0.634375 0.562500 0.161458 0.282407
20 0.634375 0.720370 0.169531 0.023333
48 0.634375 0.391667 0.038333 0.068148
69 0.411979 0.735185 0.025000 0.044444
549 0.445833 0.621296 0.078125 0.138889
20 0.445833 0.707407 0.082031 0.023333
216 0.445833 0.522222 0.038333 0.068148
