533 0.226563 1.000000 0.153046 0.323776
513 0.300938 0.968750 0.142404 0.313332
322 0.379687 0.943287 0.130728 0.300556
568 0.458438 0.925926 0.118005 0.285433
596 0.541562 0.925926 0.117945 0.285357
479 0.620313 0.943287 0.130669 0.300481
570 0.693594 0.968750 0.142346 0.313258
248 0.773438 1.000000 0.152989 0.323704
67 0.033333 0.094444 0.037500 0.066667
163 0.070833 0.094444 0.037500 0.066667
67 0.108333 0.094444 0.037500 0.066667
91 0.145833 0.094444 0.037500 0.066667
30 0.183333 0.094444 0.037500 0.066667
29 0.220833 0.094444 0.037500 0.066667
110 0.258333 0.094444 0.037500 0.066667
108 0.295833 0.094444 0.037500 0.066667
8 0.333333 0.094444 0.037500 0.066667
38 0.370833 0.094444 0.037500 0.066667
163 0.408333 0.094444 0.037500 0.066667
35 0.445833 0.094444 0.037500 0.066667
110 0.483333 0.094444 0.037500 0.066667
110 0.520833 0.094444 0.037500 0.066667
6 0.558333 0.094444 0.037500 0.066667
35 0.595833 0.094444 0.037500 0.066667
34 0.633333 0.094444 0.037500 0.066667
64 0.670833 0.094444 0.037500 0.066667
173 0.708333 0.094444 0.037500 0.066667
186 0.334375 0.027778 0.033333 0.059259
68 0.363542 0.027778 0.033333 0.059259
214 0.392708 0.027778 0.033333 0.059259
304 0.421875 0.027778 0.033333 0.059259
238 0.451042 0.027778 0.033333 0.059259
14 0.247917 0.565741 0.114583 0.268519
15 0.247917 0.716667 0.120312 0.023333
390 0.195833 0.744444 0.025000 0.044444
147 0.220833 0.744444 0.025000 0.044444
524 0.748438 0.729630 0.025000 0.044444
177 0.773438 0.729630 0.025000 0.044444
292 0.798437 0.729630 0.025000 0.044444
278 0.860417 0.476852 0.234375 0.416667
20 0.860417 0.701852 0.246094 0.023333
170 0.860417 0.238889 0.038333 0.068148
