503 0.351250 0.960648 0.137609 0.316375
3 0.449688 0.935185 0.124215 0.300456
644 0.550312 0.935185 0.124152 0.300376
648 0.648750 0.960648 0.137546 0.316296
29 0.033333 0.094444 0.037500 0.066667
38 0.070833 0.094444 0.037500 0.066667
65 0.108333 0.094444 0.037500 0.066667
130 0.145833 0.094444 0.037500 0.066667
33 0.183333 0.094444 0.037500 0.066667
108 0.220833 0.094444 0.037500 0.066667
65 0.258333 0.094444 0.037500 0.066667
92 0.295833 0.094444 0.037500 0.066667
129 0.333333 0.094444 0.037500 0.066667
107 0.370833 0.094444 0.037500 0.066667
5 0.408333 0.094444 0.037500 0.066667
92 0.445833 0.094444 0.037500 0.066667
92 0.483333 0.094444 0.037500 0.066667
184 0.520833 0.094444 0.037500 0.066667
109 0.558333 0.094444 0.037500 0.066667
37 0.595833 0.094444 0.037500 0.066667
36 0.633333 0.094444 0.037500 0.066667
290 0.334375 0.027778 0.033333 0.059259
324 0.363542 0.027778 0.033333 0.059259
95 0.392708 0.027778 0.033333 0.059259
381 0.421875 0.027778 0.033333 0.059259
186 0.451042 0.027778 0.033333 0.059259
14 0.247917 0.565741 0.114583 0.268519
15 0.247917 0.716667 0.120312 0.023333
414 0.195833 0.744444 0.025000 0.044444
390 0.220833 0.744444 0.025000 0.044444
483 0.782812 0.734259 0.025000 0.044444
115 0.807813 0.734259 0.025000 0.044444
77 0.832812 0.734259 0.025000 0.044444
485 0.842708 0.537037 0.130208 0.305556
20 0.842708 0.706481 0.136719 0.023333
72 0.842708 0.354630 0.038333 0.068148
258 0.623958 0.733333 0.025000 0.044444
154 0.650000 0.614815 0.062500 0.148148
20 0.650000 0.705556 0.065625 0.023333
48 0.650000 0.511111 0.038333 0.068148
415 0.442187 0.728704 0.025000 0.044444
155 0.467187 0.728704 0.025000 0.044444
396 0.470833 0.600926 0.067708 0.166667
20 0.470833 0.700926 0.071094 0.023333
158 0.470833 0.487963 0.038333 0.068148
