85 0.193750 1.000000 0.149621 0.310807
560 0.259375 0.982716 0.140084 0.302077
300 0.332656 0.955556 0.129526 0.291092
609 0.412500 0.930247 0.117934 0.277839
233 0.500000 0.925926 0.105469 0.262500
520 0.587500 0.930247 0.117877 0.277768
231 0.667344 0.955556 0.129470 0.291021
652 0.740625 0.982716 0.140029 0.302007
486 0.806250 1.000000 0.149567 0.310740
6 0.033333 0.094444 0.037500 0.066667
68 0.334375 0.027778 0.033333 0.059259
238 0.363542 0.027778 0.033333 0.059259
13 0.392708 0.027778 0.033333 0.059259
13 0.421875 0.027778 0.033333 0.059259
13 0.451042 0.027778 0.033333 0.059259
14 0.247917 0.565741 0.114583 0.268519
15 0.247917 0.716667 0.120312 0.023333
435 0.195833 0.744444 0.025000 0.044444
146 0.603125 0.729630 0.025000 0.044444
152 0.628125 0.729630 0.025000 0.044444
531 0.650000 0.583333 0.104167 0.203704
20 0.650000 0.701852 0.109375 0.023333
48 0.650000 0.451852 0.038333 0.068148
306 0.348437 0.738889 0.025000 0.044444
176 0.373437 0.738889 0.025000 0.044444
378 0.398438 0.738889 0.025000 0.044444
169 0.413542 0.518519 0.140625 0.351852
20 0.413542 0.711111 0.147656 0.023333
48 0.397917 0.312963 0.038333 0.068148
337 0.811979 0.724074 0.025000 0.044444
74 0.836979 0.724074 0.025000 0.044444
153 0.861979 0.724074 0.025000 0.044444
118 0.886979 0.724074 0.025000 0.044444
315 0.845833 0.610185 0.078125 0.138889
20 0.845833 0.696296 0.082031 0.023333
48 0.845833 0.511111 0.038333 0.068148
