484 0.193750 1.000000 0.149621 0.310807
488 0.259375 0.982716 0.140084 0.302077
436 0.332656 0.955556 0.129526 0.291092
468 0.412500 0.930247 0.117934 0.277839
161 0.500000 0.925926 0.105469 0.262500
594 0.587500 0.930247 0.117877 0.277768
557 0.667344 0.955556 0.129470 0.291021
612 0.740625 0.982716 0.140029 0.302007
625 0.806250 1.000000 0.149567 0.310740
37 0.033333 0.094444 0.037500 0.066667
109 0.070833 0.094444 0.037500 0.066667
107 0.108333 0.094444 0.037500 0.066667
67 0.145833 0.094444 0.037500 0.066667
4 0.183333 0.094444 0.037500 0.066667
8 0.220833 0.094444 0.037500 0.066667
107 0.258333 0.094444 0.037500 0.066667
377 0.334375 0.027778 0.033333 0.059259
40 0.363542 0.027778 0.033333 0.059259
272 0.392708 0.027778 0.033333 0.059259
13 0.421875 0.027778 0.033333 0.059259
13 0.451042 0.027778 0.033333 0.059259
14 0.247917 0.565741 0.114583 0.268519
15 0.247917 0.716667 0.120312 0.023333
104 0.195833 0.744444 0.025000 0.044444
16 0.220833 0.744444 0.025000 0.044444
269 0.245833 0.744444 0.025000 0.044444
406 0.608333 0.706481 0.025000 0.044444
47 0.650000 0.597222 0.093750 0.129630
20 0.650000 0.678704 0.098437 0.023333
48 0.650000 0.502778 0.038333 0.068148
168 0.397917 0.748148 0.025000 0.044444
118 0.422917 0.748148 0.025000 0.044444
79 0.447917 0.748148 0.025000 0.044444
454 0.472917 0.748148 0.025000 0.044444
179 0.450000 0.555556 0.114583 0.296296
20 0.450000 0.720370 0.120312 0.023333
170 0.450000 0.377778 0.038333 0.068148
134 0.811979 0.735185 0.025000 0.044444
104 0.836979 0.735185 0.025000 0.044444
44 0.861979 0.735185 0.025000 0.044444
549 0.845833 0.621296 0.078125 0.138889
20 0.845833 0.707407 0.082031 0.023333
48 0.845833 0.522222 0.038333 0.068148
