301 0.401563 0.953704 0.131037 0.308710
192 0.500000 0.925926 0.117188 0.291667
84 0.598437 0.953704 0.130975 0.308631
131 0.033333 0.094444 0.037500 0.066667
39 0.334375 0.027778 0.033333 0.059259
186 0.363542 0.027778 0.033333 0.059259
238 0.392708 0.027778 0.033333 0.059259
9 0.421875 0.027778 0.033333 0.059259
143 0.451042 0.027778 0.033333 0.059259
14 0.247917 0.565741 0.114583 0.268519
15 0.247917 0.716667 0.120312 0.023333
201 0.195833 0.744444 0.025000 0.044444
325 0.220833 0.744444 0.025000 0.044444
215 0.245833 0.744444 0.025000 0.044444
435 0.270833 0.744444 0.025000 0.044444
80 0.743229 0.748148 0.025000 0.044444
358 0.850000 0.537037 0.223958 0.333333
20 0.850000 0.720370 0.235156 0.023333
21 0.850000 0.340741 0.038333 0.068148
