198 0.182812 1.000000 0.145411 0.296825
22 0.237500 0.976852 0.136936 0.289694
630 0.303125 0.951852 0.127414 0.280350
212 0.379687 0.928704 0.116968 0.268919
614 0.456250 0.921296 0.105583 0.255387
63 0.543750 0.921296 0.105530 0.255319
637 0.620313 0.928704 0.116914 0.268851
229 0.696875 0.951852 0.127362 0.280284
342 0.762500 0.976852 0.136885 0.289630
287 0.817187 1.000000 0.145376 0.296799
67 0.033333 0.094444 0.037500 0.066667
30 0.070833 0.094444 0.037500 0.066667
64 0.108333 0.094444 0.037500 0.066667
38 0.145833 0.094444 0.037500 0.066667
131 0.183333 0.094444 0.037500 0.066667
163 0.220833 0.094444 0.037500 0.066667
32 0.258333 0.094444 0.037500 0.066667
131 0.295833 0.094444 0.037500 0.066667
163 0.333333 0.094444 0.037500 0.066667
130 0.370833 0.094444 0.037500 0.066667
30 0.408333 0.094444 0.037500 0.066667
28 0.445833 0.094444 0.037500 0.066667
5 0.483333 0.094444 0.037500 0.066667
173 0.520833 0.094444 0.037500 0.066667
108 0.558333 0.094444 0.037500 0.066667
5 0.595833 0.094444 0.037500 0.066667
32 0.633333 0.094444 0.037500 0.066667
7 0.670833 0.094444 0.037500 0.066667
290 0.334375 0.027778 0.033333 0.059259
111 0.363542 0.027778 0.033333 0.059259
13 0.392708 0.027778 0.033333 0.059259
13 0.421875 0.027778 0.033333 0.059259
13 0.451042 0.027778 0.033333 0.059259
14 0.247917 0.565741 0.114583 0.268519
15 0.247917 0.716667 0.120312 0.023333
265 0.195833 0.744444 0.025000 0.044444
73 0.771875 0.734259 0.025000 0.044444
76 0.850000 0.495370 0.166667 0.388889
20 0.850000 0.706481 0.175000 0.023333
48 0.850000 0.271296 0.038333 0.068148
415 0.611979 0.740741 0.025000 0.044444
81 0.645833 0.626852 0.078125 0.138889
20 0.645833 0.712963 0.082031 0.023333
82 0.645833 0.527778 0.038333 0.068148
215 0.340625 0.739815 0.025000 0.044444
390 0.365625 0.739815 0.025000 0.044444
222 0.390625 0.739815 0.025000 0.044444
274 0.415625 0.739815 0.025000 0.044444
446 0.452604 0.551852 0.234375 0.287037
20 0.452604 0.712037 0.246094 0.023333
48 0.452604 0.378704 0.038333 0.068148
