364 0.226563 1.000000 0.153046 0.323776
554 0.300938 0.968750 0.142404 0.313332
654 0.379687 0.943287 0.130728 0.300556
573 0.458438 0.925926 0.118005 0.285433
452 0.541562 0.925926 0.117945 0.285357
577 0.620313 0.943287 0.130669 0.300481
568 0.693594 0.968750 0.142346 0.313258
159 0.773438 1.000000 0.152989 0.323704
199 0.033333 0.094444 0.037500 0.066667
184 0.070833 0.094444 0.037500 0.066667
28 0.108333 0.094444 0.037500 0.066667
107 0.145833 0.094444 0.037500 0.066667
4 0.183333 0.094444 0.037500 0.066667
66 0.220833 0.094444 0.037500 0.066667
9 0.334375 0.027778 0.033333 0.059259
96 0.363542 0.027778 0.033333 0.059259
238 0.392708 0.027778 0.033333 0.059259
214 0.421875 0.027778 0.033333 0.059259
111 0.451042 0.027778 0.033333 0.059259
14 0.247917 0.565741 0.114583 0.268519
15 0.247917 0.716667 0.120312 0.023333
114 0.195833 0.744444 0.025000 0.044444
371 0.791146 0.729630 0.025000 0.044444
78 0.816146 0.729630 0.025000 0.044444
123 0.841146 0.729630 0.025000 0.044444
313 0.866146 0.729630 0.025000 0.044444
221 0.845833 0.574074 0.119792 0.222222
20 0.845833 0.701852 0.125781 0.023333
48 0.845833 0.433333 0.038333 0.068148
122 0.582812 0.734259 0.025000 0.044444
485 0.642708 0.537037 0.130208 0.305556
20 0.642708 0.706481 0.136719 0.023333
72 0.642708 0.354630 0.038333 0.068148
357 0.403125 0.741667 0.025000 0.044444
100 0.428125 0.741667 0.025000 0.044444
74 0.453125 0.741667 0.025000 0.044444
256 0.478125 0.741667 0.025000 0.044444
217 0.444792 0.565278 0.093750 0.263889
20 0.444792 0.713889 0.098437 0.023333
158 0.444792 0.403704 0.038333 0.068148
