310 0.401563 0.953704 0.131037 0.308710
423 0.500000 0.925926 0.117188 0.291667
387 0.598437 0.953704 0.130975 0.308631
108 0.033333 0.094444 0.037500 0.066667
131 0.070833 0.094444 0.037500 0.066667
132 0.108333 0.094444 0.037500 0.066667
65 0.145833 0.094444 0.037500 0.066667
91 0.183333 0.094444 0.037500 0.066667
184 0.220833 0.094444 0.037500 0.066667
4 0.258333 0.094444 0.037500 0.066667
107 0.295833 0.094444 0.037500 0.066667
110 0.333333 0.094444 0.037500 0.066667
173 0.370833 0.094444 0.037500 0.066667
173 0.408333 0.094444 0.037500 0.066667
37 0.445833 0.094444 0.037500 0.066667
64 0.483333 0.094444 0.037500 0.066667
67 0.520833 0.094444 0.037500 0.066667
107 0.558333 0.094444 0.037500 0.066667
36 0.595833 0.094444 0.037500 0.066667
130 0.633333 0.094444 0.037500 0.066667
37 0.670833 0.094444 0.037500 0.066667
336 0.334375 0.027778 0.033333 0.059259
13 0.363542 0.027778 0.033333 0.059259
13 0.392708 0.027778 0.033333 0.059259
13 0.421875 0.027778 0.033333 0.059259
13 0.451042 0.027778 0.033333 0.059259
14 0.247917 0.565741 0.114583 0.268519
15 0.247917 0.716667 0.120312 0.023333
187 0.195833 0.744444 0.025000 0.044444
299 0.220833 0.744444 0.025000 0.044444
116 0.245833 0.744444 0.025000 0.044444
189 0.270833 0.744444 0.025000 0.044444
70 0.826563 0.740741 0.025000 0.044444
357 0.851563 0.740741 0.025000 0.044444
424 0.876562 0.740741 0.025000 0.044444
120 0.901563 0.740741 0.025000 0.044444
267 0.850000 0.594444 0.057292 0.203704
20 0.850000 0.712963 0.060156 0.023333
170 0.850000 0.462963 0.038333 0.068148
258 0.597917 0.737037 0.025000 0.044444
175 0.622917 0.737037 0.025000 0.044444
425 0.647917 0.737037 0.025000 0.044444
205 0.672917 0.737037 0.025000 0.044444
426 0.644792 0.562963 0.104167 0.259259
20 0.644792 0.709259 0.109375 0.023333
170 0.644792 0.403704 0.038333 0.068148
