224 0.226563 1.000000 0.153046 0.323776
603 0.300938 0.968750 0.142404 0.313332
508 0.379687 0.943287 0.130728 0.300556
211 0.458438 0.925926 0.118005 0.285433
162 0.541562 0.925926 0.117945 0.285357
197 0.620313 0.943287 0.130669 0.300481
632 0.693594 0.968750 0.142346 0.313258
487 0.773438 1.000000 0.152989 0.323704
6 0.033333 0.094444 0.037500 0.066667
144 0.334375 0.027778 0.033333 0.059259
143 0.363542 0.027778 0.033333 0.059259
11 0.392708 0.027778 0.033333 0.059259
290 0.421875 0.027778 0.033333 0.059259
185 0.451042 0.027778 0.033333 0.059259
14 0.247917 0.565741 0.114583 0.268519
15 0.247917 0.716667 0.120312 0.023333
481 0.195833 0.744444 0.025000 0.044444
239 0.771875 0.734259 0.025000 0.044444
149 0.850000 0.587963 0.166667 0.203704
20 0.850000 0.706481 0.175000 0.023333
150 0.850000 0.456481 0.038333 0.068148
17 0.603125 0.729630 0.025000 0.044444
270 0.628125 0.729630 0.025000 0.044444
79 0.653125 0.729630 0.025000 0.044444
51 0.678125 0.729630 0.025000 0.044444
382 0.650000 0.583333 0.104167 0.203704
20 0.650000 0.701852 0.109375 0.023333
48 0.650000 0.451852 0.038333 0.068148
