372 0.226563 1.000000 0.153046 0.323776
335 0.300938 0.968750 0.142404 0.313332
318 0.379687 0.943287 0.130728 0.300556
341 0.458438 0.925926 0.118005 0.285433
334 0.541562 0.925926 0.117945 0.285357
363 0.620313 0.943287 0.130669 0.300481
488 0.693594 0.968750 0.142346 0.313258
468 0.773438 1.000000 0.152989 0.323704
130 0.033333 0.094444 0.037500 0.066667
110 0.070833 0.094444 0.037500 0.066667
130 0.108333 0.094444 0.037500 0.066667
38 0.145833 0.094444 0.037500 0.066667
93 0.183333 0.094444 0.037500 0.066667
30 0.220833 0.094444 0.037500 0.066667
132 0.258333 0.094444 0.037500 0.066667
66 0.295833 0.094444 0.037500 0.066667
34 0.333333 0.094444 0.037500 0.066667
6 0.370833 0.094444 0.037500 0.066667
377 0.334375 0.027778 0.033333 0.059259
13 0.363542 0.027778 0.033333 0.059259
13 0.392708 0.027778 0.033333 0.059259
13 0.421875 0.027778 0.033333 0.059259
13 0.451042 0.027778 0.033333 0.059259
14 0.247917 0.565741 0.114583 0.268519
15 0.247917 0.716667 0.120312 0.023333
347 0.195833 0.744444 0.025000 0.044444
103 0.220833 0.744444 0.025000 0.044444
256 0.245833 0.744444 0.025000 0.044444
242 0.270833 0.744444 0.025000 0.044444
122 0.808333 0.706481 0.025000 0.044444
47 0.850000 0.597222 0.093750 0.129630
20 0.850000 0.678704 0.098437 0.023333
48 0.850000 0.502778 0.038333 0.068148
