461 0.182812 1.000000 0.145411 0.296825
427 0.237500 0.976852 0.136936 0.289694
183 0.303125 0.951852 0.127414 0.280350
550 0.379687 0.928704 0.116968 0.268919
574 0.456250 0.921296 0.105583 0.255387
334 0.543750 0.921296 0.105530 0.255319
473 0.620313 0.928704 0.116914 0.268851
423 0.696875 0.951852 0.127362 0.280284
474 0.762500 0.976852 0.136885 0.289630
263 0.817187 1.000000 0.145376 0.296799
131 0.033333 0.094444 0.037500 0.066667
36 0.070833 0.094444 0.037500 0.066667
37 0.108333 0.094444 0.037500 0.066667
34 0.145833 0.094444 0.037500 0.066667
303 0.334375 0.027778 0.033333 0.059259
13 0.363542 0.027778 0.033333 0.059259
13 0.392708 0.027778 0.033333 0.059259
13 0.421875 0.027778 0.033333 0.059259
13 0.451042 0.027778 0.033333 0.059259
14 0.247917 0.565741 0.114583 0.268519
15 0.247917 0.716667 0.120312 0.023333
227 0.195833 0.744444 0.025000 0.044444
80 0.605729 0.738889 0.025000 0.044444
139 0.630729 0.738889 0.025000 0.044444
329 0.647396 0.564815 0.093750 0.259259
20 0.647396 0.711111 0.098437 0.023333
21 0.647396 0.405556 0.038333 0.068148
138 0.725000 0.752778 0.025000 0.044444
307 0.750000 0.752778 0.025000 0.044444
156 0.775000 0.752778 0.025000 0.044444
397 0.844792 0.509259 0.250000 0.398148
20 0.844792 0.725000 0.262500 0.023333
48 0.844792 0.280556 0.038333 0.068148
