452 0.226563 1.000000 0.153046 0.323776
351 0.300938 0.968750 0.142404 0.313332
429 0.379687 0.943287 0.130728 0.300556
504 0.458438 0.925926 0.118005 0.285433
584 0.541562 0.925926 0.117945 0.285357
308 0.620313 0.943287 0.130669 0.300481
579 0.693594 0.968750 0.142346 0.313258
525 0.773438 1.000000 0.152989 0.323704
37 0.033333 0.094444 0.037500 0.066667
92 0.070833 0.094444 0.037500 0.066667
33 0.108333 0.094444 0.037500 0.066667
132 0.145833 0.094444 0.037500 0.066667
163 0.183333 0.094444 0.037500 0.066667
5 0.220833 0.094444 0.037500 0.066667
214 0.334375 0.027778 0.033333 0.059259
13 0.363542 0.027778 0.033333 0.059259
13 0.392708 0.027778 0.033333 0.059259
13 0.421875 0.027778 0.033333 0.059259
13 0.451042 0.027778 0.033333 0.059259
14 0.247917 0.565741 0.114583 0.268519
15 0.247917 0.716667 0.120312 0.023333
293 0.195833 0.744444 0.025000 0.044444
307 0.805729 0.757407 0.025000 0.044444
241 0.830729 0.757407 0.025000 0.044444
141 0.852604 0.583333 0.104167 0.259259
20 0.852604 0.729630 0.109375 0.023333
48 0.852604 0.424074 0.038333 0.068148
228 0.382813 0.734259 0.025000 0.044444
119 0.407813 0.734259 0.025000 0.044444
485 0.442708 0.537037 0.130208 0.305556
20 0.442708 0.706481 0.136719 0.023333
72 0.442708 0.354630 0.038333 0.068148
366 0.556250 0.743519 0.025000 0.044444
240 0.581250 0.743519 0.025000 0.044444
178 0.606250 0.743519 0.025000 0.044444
305 0.631250 0.743519 0.025000 0.044444
297 0.670833 0.583333 0.239583 0.231481
20 0.670833 0.715741 0.251562 0.023333
48 0.670833 0.437963 0.038333 0.068148
