434 0.182812 1.000000 0.145411 0.296825
23 0.237500 0.976852 0.136936 0.289694
479 0.303125 0.951852 0.127414 0.280350
555 0.379687 0.928704 0.116968 0.268919
557 0.456250 0.921296 0.105583 0.255387
594 0.543750 0.921296 0.105530 0.255319
360 0.620313 0.928704 0.116914 0.268851
610 0.696875 0.951852 0.127362 0.280284
403 0.762500 0.976852 0.136885 0.289630
588 0.817187 1.000000 0.145376 0.296799
34 0.033333 0.094444 0.037500 0.066667
163 0.070833 0.094444 0.037500 0.066667
67 0.108333 0.094444 0.037500 0.066667
34 0.145833 0.094444 0.037500 0.066667
94 0.183333 0.094444 0.037500 0.066667
199 0.220833 0.094444 0.037500 0.066667
163 0.258333 0.094444 0.037500 0.066667
8 0.295833 0.094444 0.037500 0.066667
64 0.333333 0.094444 0.037500 0.066667
36 0.370833 0.094444 0.037500 0.066667
108 0.408333 0.094444 0.037500 0.066667
36 0.445833 0.094444 0.037500 0.066667
29 0.483333 0.094444 0.037500 0.066667
303 0.334375 0.027778 0.033333 0.059259
113 0.363542 0.027778 0.033333 0.059259
255 0.392708 0.027778 0.033333 0.059259
336 0.421875 0.027778 0.033333 0.059259
13 0.451042 0.027778 0.033333 0.059259
14 0.247917 0.565741 0.114583 0.268519
15 0.247917 0.716667 0.120312 0.023333
17 0.195833 0.744444 0.025000 0.044444
205 0.577083 0.729630 0.025000 0.044444
54 0.602083 0.729630 0.025000 0.044444
41 0.627083 0.729630 0.025000 0.044444
464 0.650000 0.601852 0.156250 0.166667
20 0.650000 0.701852 0.164063 0.023333
48 0.650000 0.488889 0.038333 0.068148
103 0.808333 0.711111 0.025000 0.044444
47 0.850000 0.601852 0.093750 0.129630
20 0.850000 0.683333 0.098437 0.023333
82 0.850000 0.507407 0.038333 0.068148
