316 0.193750 1.000000 0.149621 0.310807
86 0.259375 0.982716 0.140084 0.302077
1 0.332656 0.955556 0.129526 0.291092
522 0.412500 0.930247 0.117934 0.277839
359 0.500000 0.925926 0.105469 0.262500
88 0.587500 0.930247 0.117877 0.277768
23 0.667344 0.955556 0.129470 0.291021
211 0.740625 0.982716 0.140029 0.302007
457 0.806250 1.000000 0.149567 0.310740
199 0.033333 0.094444 0.037500 0.066667
65 0.070833 0.094444 0.037500 0.066667
38 0.108333 0.094444 0.037500 0.066667
94 0.145833 0.094444 0.037500 0.066667
109 0.183333 0.094444 0.037500 0.066667
110 0.220833 0.094444 0.037500 0.066667
31 0.258333 0.094444 0.037500 0.066667
129 0.295833 0.094444 0.037500 0.066667
37 0.333333 0.094444 0.037500 0.066667
36 0.370833 0.094444 0.037500 0.066667
110 0.408333 0.094444 0.037500 0.066667
37 0.445833 0.094444 0.037500 0.066667
199 0.483333 0.094444 0.037500 0.066667
109 0.520833 0.094444 0.037500 0.066667
131 0.558333 0.094444 0.037500 0.066667
30 0.595833 0.094444 0.037500 0.066667
5 0.633333 0.094444 0.037500 0.066667
108 0.670833 0.094444 0.037500 0.066667
184 0.708333 0.094444 0.037500 0.066667
290 0.334375 0.027778 0.033333 0.059259
39 0.363542 0.027778 0.033333 0.059259
11 0.392708 0.027778 0.033333 0.059259
13 0.421875 0.027778 0.033333 0.059259
13 0.451042 0.027778 0.033333 0.059259
14 0.247917 0.565741 0.114583 0.268519
15 0.247917 0.716667 0.120312 0.023333
156 0.195833 0.744444 0.025000 0.044444
204 0.220833 0.744444 0.025000 0.044444
136 0.245833 0.744444 0.025000 0.044444
277 0.270833 0.744444 0.025000 0.044444
326 0.397917 0.748148 0.025000 0.044444
337 0.422917 0.748148 0.025000 0.044444
178 0.447917 0.748148 0.025000 0.044444
179 0.450000 0.555556 0.114583 0.296296
20 0.450000 0.720370 0.120312 0.023333
48 0.450000 0.377778 0.038333 0.068148
408 0.558854 0.725000 0.025000 0.044444
476 0.650000 0.523148 0.192708 0.314815
20 0.650000 0.697222 0.202344 0.023333
48 0.650000 0.336111 0.038333 0.068148
481 0.771875 0.724074 0.025000 0.044444
326 0.796875 0.724074 0.025000 0.044444
226 0.821875 0.724074 0.025000 0.044444
441 0.839583 0.563889 0.145833 0.231481
20 0.839583 0.696296 0.153125 0.023333
170 0.839583 0.418519 0.038333 0.068148
