320 0.182812 1.000000 0.145411 0.296825
522 0.237500 0.976852 0.136936 0.289694
613 0.303125 0.951852 0.127414 0.280350
172 0.379687 0.928704 0.116968 0.268919
59 0.456250 0.921296 0.105583 0.255387
27 0.543750 0.921296 0.105530 0.255319
343 0.620313 0.928704 0.116914 0.268851
517 0.696875 0.951852 0.127362 0.280284
430 0.762500 0.976852 0.136885 0.289630
495 0.817187 1.000000 0.145376 0.296799
34 0.033333 0.094444 0.037500 0.066667
35 0.070833 0.094444 0.037500 0.066667
200 0.334375 0.027778 0.033333 0.059259
112 0.363542 0.027778 0.033333 0.059259
377 0.392708 0.027778 0.033333 0.059259
381 0.421875 0.027778 0.033333 0.059259
377 0.451042 0.027778 0.033333 0.059259
14 0.247917 0.565741 0.114583 0.268519
15 0.247917 0.716667 0.120312 0.023333
435 0.195833 0.744444 0.025000 0.044444
74 0.811979 0.735185 0.025000 0.044444
46 0.836979 0.735185 0.025000 0.044444
549 0.845833 0.621296 0.078125 0.138889
20 0.845833 0.707407 0.082031 0.023333
216 0.845833 0.522222 0.038333 0.068148
