311 0.500000 0.925926 0.117188 0.291667
65 0.033333 0.094444 0.037500 0.066667
109 0.070833 0.094444 0.037500 0.066667
28 0.108333 0.094444 0.037500 0.066667
7 0.145833 0.094444 0.037500 0.066667
108 0.183333 0.094444 0.037500 0.066667
130 0.220833 0.094444 0.037500 0.066667
37 0.258333 0.094444 0.037500 0.066667
40 0.334375 0.027778 0.033333 0.059259
214 0.363542 0.027778 0.033333 0.059259
39 0.392708 0.027778 0.033333 0.059259
303 0.421875 0.027778 0.033333 0.059259
111 0.451042 0.027778 0.033333 0.059259
14 0.247917 0.565741 0.114583 0.268519
15 0.247917 0.716667 0.120312 0.023333
50 0.195833 0.744444 0.025000 0.044444
138 0.220833 0.744444 0.025000 0.044444
177 0.245833 0.744444 0.025000 0.044444
168 0.270833 0.744444 0.025000 0.044444
114 0.811979 0.740741 0.025000 0.044444
293 0.836979 0.740741 0.025000 0.044444
227 0.861979 0.740741 0.025000 0.044444
81 0.845833 0.626852 0.078125 0.138889
20 0.845833 0.712963 0.082031 0.023333
82 0.845833 0.527778 0.038333 0.068148
