550 0.193750 1.000000 0.149621 0.310807
198 0.259375 0.982716 0.140084 0.302077
511 0.332656 0.955556 0.129526 0.291092
560 0.412500 0.930247 0.117934 0.277839
4 0.500000 0.925926 0.105469 0.262500
156 0.587500 0.930247 0.117877 0.277768
479 0.667344 0.955556 0.129470 0.291021
427 0.740625 0.982716 0.140029 0.302007
433 0.806250 1.000000 0.149567 0.310740
138 0.033333 0.094444 0.037500 0.066667
40 0.070833 0.094444 0.037500 0.066667
9 0.108333 0.094444 0.037500 0.066667
139 0.145833 0.094444 0.037500 0.066667
75 0.183333 0.094444 0.037500 0.066667
47 0.220833 0.094444 0.037500 0.066667
11 0.258333 0.094444 0.037500 0.066667
136 0.295833 0.094444 0.037500 0.066667
97 0.333333 0.094444 0.037500 0.066667
162 0.370833 0.094444 0.037500 0.066667
43 0.408333 0.094444 0.037500 0.066667
44 0.445833 0.094444 0.037500 0.066667
48 0.483333 0.094444 0.037500 0.066667
164 0.520833 0.094444 0.037500 0.066667
163 0.558333 0.094444 0.037500 0.066667
78 0.334375 0.027778 0.033333 0.059259
13 0.363542 0.027778 0.033333 0.059259
13 0.392708 0.027778 0.033333 0.059259
13 0.421875 0.027778 0.033333 0.059259
13 0.451042 0.027778 0.033333 0.059259
14 0.247917 0.565741 0.114583 0.268519
15 0.247917 0.716667 0.120312 0.023333
153 0.195833 0.744444 0.025000 0.044444
228 0.220833 0.744444 0.025000 0.044444
500 0.245833 0.744444 0.025000 0.044444
17 0.803125 0.729630 0.025000 0.044444
240 0.828125 0.729630 0.025000 0.044444
357 0.853125 0.729630 0.025000 0.044444
586 0.850000 0.583333 0.104167 0.203704
23 0.850000 0.701852 0.109375 0.023333
61 0.850000 0.451852 0.038333 0.068148
