539 0.193750 1.000000 0.149621 0.310807
419 0.259375 0.982716 0.140084 0.302077
90 0.332656 0.955556 0.129526 0.291092
312 0.412500 0.930247 0.117934 0.277839
509 0.500000 0.925926 0.105469 0.262500
160 0.587500 0.930247 0.117877 0.277768
588 0.667344 0.955556 0.129470 0.291021
312 0.740625 0.982716 0.140029 0.302007
500 0.806250 1.000000 0.149567 0.310740
94 0.033333 0.094444 0.037500 0.066667
35 0.070833 0.094444 0.037500 0.066667
199 0.108333 0.094444 0.037500 0.066667
255 0.334375 0.027778 0.033333 0.059259
13 0.363542 0.027778 0.033333 0.059259
13 0.392708 0.027778 0.033333 0.059259
13 0.421875 0.027778 0.033333 0.059259
13 0.451042 0.027778 0.033333 0.059259
14 0.247917 0.565741 0.114583 0.268519
15 0.247917 0.716667 0.120312 0.023333
416 0.195833 0.744444 0.025000 0.044444
241 0.220833 0.744444 0.025000 0.044444
50 0.245833 0.744444 0.025000 0.044444
156 0.803125 0.733333 0.025000 0.044444
367 0.828125 0.733333 0.025000 0.044444
55 0.853125 0.733333 0.025000 0.044444
319 0.847396 0.605556 0.098958 0.166667
20 0.847396 0.705556 0.103906 0.023333
48 0.847396 0.492593 0.038333 0.068148
