450 0.193750 1.000000 0.149621 0.310807
568 0.259375 0.982716 0.140084 0.302077
434 0.332656 0.955556 0.129526 0.291092
603 0.412500 0.930247 0.117934 0.277839
212 0.500000 0.925926 0.105469 0.262500
639 0.587500 0.930247 0.117877 0.277768
499 0.667344 0.955556 0.129470 0.291021
537 0.740625 0.982716 0.140029 0.302007
398 0.806250 1.000000 0.149567 0.310740
35 0.033333 0.094444 0.037500 0.066667
38 0.070833 0.094444 0.037500 0.066667
29 0.108333 0.094444 0.037500 0.066667
110 0.145833 0.094444 0.037500 0.066667
34 0.183333 0.094444 0.037500 0.066667
67 0.220833 0.094444 0.037500 0.066667
144 0.334375 0.027778 0.033333 0.059259
13 0.363542 0.027778 0.033333 0.059259
13 0.392708 0.027778 0.033333 0.059259
13 0.421875 0.027778 0.033333 0.059259
13 0.451042 0.027778 0.033333 0.059259
14 0.247917 0.565741 0.114583 0.268519
15 0.247917 0.716667 0.120312 0.023333
117 0.195833 0.744444 0.025000 0.044444
258 0.220833 0.744444 0.025000 0.044444
148 0.245833 0.744444 0.025000 0.044444
178 0.548437 0.729630 0.025000 0.044444
278 0.660417 0.476852 0.234375 0.416667
20 0.660417 0.701852 0.246094 0.023333
170 0.660417 0.238889 0.038333 0.068148
73 0.782812 0.734259 0.025000 0.044444
148 0.807813 0.734259 0.025000 0.044444
44 0.832812 0.734259 0.025000 0.044444
485 0.842708 0.537037 0.130208 0.305556
20 0.842708 0.706481 0.136719 0.023333
48 0.842708 0.354630 0.038333 0.068148
203 0.371875 0.734259 0.025000 0.044444
447 0.396875 0.734259 0.025000 0.044444
222 0.421875 0.734259 0.025000 0.044444
187 0.446875 0.734259 0.025000 0.044444
76 0.450000 0.495370 0.166667 0.388889
20 0.450000 0.706481 0.175000 0.023333
48 0.450000 0.271296 0.038333 0.068148
