392 0.270312 0.986111 0.149899 0.329824
615 0.357812 0.949074 0.137609 0.316375
612 0.452969 0.925926 0.124215 0.300456
436 0.547031 0.925926 0.124152 0.300376
360 0.642187 0.949074 0.137546 0.316296
85 0.729688 0.986111 0.149838 0.329746
129 0.033333 0.094444 0.037500 0.066667
4 0.070833 0.094444 0.037500 0.066667
30 0.108333 0.094444 0.037500 0.066667
92 0.145833 0.094444 0.037500 0.066667
92 0.183333 0.094444 0.037500 0.066667
5 0.220833 0.094444 0.037500 0.066667
30 0.258333 0.094444 0.037500 0.066667
108 0.295833 0.094444 0.037500 0.066667
66 0.333333 0.094444 0.037500 0.066667
129 0.370833 0.094444 0.037500 0.066667
108 0.408333 0.094444 0.037500 0.066667
93 0.445833 0.094444 0.037500 0.066667
67 0.483333 0.094444 0.037500 0.066667
38 0.520833 0.094444 0.037500 0.066667
91 0.558333 0.094444 0.037500 0.066667
93 0.595833 0.094444 0.037500 0.066667
94 0.633333 0.094444 0.037500 0.066667
185 0.334375 0.027778 0.033333 0.059259
13 0.363542 0.027778 0.033333 0.059259
13 0.392708 0.027778 0.033333 0.059259
13 0.421875 0.027778 0.033333 0.059259
13 0.451042 0.027778 0.033333 0.059259
14 0.247917 0.565741 0.114583 0.268519
15 0.247917 0.716667 0.120312 0.023333
416 0.195833 0.744444 0.025000 0.044444
148 0.220833 0.744444 0.025000 0.044444
43 0.371875 0.734259 0.025000 0.044444
327 0.396875 0.734259 0.025000 0.044444
100 0.421875 0.734259 0.025000 0.044444
527 0.446875 0.734259 0.025000 0.044444
149 0.450000 0.587963 0.166667 0.203704
20 0.450000 0.706481 0.175000 0.023333
150 0.450000 0.456481 0.038333 0.068148
16 0.725000 0.752778 0.025000 0.044444
369 0.750000 0.752778 0.025000 0.044444
397 0.844792 0.509259 0.250000 0.398148
20 0.844792 0.725000 0.262500 0.023333
48 0.844792 0.280556 0.038333 0.068148
293 0.540625 0.739815 0.025000 0.044444
313 0.565625 0.739815 0.025000 0.044444
446 0.652604 0.551852 0.234375 0.287037
20 0.652604 0.712037 0.246094 0.023333
48 0.652604 0.378704 0.038333 0.068148
