197 0.193750 1.000000 0.149621 0.310807
379 0.259375 0.982716 0.140084 0.302077
545 0.332656 0.955556 0.129526 0.291092
191 0.412500 0.930247 0.117934 0.277839
289 0.500000 0.925926 0.105469 0.262500
622 0.587500 0.930247 0.117877 0.277768
561 0.667344 0.955556 0.129470 0.291021
318 0.740625 0.982716 0.140029 0.302007
534 0.806250 1.000000 0.149567 0.310740
38 0.033333 0.094444 0.037500 0.066667
65 0.070833 0.094444 0.037500 0.066667
28 0.108333 0.094444 0.037500 0.066667
109 0.145833 0.094444 0.037500 0.066667
93 0.183333 0.094444 0.037500 0.066667
130 0.220833 0.094444 0.037500 0.066667
64 0.258333 0.094444 0.037500 0.066667
238 0.334375 0.027778 0.033333 0.059259
272 0.363542 0.027778 0.033333 0.059259
113 0.392708 0.027778 0.033333 0.059259
304 0.421875 0.027778 0.033333 0.059259
13 0.451042 0.027778 0.033333 0.059259
14 0.247917 0.565741 0.114583 0.268519
15 0.247917 0.716667 0.120312 0.023333
155 0.195833 0.744444 0.025000 0.044444
258 0.220833 0.744444 0.025000 0.044444
178 0.245833 0.744444 0.025000 0.044444
43 0.270833 0.744444 0.025000 0.044444
49 0.792708 0.645113 0.025000 0.044444
140 0.850000 0.517335 0.125000 0.166667
20 0.850000 0.617335 0.131250 0.023333
216 0.850000 0.404372 0.038333 0.068148
