507 0.193750 1.000000 0.149621 0.310807
24 0.259375 0.982716 0.140084 0.302077
309 0.332656 0.955556 0.129526 0.291092
403 0.412500 0.930247 0.117934 0.277839
312 0.500000 0.925926 0.105469 0.262500
452 0.587500 0.930247 0.117877 0.277768
636 0.667344 0.955556 0.129470 0.291021
565 0.740625 0.982716 0.140029 0.302007
551 0.806250 1.000000 0.149567 0.310740
173 0.033333 0.094444 0.037500 0.066667
5 0.070833 0.094444 0.037500 0.066667
184 0.108333 0.094444 0.037500 0.066667
29 0.145833 0.094444 0.037500 0.066667
66 0.183333 0.094444 0.037500 0.066667
29 0.220833 0.094444 0.037500 0.066667
163 0.258333 0.094444 0.037500 0.066667
8 0.295833 0.094444 0.037500 0.066667
35 0.333333 0.094444 0.037500 0.066667
163 0.370833 0.094444 0.037500 0.066667
5 0.408333 0.094444 0.037500 0.066667
132 0.445833 0.094444 0.037500 0.066667
11 0.334375 0.027778 0.033333 0.059259
112 0.363542 0.027778 0.033333 0.059259
13 0.392708 0.027778 0.033333 0.059259
13 0.421875 0.027778 0.033333 0.059259
13 0.451042 0.027778 0.033333 0.059259
14 0.247917 0.565741 0.114583 0.268519
15 0.247917 0.716667 0.120312 0.023333
435 0.195833 0.744444 0.025000 0.044444
378 0.220833 0.744444 0.025000 0.044444
137 0.245833 0.744444 0.025000 0.044444
265 0.571875 0.734259 0.025000 0.044444
54 0.596875 0.734259 0.025000 0.044444
69 0.621875 0.734259 0.025000 0.044444
149 0.650000 0.587963 0.166667 0.203704
20 0.650000 0.706481 0.175000 0.023333
150 0.650000 0.456481 0.038333 0.068148
299 0.411979 0.724074 0.025000 0.044444
74 0.436979 0.724074 0.025000 0.044444
256 0.461979 0.724074 0.025000 0.044444
315 0.445833 0.610185 0.078125 0.138889
20 0.445833 0.696296 0.082031 0.023333
48 0.445833 0.511111 0.038333 0.068148
124 0.756250 0.743519 0.025000 0.044444
297 0.870833 0.583333 0.239583 0.231481
20 0.870833 0.715741 0.251562 0.023333
48 0.870833 0.437963 0.038333 0.068148
