284 0.226563 1.000000 0.153046 0.323776
535 0.300938 0.968750 0.142404 0.313332
318 0.379687 0.943287 0.130728 0.300556
419 0.458438 0.925926 0.118005 0.285433
388 0.541562 0.925926 0.117945 0.285357
535 0.620313 0.943287 0.130669 0.300481
484 0.693594 0.968750 0.142346 0.313258
554 0.773438 1.000000 0.152989 0.323704
29 0.033333 0.094444 0.037500 0.066667
29 0.070833 0.094444 0.037500 0.066667
36 0.108333 0.094444 0.037500 0.066667
32 0.145833 0.094444 0.037500 0.066667
173 0.183333 0.094444 0.037500 0.066667
66 0.220833 0.094444 0.037500 0.066667
33 0.258333 0.094444 0.037500 0.066667
39 0.334375 0.027778 0.033333 0.059259
238 0.363542 0.027778 0.033333 0.059259
95 0.392708 0.027778 0.033333 0.059259
13 0.421875 0.027778 0.033333 0.059259
13 0.451042 0.027778 0.033333 0.059259
14 0.247917 0.565741 0.114583 0.268519
15 0.247917 0.716667 0.120312 0.023333
204 0.195833 0.744444 0.025000 0.044444
207 0.220833 0.744444 0.025000 0.044444
239 0.245833 0.744444 0.025000 0.044444
44 0.270833 0.744444 0.025000 0.044444
239 0.540625 0.739815 0.025000 0.044444
266 0.565625 0.739815 0.025000 0.044444
277 0.590625 0.739815 0.025000 0.044444
327 0.615625 0.739815 0.025000 0.044444
446 0.652604 0.551852 0.234375 0.287037
20 0.652604 0.712037 0.246094 0.023333
48 0.652604 0.378704 0.038333 0.068148
114 0.735417 0.729630 0.025000 0.044444
208 0.850000 0.546296 0.239583 0.277778
20 0.850000 0.701852 0.251562 0.023333
48 0.850000 0.377778 0.038333 0.068148
524 0.326042 0.729630 0.025000 0.044444
134 0.351042 0.729630 0.025000 0.044444
282 0.444792 0.495370 0.247917 0.379630
20 0.444792 0.701852 0.260312 0.023333
48 0.444792 0.275926 0.038333 0.068148
