504 0.500000 0.925926 0.117188 0.291667
132 0.033333 0.094444 0.037500 0.066667
130 0.070833 0.094444 0.037500 0.066667
107 0.108333 0.094444 0.037500 0.066667
111 0.334375 0.027778 0.033333 0.059259
112 0.363542 0.027778 0.033333 0.059259
13 0.392708 0.027778 0.033333 0.059259
13 0.421875 0.027778 0.033333 0.059259
13 0.451042 0.027778 0.033333 0.059259
14 0.247917 0.565741 0.114583 0.268519
15 0.247917 0.716667 0.120312 0.023333
305 0.195833 0.744444 0.025000 0.044444
524 0.220833 0.744444 0.025000 0.044444
401 0.548437 0.738889 0.025000 0.044444
169 0.613542 0.518519 0.140625 0.351852
20 0.613542 0.711111 0.147656 0.023333
48 0.597917 0.312963 0.038333 0.068148
455 0.748438 0.729630 0.025000 0.044444
313 0.773438 0.729630 0.025000 0.044444
240 0.798437 0.729630 0.025000 0.044444
278 0.860417 0.476852 0.234375 0.416667
20 0.860417 0.701852 0.246094 0.023333
170 0.860417 0.238889 0.038333 0.068148
