235 0.226563 1.000000 0.153046 0.323776
391 0.300938 0.968750 0.142404 0.313332
392 0.379687 0.943287 0.130728 0.300556
318 0.458438 0.925926 0.118005 0.285433
393 0.541562 0.925926 0.117945 0.285357
106 0.620313 0.943287 0.130669 0.300481
394 0.693594 0.968750 0.142346 0.313258
395 0.773438 1.000000 0.152989 0.323704
36 0.033333 0.094444 0.037500 0.066667
199 0.070833 0.094444 0.037500 0.066667
29 0.108333 0.094444 0.037500 0.066667
38 0.145833 0.094444 0.037500 0.066667
184 0.183333 0.094444 0.037500 0.066667
173 0.220833 0.094444 0.037500 0.066667
336 0.334375 0.027778 0.033333 0.059259
112 0.363542 0.027778 0.033333 0.059259
200 0.392708 0.027778 0.033333 0.059259
13 0.421875 0.027778 0.033333 0.059259
13 0.451042 0.027778 0.033333 0.059259
14 0.247917 0.565741 0.114583 0.268519
15 0.247917 0.716667 0.120312 0.023333
259 0.195833 0.744444 0.025000 0.044444
256 0.220833 0.744444 0.025000 0.044444
188 0.245833 0.744444 0.025000 0.044444
151 0.808333 0.725000 0.025000 0.044444
305 0.833333 0.725000 0.025000 0.044444
299 0.858333 0.725000 0.025000 0.044444
102 0.850000 0.615741 0.093750 0.129630
20 0.850000 0.697222 0.098437 0.023333
216 0.850000 0.521296 0.038333 0.068148
138 0.642187 0.728704 0.025000 0.044444
270 0.667188 0.728704 0.025000 0.044444
396 0.670833 0.600926 0.067708 0.166667
20 0.670833 0.700926 0.071094 0.023333
158 0.670833 0.487963 0.038333 0.068148
134 0.325000 0.752778 0.025000 0.044444
241 0.350000 0.752778 0.025000 0.044444
397 0.444792 0.509259 0.250000 0.398148
20 0.444792 0.725000 0.262500 0.023333
48 0.444792 0.280556 0.038333 0.068148
