480 0.226563 1.000000 0.153046 0.323776
439 0.300938 0.968750 0.142404 0.313332
581 0.379687 0.943287 0.130728 0.300556
587 0.458438 0.925926 0.118005 0.285433
538 0.541562 0.925926 0.117945 0.285357
247 0.620313 0.943287 0.130669 0.300481
250 0.693594 0.968750 0.142346 0.313258
62 0.773438 1.000000 0.152989 0.323704
31 0.033333 0.094444 0.037500 0.066667
30 0.070833 0.094444 0.037500 0.066667
110 0.108333 0.094444 0.037500 0.066667
38 0.145833 0.094444 0.037500 0.066667
91 0.183333 0.094444 0.037500 0.066667
131 0.220833 0.094444 0.037500 0.066667
4 0.258333 0.094444 0.037500 0.066667
130 0.295833 0.094444 0.037500 0.066667
214 0.334375 0.027778 0.033333 0.059259
13 0.363542 0.027778 0.033333 0.059259
13 0.392708 0.027778 0.033333 0.059259
13 0.421875 0.027778 0.033333 0.059259
13 0.451042 0.027778 0.033333 0.059259
14 0.247917 0.565741 0.114583 0.268519
15 0.247917 0.716667 0.120312 0.023333
204 0.195833 0.744444 0.025000 0.044444
138 0.819271 0.750926 0.025000 0.044444
313 0.844271 0.750926 0.025000 0.044444
257 0.847917 0.616667 0.067708 0.179630
20 0.847917 0.723148 0.071094 0.023333
48 0.847917 0.497222 0.038333 0.068148
294 0.595312 0.748148 0.025000 0.044444
454 0.620313 0.748148 0.025000 0.044444
119 0.645312 0.748148 0.025000 0.044444
482 0.650000 0.587963 0.119792 0.231481
20 0.650000 0.720370 0.125781 0.023333
216 0.650000 0.442593 0.038333 0.068148
