619 0.226563 1.000000 0.153046 0.323776
475 0.300938 0.968750 0.142404 0.313332
60 0.379687 0.943287 0.130728 0.300556
501 0.458438 0.925926 0.118005 0.285433
570 0.541562 0.925926 0.117945 0.285357
127 0.620313 0.943287 0.130669 0.300481
594 0.693594 0.968750 0.142346 0.313258
511 0.773438 1.000000 0.152989 0.323704
94 0.033333 0.094444 0.037500 0.066667
30 0.070833 0.094444 0.037500 0.066667
5 0.108333 0.094444 0.037500 0.066667
107 0.145833 0.094444 0.037500 0.066667
8 0.183333 0.094444 0.037500 0.066667
7 0.220833 0.094444 0.037500 0.066667
130 0.258333 0.094444 0.037500 0.066667
93 0.295833 0.094444 0.037500 0.066667
108 0.333333 0.094444 0.037500 0.066667
38 0.370833 0.094444 0.037500 0.066667
65 0.408333 0.094444 0.037500 0.066667
92 0.445833 0.094444 0.037500 0.066667
254 0.334375 0.027778 0.033333 0.059259
13 0.363542 0.027778 0.033333 0.059259
13 0.392708 0.027778 0.033333 0.059259
13 0.421875 0.027778 0.033333 0.059259
13 0.451042 0.027778 0.033333 0.059259
14 0.247917 0.565741 0.114583 0.268519
15 0.247917 0.716667 0.120312 0.023333
306 0.195833 0.744444 0.025000 0.044444
51 0.220833 0.744444 0.025000 0.044444
416 0.245833 0.744444 0.025000 0.044444
175 0.270833 0.744444 0.025000 0.044444
122 0.558854 0.725000 0.025000 0.044444
277 0.583854 0.725000 0.025000 0.044444
469 0.608854 0.725000 0.025000 0.044444
476 0.650000 0.523148 0.192708 0.314815
20 0.650000 0.697222 0.202344 0.023333
48 0.650000 0.336111 0.038333 0.068148
148 0.746875 0.729630 0.025000 0.044444
54 0.771875 0.729630 0.025000 0.044444
121 0.865625 0.495370 0.247917 0.379630
20 0.865625 0.701852 0.260312 0.023333
48 0.865625 0.275926 0.038333 0.068148
