607 0.351250 0.960648 0.137609 0.316375
535 0.449688 0.935185 0.124215 0.300456
301 0.550312 0.935185 0.124152 0.300376
354 0.648750 0.960648 0.137546 0.316296
64 0.033333 0.094444 0.037500 0.066667
110 0.070833 0.094444 0.037500 0.066667
6 0.108333 0.094444 0.037500 0.066667
65 0.145833 0.094444 0.037500 0.066667
131 0.183333 0.094444 0.037500 0.066667
31 0.220833 0.094444 0.037500 0.066667
67 0.258333 0.094444 0.037500 0.066667
40 0.334375 0.027778 0.033333 0.059259
13 0.363542 0.027778 0.033333 0.059259
13 0.392708 0.027778 0.033333 0.059259
13 0.421875 0.027778 0.033333 0.059259
13 0.451042 0.027778 0.033333 0.059259
14 0.247917 0.565741 0.114583 0.268519
15 0.247917 0.716667 0.120312 0.023333
73 0.195833 0.744444 0.025000 0.044444
265 0.220833 0.744444 0.025000 0.044444
294 0.245833 0.744444 0.025000 0.044444
79 0.766667 0.738889 0.025000 0.044444
422 0.852604 0.490741 0.182292 0.407407
20 0.852604 0.711111 0.191406 0.023333
82 0.852604 0.257407 0.038333 0.068148
