534 0.237500 1.000000 0.155649 0.335641
106 0.314063 0.968783 0.143917 0.323435
617 0.401563 0.945767 0.131037 0.308710
298 0.500000 0.931481 0.117188 0.291667
106 0.598437 0.945767 0.130975 0.308631
526 0.685938 0.968783 0.143855 0.323357
654 0.762500 1.000000 0.155588 0.335564
131 0.033333 0.094444 0.037500 0.066667
107 0.070833 0.094444 0.037500 0.066667
64 0.108333 0.094444 0.037500 0.066667
173 0.145833 0.094444 0.037500 0.066667
91 0.183333 0.094444 0.037500 0.066667
37 0.220833 0.094444 0.037500 0.066667
91 0.258333 0.094444 0.037500 0.066667
66 0.295833 0.094444 0.037500 0.066667
37 0.333333 0.094444 0.037500 0.066667
6 0.370833 0.094444 0.037500 0.066667
33 0.408333 0.094444 0.037500 0.066667
29 0.445833 0.094444 0.037500 0.066667
7 0.483333 0.094444 0.037500 0.066667
94 0.520833 0.094444 0.037500 0.066667
35 0.558333 0.094444 0.037500 0.066667
37 0.595833 0.094444 0.037500 0.066667
185 0.334375 0.027778 0.033333 0.059259
40 0.363542 0.027778 0.033333 0.059259
13 0.392708 0.027778 0.033333 0.059259
13 0.421875 0.027778 0.033333 0.059259
13 0.451042 0.027778 0.033333 0.059259
14 0.247917 0.565741 0.114583 0.268519
15 0.247917 0.716667 0.120312 0.023333
104 0.195833 0.744444 0.025000 0.044444
424 0.220833 0.744444 0.025000 0.044444
274 0.245833 0.744444 0.025000 0.044444
101 0.270833 0.744444 0.025000 0.044444
18 0.582812 0.734259 0.025000 0.044444
114 0.607813 0.734259 0.025000 0.044444
41 0.632813 0.734259 0.025000 0.044444
425 0.657812 0.734259 0.025000 0.044444
485 0.642708 0.537037 0.130208 0.305556
20 0.642708 0.706481 0.136719 0.023333
48 0.642708 0.354630 0.038333 0.068148
188 0.797917 0.737037 0.025000 0.044444
270 0.822917 0.737037 0.025000 0.044444
307 0.847917 0.737037 0.025000 0.044444
416 0.872917 0.737037 0.025000 0.044444
426 0.844792 0.562963 0.104167 0.259259
20 0.844792 0.709259 0.109375 0.023333
170 0.844792 0.403704 0.038333 0.068148
