511 0.401563 0.953704 0.131037 0.308710
642 0.500000 0.925926 0.117188 0.291667
553 0.598437 0.953704 0.130975 0.308631
8 0.033333 0.094444 0.037500 0.066667
29 0.070833 0.094444 0.037500 0.066667
4 0.108333 0.094444 0.037500 0.066667
91 0.145833 0.094444 0.037500 0.066667
65 0.183333 0.094444 0.037500 0.066667
31 0.220833 0.094444 0.037500 0.066667
33 0.258333 0.094444 0.037500 0.066667
32 0.295833 0.094444 0.037500 0.066667
110 0.333333 0.094444 0.037500 0.066667
91 0.370833 0.094444 0.037500 0.066667
67 0.408333 0.094444 0.037500 0.066667
30 0.445833 0.094444 0.037500 0.066667
5 0.483333 0.094444 0.037500 0.066667
199 0.520833 0.094444 0.037500 0.066667
214 0.334375 0.027778 0.033333 0.059259
13 0.363542 0.027778 0.033333 0.059259
13 0.392708 0.027778 0.033333 0.059259
13 0.421875 0.027778 0.033333 0.059259
13 0.451042 0.027778 0.033333 0.059259
14 0.247917 0.565741 0.114583 0.268519
15 0.247917 0.716667 0.120312 0.023333
151 0.195833 0.744444 0.025000 0.044444
313 0.220833 0.744444 0.025000 0.044444
240 0.245833 0.744444 0.025000 0.044444
101 0.270833 0.744444 0.025000 0.044444
97 0.387500 0.729630 0.025000 0.044444
447 0.412500 0.729630 0.025000 0.044444
177 0.437500 0.729630 0.025000 0.044444
258 0.462500 0.729630 0.025000 0.044444
166 0.450000 0.606481 0.135417 0.157407
20 0.450000 0.701852 0.142188 0.023333
167 0.450000 0.498148 0.038333 0.068148
45 0.774479 0.725926 0.025000 0.044444
314 0.799479 0.725926 0.025000 0.044444
99 0.824479 0.725926 0.025000 0.044444
279 0.860417 0.561111 0.182292 0.240741
20 0.860417 0.698148 0.191406 0.023333
280 0.860417 0.411111 0.038333 0.068148
153 0.556250 0.743519 0.025000 0.044444
297 0.670833 0.583333 0.239583 0.231481
20 0.670833 0.715741 0.251562 0.023333
48 0.670833 0.437963 0.038333 0.068148
