335 0.237500 1.000000 0.155649 0.335641
229 0.314063 0.968783 0.143917 0.323435
225 0.401563 0.945767 0.131037 0.308710
162 0.500000 0.931481 0.117188 0.291667
629 0.598437 0.945767 0.130975 0.308631
192 0.685938 0.968783 0.143855 0.323357
564 0.762500 1.000000 0.155588 0.335564
33 0.033333 0.094444 0.037500 0.066667
33 0.070833 0.094444 0.037500 0.066667
34 0.108333 0.094444 0.037500 0.066667
36 0.145833 0.094444 0.037500 0.066667
31 0.183333 0.094444 0.037500 0.066667
67 0.220833 0.094444 0.037500 0.066667
66 0.258333 0.094444 0.037500 0.066667
4 0.295833 0.094444 0.037500 0.066667
38 0.333333 0.094444 0.037500 0.066667
30 0.370833 0.094444 0.037500 0.066667
5 0.408333 0.094444 0.037500 0.066667
36 0.445833 0.094444 0.037500 0.066667
92 0.483333 0.094444 0.037500 0.066667
132 0.520833 0.094444 0.037500 0.066667
107 0.558333 0.094444 0.037500 0.066667
91 0.595833 0.094444 0.037500 0.066667
199 0.633333 0.094444 0.037500 0.066667
28 0.670833 0.094444 0.037500 0.066667
143 0.334375 0.027778 0.033333 0.059259
355 0.363542 0.027778 0.033333 0.059259
381 0.392708 0.027778 0.033333 0.059259
13 0.421875 0.027778 0.033333 0.059259
13 0.451042 0.027778 0.033333 0.059259
14 0.247917 0.565741 0.114583 0.268519
15 0.247917 0.716667 0.120312 0.023333
122 0.195833 0.744444 0.025000 0.044444
98 0.540625 0.734259 0.025000 0.044444
313 0.565625 0.734259 0.025000 0.044444
325 0.590625 0.734259 0.025000 0.044444
75 0.615625 0.734259 0.025000 0.044444
529 0.650000 0.527778 0.229167 0.324074
20 0.650000 0.706481 0.240625 0.023333
72 0.650000 0.336111 0.038333 0.068148
188 0.753646 0.729630 0.025000 0.044444
104 0.778646 0.729630 0.025000 0.044444
52 0.803646 0.729630 0.025000 0.044444
383 0.850000 0.504630 0.203125 0.361111
20 0.850000 0.701852 0.213281 0.023333
216 0.850000 0.294444 0.038333 0.068148
