567 0.270312 0.986111 0.149899 0.329824
589 0.357812 0.949074 0.137609 0.316375
563 0.452969 0.925926 0.124215 0.300456
595 0.547031 0.925926 0.124152 0.300376
388 0.642187 0.949074 0.137546 0.316296
245 0.729688 0.986111 0.149838 0.329746
34 0.033333 0.094444 0.037500 0.066667
4 0.070833 0.094444 0.037500 0.066667
65 0.108333 0.094444 0.037500 0.066667
93 0.145833 0.094444 0.037500 0.066667
65 0.183333 0.094444 0.037500 0.066667
36 0.220833 0.094444 0.037500 0.066667
4 0.258333 0.094444 0.037500 0.066667
109 0.295833 0.094444 0.037500 0.066667
38 0.333333 0.094444 0.037500 0.066667
94 0.370833 0.094444 0.037500 0.066667
38 0.408333 0.094444 0.037500 0.066667
130 0.445833 0.094444 0.037500 0.066667
336 0.334375 0.027778 0.033333 0.059259
68 0.363542 0.027778 0.033333 0.059259
238 0.392708 0.027778 0.033333 0.059259
214 0.421875 0.027778 0.033333 0.059259
145 0.451042 0.027778 0.033333 0.059259
14 0.247917 0.565741 0.114583 0.268519
15 0.247917 0.716667 0.120312 0.023333
189 0.195833 0.744444 0.025000 0.044444
207 0.753646 0.725926 0.025000 0.044444
168 0.778646 0.725926 0.025000 0.044444
56 0.803646 0.725926 0.025000 0.044444
378 0.828646 0.725926 0.025000 0.044444
243 0.850000 0.500926 0.203125 0.361111
20 0.850000 0.698148 0.213281 0.023333
170 0.850000 0.290741 0.038333 0.068148
