540 0.193750 1.000000 0.149621 0.310807
578 0.259375 0.982716 0.140084 0.302077
541 0.332656 0.955556 0.129526 0.291092
411 0.412500 0.930247 0.117934 0.277839
462 0.500000 0.925926 0.105469 0.262500
565 0.587500 0.930247 0.117877 0.277768
591 0.667344 0.955556 0.129470 0.291021
622 0.740625 0.982716 0.140029 0.302007
609 0.806250 1.000000 0.149567 0.310740
129 0.033333 0.094444 0.037500 0.066667
129 0.070833 0.094444 0.037500 0.066667
184 0.108333 0.094444 0.037500 0.066667
5 0.145833 0.094444 0.037500 0.066667
34 0.183333 0.094444 0.037500 0.066667
92 0.220833 0.094444 0.037500 0.066667
108 0.258333 0.094444 0.037500 0.066667
4 0.295833 0.094444 0.037500 0.066667
64 0.333333 0.094444 0.037500 0.066667
131 0.370833 0.094444 0.037500 0.066667
130 0.408333 0.094444 0.037500 0.066667
36 0.445833 0.094444 0.037500 0.066667
255 0.334375 0.027778 0.033333 0.059259
112 0.363542 0.027778 0.033333 0.059259
304 0.392708 0.027778 0.033333 0.059259
174 0.421875 0.027778 0.033333 0.059259
186 0.451042 0.027778 0.033333 0.059259
14 0.247917 0.565741 0.114583 0.268519
15 0.247917 0.716667 0.120312 0.023333
347 0.195833 0.744444 0.025000 0.044444
153 0.220833 0.744444 0.025000 0.044444
325 0.245833 0.744444 0.025000 0.044444
369 0.270833 0.744444 0.025000 0.044444
269 0.810938 0.698223 0.025000 0.044444
448 0.850000 0.593594 0.088542 0.120370
20 0.850000 0.670445 0.092969 0.023333
48 0.850000 0.503779 0.038333 0.068148
