479 0.500000 0.925926 0.117188 0.291667
163 0.033333 0.094444 0.037500 0.066667
130 0.070833 0.094444 0.037500 0.066667
28 0.108333 0.094444 0.037500 0.066667
184 0.145833 0.094444 0.037500 0.066667
132 0.183333 0.094444 0.037500 0.066667
107 0.220833 0.094444 0.037500 0.066667
35 0.258333 0.094444 0.037500 0.066667
173 0.295833 0.094444 0.037500 0.066667
199 0.333333 0.094444 0.037500 0.066667
92 0.370833 0.094444 0.037500 0.066667
94 0.408333 0.094444 0.037500 0.066667
31 0.445833 0.094444 0.037500 0.066667
94 0.483333 0.094444 0.037500 0.066667
33 0.520833 0.094444 0.037500 0.066667
36 0.558333 0.094444 0.037500 0.066667
131 0.595833 0.094444 0.037500 0.066667
36 0.633333 0.094444 0.037500 0.066667
109 0.670833 0.094444 0.037500 0.066667
6 0.708333 0.094444 0.037500 0.066667
40 0.334375 0.027778 0.033333 0.059259
13 0.363542 0.027778 0.033333 0.059259
13 0.392708 0.027778 0.033333 0.059259
13 0.421875 0.027778 0.033333 0.059259
13 0.451042 0.027778 0.033333 0.059259
14 0.247917 0.565741 0.114583 0.268519
15 0.247917 0.716667 0.120312 0.023333
371 0.195833 0.744444 0.025000 0.044444
483 0.220833 0.744444 0.025000 0.044444
455 0.245833 0.744444 0.025000 0.044444
483 0.808333 0.711111 0.025000 0.044444
74 0.833333 0.711111 0.025000 0.044444
148 0.858333 0.711111 0.025000 0.044444
47 0.850000 0.601852 0.093750 0.129630
20 0.850000 0.683333 0.098437 0.023333
48 0.850000 0.507407 0.038333 0.068148
116 0.553646 0.725926 0.025000 0.044444
165 0.578646 0.725926 0.025000 0.044444
239 0.603646 0.725926 0.025000 0.044444
75 0.628646 0.725926 0.025000 0.044444
243 0.650000 0.500926 0.203125 0.361111
20 0.650000 0.698148 0.213281 0.023333
170 0.650000 0.290741 0.038333 0.068148
