514 0.226563 1.000000 0.153046 0.323776
459 0.300938 0.968750 0.142404 0.313332
350 0.379687 0.943287 0.130728 0.300556
428 0.458438 0.925926 0.118005 0.285433
478 0.541562 0.925926 0.117945 0.285357
230 0.620313 0.943287 0.130669 0.300481
582 0.693594 0.968750 0.142346 0.313258
403 0.773438 1.000000 0.152989 0.323704
130 0.033333 0.094444 0.037500 0.066667
199 0.070833 0.094444 0.037500 0.066667
28 0.108333 0.094444 0.037500 0.066667
184 0.145833 0.094444 0.037500 0.066667
107 0.183333 0.094444 0.037500 0.066667
163 0.220833 0.094444 0.037500 0.066667
173 0.258333 0.094444 0.037500 0.066667
66 0.295833 0.094444 0.037500 0.066667
29 0.333333 0.094444 0.037500 0.066667
199 0.370833 0.094444 0.037500 0.066667
31 0.408333 0.094444 0.037500 0.066667
32 0.445833 0.094444 0.037500 0.066667
32 0.483333 0.094444 0.037500 0.066667
34 0.520833 0.094444 0.037500 0.066667
92 0.558333 0.094444 0.037500 0.066667
30 0.595833 0.094444 0.037500 0.066667
130 0.633333 0.094444 0.037500 0.066667
93 0.670833 0.094444 0.037500 0.066667
34 0.708333 0.094444 0.037500 0.066667
64 0.745833 0.094444 0.037500 0.066667
336 0.334375 0.027778 0.033333 0.059259
96 0.363542 0.027778 0.033333 0.059259
68 0.392708 0.027778 0.033333 0.059259
303 0.421875 0.027778 0.033333 0.059259
303 0.451042 0.027778 0.033333 0.059259
14 0.247917 0.565741 0.114583 0.268519
15 0.247917 0.716667 0.120312 0.023333
80 0.195833 0.744444 0.025000 0.044444
45 0.220833 0.744444 0.025000 0.044444
337 0.808333 0.725000 0.025000 0.044444
151 0.833333 0.725000 0.025000 0.044444
299 0.858333 0.725000 0.025000 0.044444
47 0.850000 0.615741 0.093750 0.129630
20 0.850000 0.697222 0.098437 0.023333
48 0.850000 0.521296 0.038333 0.068148
416 0.540625 0.739815 0.025000 0.044444
122 0.565625 0.739815 0.025000 0.044444
240 0.590625 0.739815 0.025000 0.044444
153 0.615625 0.739815 0.025000 0.044444
446 0.652604 0.551852 0.234375 0.287037
20 0.652604 0.712037 0.246094 0.023333
48 0.652604 0.378704 0.038333 0.068148
