223 0.500000 0.925926 0.117188 0.291667
33 0.033333 0.094444 0.037500 0.066667
173 0.070833 0.094444 0.037500 0.066667
110 0.108333 0.094444 0.037500 0.066667
93 0.145833 0.094444 0.037500 0.066667
336 0.334375 0.027778 0.033333 0.059259
185 0.363542 0.027778 0.033333 0.059259
13 0.392708 0.027778 0.033333 0.059259
13 0.421875 0.027778 0.033333 0.059259
13 0.451042 0.027778 0.033333 0.059259
14 0.247917 0.565741 0.114583 0.268519
15 0.247917 0.716667 0.120312 0.023333
73 0.195833 0.744444 0.025000 0.044444
177 0.611979 0.740741 0.025000 0.044444
139 0.636979 0.740741 0.025000 0.044444
74 0.661979 0.740741 0.025000 0.044444
81 0.645833 0.626852 0.078125 0.138889
20 0.645833 0.712963 0.082031 0.023333
82 0.645833 0.527778 0.038333 0.068148
328 0.726042 0.729630 0.025000 0.044444
270 0.751042 0.729630 0.025000 0.044444
79 0.776042 0.729630 0.025000 0.044444
282 0.844792 0.495370 0.247917 0.379630
20 0.844792 0.701852 0.260312 0.023333
592 0.844792 0.275926 0.038333 0.068148
