585 0.270312 0.986111 0.149899 0.329824
654 0.357812 0.949074 0.137609 0.316375
22 0.452969 0.925926 0.124215 0.300456
576 0.547031 0.925926 0.124152 0.300376
459 0.642187 0.949074 0.137546 0.316296
489 0.729688 0.986111 0.149838 0.329746
32 0.033333 0.094444 0.037500 0.066667
37 0.070833 0.094444 0.037500 0.066667
184 0.108333 0.094444 0.037500 0.066667
35 0.145833 0.094444 0.037500 0.066667
66 0.183333 0.094444 0.037500 0.066667
36 0.220833 0.094444 0.037500 0.066667
36 0.258333 0.094444 0.037500 0.066667
199 0.295833 0.094444 0.037500 0.066667
143 0.334375 0.027778 0.033333 0.059259
111 0.363542 0.027778 0.033333 0.059259
13 0.392708 0.027778 0.033333 0.059259
13 0.421875 0.027778 0.033333 0.059259
13 0.451042 0.027778 0.033333 0.059259
14 0.247917 0.565741 0.114583 0.268519
15 0.247917 0.716667 0.120312 0.023333
273 0.195833 0.744444 0.025000 0.044444
256 0.220833 0.744444 0.025000 0.044444
204 0.245833 0.744444 0.025000 0.044444
103 0.587500 0.729630 0.025000 0.044444
483 0.612500 0.729630 0.025000 0.044444
124 0.637500 0.729630 0.025000 0.044444
166 0.650000 0.606481 0.135417 0.157407
20 0.650000 0.701852 0.142188 0.023333
167 0.650000 0.498148 0.038333 0.068148
80 0.348437 0.738889 0.025000 0.044444
169 0.413542 0.518519 0.140625 0.351852
20 0.413542 0.711111 0.147656 0.023333
48 0.397917 0.312963 0.038333 0.068148
46 0.758854 0.748148 0.025000 0.044444
176 0.783854 0.748148 0.025000 0.044444
122 0.808854 0.748148 0.025000 0.044444
138 0.833854 0.748148 0.025000 0.044444
470 0.834375 0.562500 0.161458 0.282407
20 0.834375 0.720370 0.169531 0.023333
48 0.834375 0.391667 0.038333 0.068148
