467 0.500000 0.925926 0.117188 0.291667
107 0.033333 0.094444 0.037500 0.066667
199 0.070833 0.094444 0.037500 0.066667
186 0.334375 0.027778 0.033333 0.059259
324 0.363542 0.027778 0.033333 0.059259
324 0.392708 0.027778 0.033333 0.059259
39 0.421875 0.027778 0.033333 0.059259
68 0.451042 0.027778 0.033333 0.059259
14 0.247917 0.565741 0.114583 0.268519
15 0.247917 0.716667 0.120312 0.023333
222 0.195833 0.744444 0.025000 0.044444
481 0.220833 0.744444 0.025000 0.044444
204 0.819271 0.750926 0.025000 0.044444
138 0.844271 0.750926 0.025000 0.044444
257 0.847917 0.616667 0.067708 0.179630
20 0.847917 0.723148 0.071094 0.023333
48 0.847917 0.497222 0.038333 0.068148
