195 0.448594 0.925926 0.124215 0.300456
272 0.557969 0.925926 0.124152 0.300376
80 0.033333 0.094444 0.037500 0.066667
23 0.334375 0.027778 0.033333 0.059259
253 0.363542 0.027778 0.033333 0.059259
22 0.392708 0.027778 0.033333 0.059259
52 0.421875 0.027778 0.033333 0.059259
24 0.451042 0.027778 0.033333 0.059259
25 0.247917 0.565741 0.114583 0.268519
26 0.247917 0.716667 0.120312 0.023333
34 0.195833 0.744444 0.025000 0.044444
174 0.220833 0.744444 0.025000 0.044444
273 0.245833 0.744444 0.025000 0.044444
274 0.270833 0.744444 0.025000 0.044444
275 0.784896 0.641667 0.025000 0.044444
276 0.857813 0.416667 0.156250 0.361111
32 0.857813 0.613889 0.164063 0.023333
228 0.857813 0.206481 0.038333 0.068148
