26 0.351250 0.960648 0.137609 0.316375
288 0.449688 0.935185 0.124215 0.300456
585 0.550312 0.935185 0.124152 0.300376
389 0.648750 0.960648 0.137546 0.316296
131 0.033333 0.094444 0.037500 0.066667
336 0.334375 0.027778 0.033333 0.059259
12 0.363542 0.027778 0.033333 0.059259
303 0.392708 0.027778 0.033333 0.059259
272 0.421875 0.027778 0.033333 0.059259
68 0.451042 0.027778 0.033333 0.059259
14 0.247917 0.565741 0.114583 0.268519
15 0.247917 0.716667 0.120312 0.023333
295 0.195833 0.744444 0.025000 0.044444
117 0.410937 0.698223 0.025000 0.044444
448 0.450000 0.593594 0.088542 0.120370
20 0.450000 0.670445 0.092969 0.023333
82 0.450000 0.503779 0.038333 0.068148
201 0.758854 0.748148 0.025000 0.044444
18 0.783854 0.748148 0.025000 0.044444
326 0.808854 0.748148 0.025000 0.044444
470 0.834375 0.562500 0.161458 0.282407
20 0.834375 0.720370 0.169531 0.023333
48 0.834375 0.391667 0.038333 0.068148
435 0.551042 0.743519 0.025000 0.044444
338 0.650000 0.509259 0.208333 0.379630
20 0.650000 0.715741 0.218750 0.023333
48 0.650000 0.289815 0.038333 0.068148
