645 0.226563 1.000000 0.153046 0.323776
651 0.300938 0.968750 0.142404 0.313332
127 0.379687 0.943287 0.130728 0.300556
248 0.458438 0.925926 0.118005 0.285433
489 0.541562 0.925926 0.117945 0.285357
181 0.620313 0.943287 0.130669 0.300481
285 0.693594 0.968750 0.142346 0.313258
484 0.773438 1.000000 0.152989 0.323704
199 0.033333 0.094444 0.037500 0.066667
31 0.070833 0.094444 0.037500 0.066667
199 0.108333 0.094444 0.037500 0.066667
163 0.145833 0.094444 0.037500 0.066667
38 0.183333 0.094444 0.037500 0.066667
5 0.220833 0.094444 0.037500 0.066667
129 0.258333 0.094444 0.037500 0.066667
32 0.295833 0.094444 0.037500 0.066667
36 0.333333 0.094444 0.037500 0.066667
163 0.370833 0.094444 0.037500 0.066667
130 0.408333 0.094444 0.037500 0.066667
94 0.445833 0.094444 0.037500 0.066667
145 0.334375 0.027778 0.033333 0.059259
238 0.363542 0.027778 0.033333 0.059259
13 0.392708 0.027778 0.033333 0.059259
13 0.421875 0.027778 0.033333 0.059259
13 0.451042 0.027778 0.033333 0.059259
14 0.247917 0.565741 0.114583 0.268519
15 0.247917 0.716667 0.120312 0.023333
153 0.195833 0.744444 0.025000 0.044444
414 0.220833 0.744444 0.025000 0.044444
264 0.245833 0.744444 0.025000 0.044444
415 0.270833 0.744444 0.025000 0.044444
401 0.758854 0.748148 0.025000 0.044444
69 0.783854 0.748148 0.025000 0.044444
116 0.808854 0.748148 0.025000 0.044444
470 0.834375 0.562500 0.161458 0.282407
20 0.834375 0.720370 0.169531 0.023333
170 0.834375 0.391667 0.038333 0.068148
