572 0.448594 0.925926 0.124215 0.300456
649 0.557969 0.925926 0.124152 0.300376
4 0.033333 0.094444 0.037500 0.066667
36 0.070833 0.094444 0.037500 0.066667
40 0.334375 0.027778 0.033333 0.059259
185 0.363542 0.027778 0.033333 0.059259
143 0.392708 0.027778 0.033333 0.059259
13 0.421875 0.027778 0.033333 0.059259
13 0.451042 0.027778 0.033333 0.059259
14 0.247917 0.565741 0.114583 0.268519
15 0.247917 0.716667 0.120312 0.023333
447 0.195833 0.744444 0.025000 0.044444
357 0.220833 0.744444 0.025000 0.044444
176 0.245833 0.744444 0.025000 0.044444
116 0.270833 0.744444 0.025000 0.044444
296 0.408333 0.711111 0.025000 0.044444
227 0.433333 0.711111 0.025000 0.044444
220 0.458333 0.711111 0.025000 0.044444
206 0.450000 0.523148 0.093750 0.287037
20 0.450000 0.683333 0.098437 0.023333
82 0.450000 0.350000 0.038333 0.068148
46 0.597917 0.737037 0.025000 0.044444
426 0.644792 0.562963 0.104167 0.259259
20 0.644792 0.709259 0.109375 0.023333
170 0.644792 0.403704 0.038333 0.068148
52 0.751042 0.743519 0.025000 0.044444
296 0.776042 0.743519 0.025000 0.044444
338 0.850000 0.509259 0.208333 0.379630
20 0.850000 0.715741 0.218750 0.023333
48 0.850000 0.289815 0.038333 0.068148
