418 0.448594 0.925926 0.124215 0.300456
364 0.557969 0.925926 0.124152 0.300376
94 0.033333 0.094444 0.037500 0.066667
130 0.070833 0.094444 0.037500 0.066667
34 0.108333 0.094444 0.037500 0.066667
173 0.145833 0.094444 0.037500 0.066667
130 0.183333 0.094444 0.037500 0.066667
67 0.220833 0.094444 0.037500 0.066667
64 0.258333 0.094444 0.037500 0.066667
94 0.295833 0.094444 0.037500 0.066667
8 0.333333 0.094444 0.037500 0.066667
130 0.370833 0.094444 0.037500 0.066667
35 0.408333 0.094444 0.037500 0.066667
34 0.445833 0.094444 0.037500 0.066667
133 0.334375 0.027778 0.033333 0.059259
12 0.363542 0.027778 0.033333 0.059259
238 0.392708 0.027778 0.033333 0.059259
13 0.421875 0.027778 0.033333 0.059259
13 0.451042 0.027778 0.033333 0.059259
14 0.247917 0.565741 0.114583 0.268519
15 0.247917 0.716667 0.120312 0.023333
80 0.195833 0.744444 0.025000 0.044444
264 0.220833 0.744444 0.025000 0.044444
390 0.245833 0.744444 0.025000 0.044444
155 0.787500 0.720370 0.025000 0.044444
305 0.812500 0.720370 0.025000 0.044444
330 0.850000 0.583333 0.135417 0.185185
20 0.850000 0.692593 0.142188 0.023333
48 0.850000 0.461111 0.038333 0.068148
