197 0.351250 0.960648 0.137609 0.316375
596 0.449688 0.935185 0.124215 0.300456
657 0.550312 0.935185 0.124152 0.300376
359 0.648750 0.960648 0.137546 0.316296
8 0.033333 0.094444 0.037500 0.066667
130 0.070833 0.094444 0.037500 0.066667
184 0.108333 0.094444 0.037500 0.066667
8 0.145833 0.094444 0.037500 0.066667
355 0.334375 0.027778 0.033333 0.059259
200 0.363542 0.027778 0.033333 0.059259
381 0.392708 0.027778 0.033333 0.059259
40 0.421875 0.027778 0.033333 0.059259
39 0.451042 0.027778 0.033333 0.059259
14 0.247917 0.565741 0.114583 0.268519
15 0.247917 0.716667 0.120312 0.023333
54 0.195833 0.744444 0.025000 0.044444
42 0.220833 0.744444 0.025000 0.044444
52 0.245833 0.744444 0.025000 0.044444
75 0.270833 0.744444 0.025000 0.044444
77 0.621354 0.724074 0.025000 0.044444
414 0.646354 0.724074 0.025000 0.044444
357 0.671354 0.724074 0.025000 0.044444
260 0.650000 0.633333 0.067708 0.092593
20 0.650000 0.696296 0.071094 0.023333
48 0.650000 0.557407 0.038333 0.068148
220 0.726042 0.729630 0.025000 0.044444
189 0.751042 0.729630 0.025000 0.044444
337 0.776042 0.729630 0.025000 0.044444
74 0.801042 0.729630 0.025000 0.044444
282 0.844792 0.495370 0.247917 0.379630
20 0.844792 0.701852 0.260312 0.023333
48 0.844792 0.275926 0.038333 0.068148
