488 0.237500 1.000000 0.155649 0.335641
588 0.314063 0.968783 0.143917 0.323435
433 0.401563 0.945767 0.131037 0.308710
588 0.500000 0.931481 0.117188 0.291667
547 0.598437 0.945767 0.130975 0.308631
218 0.685938 0.968783 0.143855 0.323357
442 0.762500 1.000000 0.155588 0.335564
37 0.033333 0.094444 0.037500 0.066667
110 0.070833 0.094444 0.037500 0.066667
92 0.108333 0.094444 0.037500 0.066667
37 0.145833 0.094444 0.037500 0.066667
5 0.183333 0.094444 0.037500 0.066667
131 0.220833 0.094444 0.037500 0.066667
131 0.258333 0.094444 0.037500 0.066667
33 0.295833 0.094444 0.037500 0.066667
8 0.333333 0.094444 0.037500 0.066667
109 0.370833 0.094444 0.037500 0.066667
4 0.408333 0.094444 0.037500 0.066667
38 0.445833 0.094444 0.037500 0.066667
35 0.483333 0.094444 0.037500 0.066667
132 0.520833 0.094444 0.037500 0.066667
35 0.558333 0.094444 0.037500 0.066667
108 0.595833 0.094444 0.037500 0.066667
184 0.633333 0.094444 0.037500 0.066667
108 0.670833 0.094444 0.037500 0.066667
7 0.708333 0.094444 0.037500 0.066667
34 0.745833 0.094444 0.037500 0.066667
11 0.334375 0.027778 0.033333 0.059259
336 0.363542 0.027778 0.033333 0.059259
255 0.392708 0.027778 0.033333 0.059259
381 0.421875 0.027778 0.033333 0.059259
13 0.451042 0.027778 0.033333 0.059259
14 0.247917 0.565741 0.114583 0.268519
15 0.247917 0.716667 0.120312 0.023333
447 0.195833 0.744444 0.025000 0.044444
205 0.220833 0.744444 0.025000 0.044444
51 0.245833 0.744444 0.025000 0.044444
50 0.270833 0.744444 0.025000 0.044444
18 0.611979 0.740741 0.025000 0.044444
116 0.636979 0.740741 0.025000 0.044444
134 0.661979 0.740741 0.025000 0.044444
75 0.686979 0.740741 0.025000 0.044444
81 0.645833 0.626852 0.078125 0.138889
20 0.645833 0.712963 0.082031 0.023333
82 0.645833 0.527778 0.038333 0.068148
455 0.740625 0.739815 0.025000 0.044444
256 0.765625 0.739815 0.025000 0.044444
239 0.790625 0.739815 0.025000 0.044444
369 0.815625 0.739815 0.025000 0.044444
446 0.852604 0.551852 0.234375 0.287037
20 0.852604 0.712037 0.246094 0.023333
170 0.852604 0.378704 0.038333 0.068148
120 0.356250 0.734259 0.025000 0.044444
125 0.450000 0.555556 0.197917 0.268519
20 0.450000 0.706481 0.207812 0.023333
216 0.450000 0.391667 0.038333 0.068148
