581 0.351250 0.960648 0.137609 0.316375
495 0.449688 0.935185 0.124215 0.300456
345 0.550312 0.935185 0.124152 0.300376
393 0.648750 0.960648 0.137546 0.316296
107 0.033333 0.094444 0.037500 0.066667
65 0.070833 0.094444 0.037500 0.066667
66 0.108333 0.094444 0.037500 0.066667
94 0.145833 0.094444 0.037500 0.066667
109 0.183333 0.094444 0.037500 0.066667
37 0.220833 0.094444 0.037500 0.066667
34 0.258333 0.094444 0.037500 0.066667
92 0.295833 0.094444 0.037500 0.066667
67 0.333333 0.094444 0.037500 0.066667
64 0.370833 0.094444 0.037500 0.066667
6 0.408333 0.094444 0.037500 0.066667
36 0.445833 0.094444 0.037500 0.066667
37 0.483333 0.094444 0.037500 0.066667
173 0.520833 0.094444 0.037500 0.066667
109 0.558333 0.094444 0.037500 0.066667
8 0.595833 0.094444 0.037500 0.066667
199 0.633333 0.094444 0.037500 0.066667
96 0.334375 0.027778 0.033333 0.059259
186 0.363542 0.027778 0.033333 0.059259
255 0.392708 0.027778 0.033333 0.059259
10 0.421875 0.027778 0.033333 0.059259
13 0.451042 0.027778 0.033333 0.059259
14 0.247917 0.565741 0.114583 0.268519
15 0.247917 0.716667 0.120312 0.023333
147 0.195833 0.744444 0.025000 0.044444
155 0.220833 0.744444 0.025000 0.044444
44 0.408333 0.711111 0.025000 0.044444
259 0.433333 0.711111 0.025000 0.044444
47 0.450000 0.601852 0.093750 0.129630
20 0.450000 0.683333 0.098437 0.023333
82 0.450000 0.507407 0.038333 0.068148
328 0.735417 0.729630 0.025000 0.044444
208 0.850000 0.546296 0.239583 0.277778
20 0.850000 0.701852 0.251562 0.023333
48 0.850000 0.377778 0.038333 0.068148
454 0.556250 0.734259 0.025000 0.044444
241 0.581250 0.734259 0.025000 0.044444
125 0.650000 0.555556 0.197917 0.268519
20 0.650000 0.706481 0.207812 0.023333
170 0.650000 0.391667 0.038333 0.068148
