321 0.237500 1.000000 0.155649 0.335641
395 0.314063 0.968783 0.143917 0.323435
393 0.401563 0.945767 0.131037 0.308710
626 0.500000 0.931481 0.117188 0.291667
409 0.598437 0.945767 0.130975 0.308631
232 0.685938 0.968783 0.143855 0.323357
346 0.762500 1.000000 0.155588 0.335564
30 0.033333 0.094444 0.037500 0.066667
66 0.070833 0.094444 0.037500 0.066667
304 0.334375 0.027778 0.033333 0.059259
145 0.363542 0.027778 0.033333 0.059259
12 0.392708 0.027778 0.033333 0.059259
13 0.421875 0.027778 0.033333 0.059259
13 0.451042 0.027778 0.033333 0.059259
14 0.247917 0.565741 0.114583 0.268519
15 0.247917 0.716667 0.120312 0.023333
293 0.195833 0.744444 0.025000 0.044444
42 0.410937 0.720681 0.025000 0.044444
134 0.435937 0.720681 0.025000 0.044444
101 0.460938 0.720681 0.025000 0.044444
608 0.450000 0.616052 0.088542 0.120370
20 0.450000 0.692903 0.092969 0.023333
170 0.450000 0.526237 0.038333 0.068148
469 0.792708 0.645113 0.025000 0.044444
188 0.817708 0.645113 0.025000 0.044444
306 0.842708 0.645113 0.025000 0.044444
314 0.867708 0.645113 0.025000 0.044444
140 0.850000 0.517335 0.125000 0.166667
20 0.850000 0.617335 0.131250 0.023333
216 0.850000 0.404372 0.038333 0.068148
176 0.582292 0.720370 0.025000 0.044444
274 0.607292 0.720370 0.025000 0.044444
601 0.650000 0.546296 0.145833 0.259259
20 0.650000 0.692593 0.153125 0.023333
167 0.650000 0.387037 0.038333 0.068148
