194 0.500000 0.925926 0.117188 0.291667
31 0.033333 0.094444 0.037500 0.066667
238 0.334375 0.027778 0.033333 0.059259
214 0.363542 0.027778 0.033333 0.059259
11 0.392708 0.027778 0.033333 0.059259
290 0.421875 0.027778 0.033333 0.059259
13 0.451042 0.027778 0.033333 0.059259
14 0.247917 0.565741 0.114583 0.268519
15 0.247917 0.716667 0.120312 0.023333
17 0.195833 0.744444 0.025000 0.044444
203 0.558854 0.748148 0.025000 0.044444
256 0.583854 0.748148 0.025000 0.044444
425 0.608854 0.748148 0.025000 0.044444
259 0.633854 0.748148 0.025000 0.044444
470 0.634375 0.562500 0.161458 0.282407
20 0.634375 0.720370 0.169531 0.023333
170 0.634375 0.391667 0.038333 0.068148
258 0.784896 0.641667 0.025000 0.044444
325 0.809896 0.641667 0.025000 0.044444
56 0.834896 0.641667 0.025000 0.044444
378 0.859896 0.641667 0.025000 0.044444
157 0.857813 0.416667 0.156250 0.361111
20 0.857813 0.613889 0.164063 0.023333
158 0.857813 0.206481 0.038333 0.068148
178 0.353646 0.729630 0.025000 0.044444
256 0.378646 0.729630 0.025000 0.044444
383 0.450000 0.504630 0.203125 0.361111
20 0.450000 0.701852 0.213281 0.023333
216 0.450000 0.294444 0.038333 0.068148
