501 0.500000 0.925926 0.117188 0.291667
37 0.033333 0.094444 0.037500 0.066667
108 0.070833 0.094444 0.037500 0.066667
35 0.108333 0.094444 0.037500 0.066667
110 0.145833 0.094444 0.037500 0.066667
199 0.183333 0.094444 0.037500 0.066667
37 0.220833 0.094444 0.037500 0.066667
32 0.258333 0.094444 0.037500 0.066667
29 0.295833 0.094444 0.037500 0.066667
92 0.333333 0.094444 0.037500 0.066667
8 0.370833 0.094444 0.037500 0.066667
94 0.408333 0.094444 0.037500 0.066667
35 0.445833 0.094444 0.037500 0.066667
199 0.483333 0.094444 0.037500 0.066667
66 0.520833 0.094444 0.037500 0.066667
7 0.558333 0.094444 0.037500 0.066667
32 0.595833 0.094444 0.037500 0.066667
6 0.633333 0.094444 0.037500 0.066667
30 0.670833 0.094444 0.037500 0.066667
111 0.334375 0.027778 0.033333 0.059259
290 0.363542 0.027778 0.033333 0.059259
13 0.392708 0.027778 0.033333 0.059259
13 0.421875 0.027778 0.033333 0.059259
13 0.451042 0.027778 0.033333 0.059259
14 0.247917 0.565741 0.114583 0.268519
15 0.247917 0.716667 0.120312 0.023333
307 0.195833 0.744444 0.025000 0.044444
325 0.782812 0.734259 0.025000 0.044444
17 0.807813 0.734259 0.025000 0.044444
205 0.832812 0.734259 0.025000 0.044444
485 0.842708 0.537037 0.130208 0.305556
20 0.842708 0.706481 0.136719 0.023333
48 0.842708 0.354630 0.038333 0.068148
