648 0.182812 1.000000 0.145411 0.296825
610 0.237500 0.976852 0.136936 0.289694
571 0.303125 0.951852 0.127414 0.280350
478 0.379687 0.928704 0.116968 0.268919
515 0.456250 0.921296 0.105583 0.255387
463 0.543750 0.921296 0.105530 0.255319
349 0.620313 0.928704 0.116914 0.268851
495 0.696875 0.951852 0.127362 0.280284
513 0.762500 0.976852 0.136885 0.289630
320 0.817187 1.000000 0.145376 0.296799
64 0.033333 0.094444 0.037500 0.066667
28 0.070833 0.094444 0.037500 0.066667
163 0.108333 0.094444 0.037500 0.066667
184 0.145833 0.094444 0.037500 0.066667
35 0.183333 0.094444 0.037500 0.066667
184 0.220833 0.094444 0.037500 0.066667
34 0.258333 0.094444 0.037500 0.066667
38 0.295833 0.094444 0.037500 0.066667
93 0.333333 0.094444 0.037500 0.066667
107 0.370833 0.094444 0.037500 0.066667
184 0.408333 0.094444 0.037500 0.066667
5 0.445833 0.094444 0.037500 0.066667
31 0.483333 0.094444 0.037500 0.066667
304 0.334375 0.027778 0.033333 0.059259
185 0.363542 0.027778 0.033333 0.059259
381 0.392708 0.027778 0.033333 0.059259
13 0.421875 0.027778 0.033333 0.059259
13 0.451042 0.027778 0.033333 0.059259
14 0.247917 0.565741 0.114583 0.268519
15 0.247917 0.716667 0.120312 0.023333
101 0.195833 0.744444 0.025000 0.044444
401 0.410937 0.698223 0.025000 0.044444
152 0.435937 0.698223 0.025000 0.044444
44 0.460938 0.698223 0.025000 0.044444
448 0.450000 0.593594 0.088542 0.120370
20 0.450000 0.670445 0.092969 0.023333
48 0.450000 0.503779 0.038333 0.068148
402 0.821354 0.731481 0.025000 0.044444
201 0.846354 0.731481 0.025000 0.044444
105 0.850000 0.640741 0.067708 0.092593
20 0.850000 0.703704 0.071094 0.023333
82 0.850000 0.564815 0.038333 0.068148
293 0.558854 0.748148 0.025000 0.044444
470 0.634375 0.562500 0.161458 0.282407
20 0.634375 0.720370 0.169531 0.023333
170 0.634375 0.391667 0.038333 0.068148
