641 0.270312 0.986111 0.149899 0.329824
503 0.357812 0.949074 0.137609 0.316375
162 0.452969 0.925926 0.124215 0.300456
623 0.547031 0.925926 0.124152 0.300376
473 0.642187 0.949074 0.137546 0.316296
183 0.729688 0.986111 0.149838 0.329746
33 0.033333 0.094444 0.037500 0.066667
33 0.070833 0.094444 0.037500 0.066667
29 0.108333 0.094444 0.037500 0.066667
67 0.145833 0.094444 0.037500 0.066667
130 0.183333 0.094444 0.037500 0.066667
214 0.334375 0.027778 0.033333 0.059259
144 0.363542 0.027778 0.033333 0.059259
68 0.392708 0.027778 0.033333 0.059259
13 0.421875 0.027778 0.033333 0.059259
13 0.451042 0.027778 0.033333 0.059259
14 0.247917 0.565741 0.114583 0.268519
15 0.247917 0.716667 0.120312 0.023333
454 0.195833 0.744444 0.025000 0.044444
416 0.220833 0.744444 0.025000 0.044444
328 0.245833 0.744444 0.025000 0.044444
103 0.805729 0.738889 0.025000 0.044444
369 0.830729 0.738889 0.025000 0.044444
148 0.855729 0.738889 0.025000 0.044444
455 0.880729 0.738889 0.025000 0.044444
329 0.847396 0.564815 0.093750 0.259259
20 0.847396 0.711111 0.098437 0.023333
21 0.847396 0.405556 0.038333 0.068148
118 0.611979 0.740741 0.025000 0.044444
138 0.636979 0.740741 0.025000 0.044444
454 0.661979 0.740741 0.025000 0.044444
367 0.686979 0.740741 0.025000 0.044444
81 0.645833 0.626852 0.078125 0.138889
20 0.645833 0.712963 0.082031 0.023333
82 0.645833 0.527778 0.038333 0.068148
