562 0.314063 0.986111 0.143917 0.323435
248 0.401563 0.953704 0.131037 0.308710
432 0.500000 0.935185 0.117188 0.291667
309 0.598437 0.953704 0.130975 0.308631
253 0.685938 0.986111 0.143855 0.323357
130 0.033333 0.094444 0.037500 0.066667
199 0.070833 0.094444 0.037500 0.066667
66 0.108333 0.094444 0.037500 0.066667
110 0.145833 0.094444 0.037500 0.066667
31 0.183333 0.094444 0.037500 0.066667
131 0.220833 0.094444 0.037500 0.066667
8 0.258333 0.094444 0.037500 0.066667
94 0.295833 0.094444 0.037500 0.066667
30 0.333333 0.094444 0.037500 0.066667
67 0.370833 0.094444 0.037500 0.066667
33 0.408333 0.094444 0.037500 0.066667
132 0.445833 0.094444 0.037500 0.066667
129 0.483333 0.094444 0.037500 0.066667
65 0.520833 0.094444 0.037500 0.066667
35 0.558333 0.094444 0.037500 0.066667
108 0.595833 0.094444 0.037500 0.066667
28 0.633333 0.094444 0.037500 0.066667
93 0.670833 0.094444 0.037500 0.066667
186 0.334375 0.027778 0.033333 0.059259
185 0.363542 0.027778 0.033333 0.059259
174 0.392708 0.027778 0.033333 0.059259
381 0.421875 0.027778 0.033333 0.059259
95 0.451042 0.027778 0.033333 0.059259
14 0.247917 0.565741 0.114583 0.268519
15 0.247917 0.716667 0.120312 0.023333
205 0.195833 0.744444 0.025000 0.044444
151 0.410937 0.729630 0.025000 0.044444
115 0.435937 0.729630 0.025000 0.044444
405 0.450000 0.578704 0.088542 0.212963
20 0.450000 0.701852 0.092969 0.023333
48 0.450000 0.442593 0.038333 0.068148
115 0.821354 0.731481 0.025000 0.044444
204 0.846354 0.731481 0.025000 0.044444
274 0.871354 0.731481 0.025000 0.044444
105 0.850000 0.640741 0.067708 0.092593
20 0.850000 0.703704 0.071094 0.023333
82 0.850000 0.564815 0.038333 0.068148
51 0.526042 0.729630 0.025000 0.044444
122 0.551042 0.729630 0.025000 0.044444
390 0.576042 0.729630 0.025000 0.044444
282 0.644792 0.495370 0.247917 0.379630
20 0.644792 0.701852 0.260312 0.023333
170 0.644792 0.275926 0.038333 0.068148
