316 0.351250 0.960648 0.137609 0.316375
370 0.449688 0.935185 0.124215 0.300456
90 0.550312 0.935185 0.124152 0.300376
213 0.648750 0.960648 0.137546 0.316296
6 0.033333 0.094444 0.037500 0.066667
199 0.070833 0.094444 0.037500 0.066667
29 0.108333 0.094444 0.037500 0.066667
5 0.145833 0.094444 0.037500 0.066667
173 0.183333 0.094444 0.037500 0.066667
132 0.220833 0.094444 0.037500 0.066667
145 0.334375 0.027778 0.033333 0.059259
355 0.363542 0.027778 0.033333 0.059259
68 0.392708 0.027778 0.033333 0.059259
13 0.421875 0.027778 0.033333 0.059259
13 0.451042 0.027778 0.033333 0.059259
14 0.247917 0.565741 0.114583 0.268519
15 0.247917 0.716667 0.120312 0.023333
454 0.195833 0.744444 0.025000 0.044444
119 0.777083 0.729630 0.025000 0.044444
269 0.802083 0.729630 0.025000 0.044444
114 0.827083 0.729630 0.025000 0.044444
464 0.850000 0.601852 0.156250 0.166667
20 0.850000 0.701852 0.164063 0.023333
82 0.850000 0.488889 0.038333 0.068148
416 0.384896 0.738889 0.025000 0.044444
306 0.409896 0.738889 0.025000 0.044444
53 0.450000 0.509259 0.140625 0.370370
20 0.450000 0.711111 0.147656 0.023333
48 0.450000 0.294444 0.038333 0.068148
273 0.553646 0.729630 0.025000 0.044444
383 0.650000 0.504630 0.203125 0.361111
20 0.650000 0.701852 0.213281 0.023333
216 0.650000 0.294444 0.038333 0.068148
