490 0.314063 0.986111 0.143917 0.323435
317 0.401563 0.953704 0.131037 0.308710
193 0.500000 0.935185 0.117188 0.291667
365 0.598437 0.953704 0.130975 0.308631
2 0.685938 0.986111 0.143855 0.323357
65 0.033333 0.094444 0.037500 0.066667
131 0.070833 0.094444 0.037500 0.066667
163 0.108333 0.094444 0.037500 0.066667
145 0.334375 0.027778 0.033333 0.059259
96 0.363542 0.027778 0.033333 0.059259
355 0.392708 0.027778 0.033333 0.059259
336 0.421875 0.027778 0.033333 0.059259
143 0.451042 0.027778 0.033333 0.059259
14 0.247917 0.565741 0.114583 0.268519
15 0.247917 0.716667 0.120312 0.023333
406 0.195833 0.744444 0.025000 0.044444
414 0.220833 0.744444 0.025000 0.044444
70 0.245833 0.744444 0.025000 0.044444
371 0.270833 0.744444 0.025000 0.044444
524 0.571875 0.734259 0.025000 0.044444
149 0.650000 0.587963 0.166667 0.203704
20 0.650000 0.706481 0.175000 0.023333
150 0.650000 0.456481 0.038333 0.068148
292 0.351042 0.731481 0.025000 0.044444
151 0.376042 0.731481 0.025000 0.044444
97 0.401042 0.731481 0.025000 0.044444
220 0.426042 0.731481 0.025000 0.044444
19 0.450000 0.525000 0.208333 0.324074
20 0.450000 0.703704 0.218750 0.023333
21 0.450000 0.333333 0.038333 0.068148
325 0.784896 0.641667 0.025000 0.044444
483 0.809896 0.641667 0.025000 0.044444
55 0.834896 0.641667 0.025000 0.044444
157 0.857813 0.416667 0.156250 0.361111
20 0.857813 0.613889 0.164063 0.023333
158 0.857813 0.206481 0.038333 0.068148
