433 0.448594 0.925926 0.124215 0.300456
515 0.557969 0.925926 0.124152 0.300376
35 0.033333 0.094444 0.037500 0.066667
91 0.070833 0.094444 0.037500 0.066667
130 0.108333 0.094444 0.037500 0.066667
30 0.145833 0.094444 0.037500 0.066667
91 0.183333 0.094444 0.037500 0.066667
65 0.220833 0.094444 0.037500 0.066667
92 0.258333 0.094444 0.037500 0.066667
36 0.295833 0.094444 0.037500 0.066667
31 0.333333 0.094444 0.037500 0.066667
132 0.370833 0.094444 0.037500 0.066667
109 0.408333 0.094444 0.037500 0.066667
93 0.445833 0.094444 0.037500 0.066667
7 0.483333 0.094444 0.037500 0.066667
173 0.520833 0.094444 0.037500 0.066667
64 0.558333 0.094444 0.037500 0.066667
38 0.595833 0.094444 0.037500 0.066667
30 0.633333 0.094444 0.037500 0.066667
66 0.670833 0.094444 0.037500 0.066667
4 0.708333 0.094444 0.037500 0.066667
35 0.745833 0.094444 0.037500 0.066667
238 0.334375 0.027778 0.033333 0.059259
143 0.363542 0.027778 0.033333 0.059259
355 0.392708 0.027778 0.033333 0.059259
185 0.421875 0.027778 0.033333 0.059259
68 0.451042 0.027778 0.033333 0.059259
14 0.247917 0.565741 0.114583 0.268519
15 0.247917 0.716667 0.120312 0.023333
356 0.195833 0.744444 0.025000 0.044444
78 0.220833 0.744444 0.025000 0.044444
483 0.245833 0.744444 0.025000 0.044444
138 0.270833 0.744444 0.025000 0.044444
291 0.610937 0.729630 0.025000 0.044444
516 0.650000 0.578704 0.088542 0.212963
20 0.650000 0.701852 0.092969 0.023333
170 0.650000 0.442593 0.038333 0.068148
101 0.748438 0.738889 0.025000 0.044444
100 0.773438 0.738889 0.025000 0.044444
169 0.813542 0.518519 0.140625 0.351852
20 0.813542 0.711111 0.147656 0.023333
48 0.797917 0.312963 0.038333 0.068148
