450 0.448594 0.925926 0.124215 0.300456
635 0.557969 0.925926 0.124152 0.300376
67 0.033333 0.094444 0.037500 0.066667
108 0.070833 0.094444 0.037500 0.066667
29 0.108333 0.094444 0.037500 0.066667
32 0.145833 0.094444 0.037500 0.066667
92 0.183333 0.094444 0.037500 0.066667
131 0.220833 0.094444 0.037500 0.066667
30 0.258333 0.094444 0.037500 0.066667
163 0.295833 0.094444 0.037500 0.066667
108 0.333333 0.094444 0.037500 0.066667
36 0.370833 0.094444 0.037500 0.066667
93 0.408333 0.094444 0.037500 0.066667
173 0.445833 0.094444 0.037500 0.066667
107 0.483333 0.094444 0.037500 0.066667
35 0.520833 0.094444 0.037500 0.066667
32 0.558333 0.094444 0.037500 0.066667
29 0.595833 0.094444 0.037500 0.066667
64 0.633333 0.094444 0.037500 0.066667
34 0.670833 0.094444 0.037500 0.066667
145 0.334375 0.027778 0.033333 0.059259
133 0.363542 0.027778 0.033333 0.059259
13 0.392708 0.027778 0.033333 0.059259
13 0.421875 0.027778 0.033333 0.059259
13 0.451042 0.027778 0.033333 0.059259
14 0.247917 0.565741 0.114583 0.268519
15 0.247917 0.716667 0.120312 0.023333
164 0.195833 0.744444 0.025000 0.044444
369 0.220833 0.744444 0.025000 0.044444
481 0.808333 0.711111 0.025000 0.044444
206 0.850000 0.523148 0.093750 0.287037
20 0.850000 0.683333 0.098437 0.023333
82 0.850000 0.350000 0.038333 0.068148
