547 0.500000 0.925926 0.117188 0.291667
28 0.033333 0.094444 0.037500 0.066667
131 0.070833 0.094444 0.037500 0.066667
173 0.108333 0.094444 0.037500 0.066667
6 0.145833 0.094444 0.037500 0.066667
6 0.183333 0.094444 0.037500 0.066667
4 0.220833 0.094444 0.037500 0.066667
37 0.258333 0.094444 0.037500 0.066667
8 0.295833 0.094444 0.037500 0.066667
31 0.333333 0.094444 0.037500 0.066667
31 0.370833 0.094444 0.037500 0.066667
65 0.408333 0.094444 0.037500 0.066667
64 0.445833 0.094444 0.037500 0.066667
8 0.483333 0.094444 0.037500 0.066667
33 0.520833 0.094444 0.037500 0.066667
93 0.558333 0.094444 0.037500 0.066667
200 0.334375 0.027778 0.033333 0.059259
304 0.363542 0.027778 0.033333 0.059259
113 0.392708 0.027778 0.033333 0.059259
11 0.421875 0.027778 0.033333 0.059259
39 0.451042 0.027778 0.033333 0.059259
14 0.247917 0.565741 0.114583 0.268519
15 0.247917 0.716667 0.120312 0.023333
275 0.195833 0.744444 0.025000 0.044444
137 0.220833 0.744444 0.025000 0.044444
74 0.245833 0.744444 0.025000 0.044444
226 0.270833 0.744444 0.025000 0.044444
369 0.805729 0.738889 0.025000 0.044444
329 0.847396 0.564815 0.093750 0.259259
20 0.847396 0.711111 0.098437 0.023333
21 0.847396 0.405556 0.038333 0.068148
