506 0.237500 1.000000 0.155649 0.335641
451 0.314063 0.968783 0.143917 0.323435
0 0.401563 0.945767 0.131037 0.308710
577 0.500000 0.931481 0.117188 0.291667
1 0.598437 0.945767 0.130975 0.308631
1 0.685938 0.968783 0.143855 0.323357
318 0.762500 1.000000 0.155588 0.335564
130 0.033333 0.094444 0.037500 0.066667
92 0.070833 0.094444 0.037500 0.066667
7 0.108333 0.094444 0.037500 0.066667
8 0.145833 0.094444 0.037500 0.066667
33 0.183333 0.094444 0.037500 0.066667
184 0.220833 0.094444 0.037500 0.066667
67 0.258333 0.094444 0.037500 0.066667
66 0.295833 0.094444 0.037500 0.066667
36 0.333333 0.094444 0.037500 0.066667
30 0.370833 0.094444 0.037500 0.066667
8 0.408333 0.094444 0.037500 0.066667
32 0.445833 0.094444 0.037500 0.066667
163 0.483333 0.094444 0.037500 0.066667
173 0.520833 0.094444 0.037500 0.066667
94 0.558333 0.094444 0.037500 0.066667
64 0.595833 0.094444 0.037500 0.066667
91 0.633333 0.094444 0.037500 0.066667
28 0.670833 0.094444 0.037500 0.066667
7 0.708333 0.094444 0.037500 0.066667
68 0.334375 0.027778 0.033333 0.059259
13 0.363542 0.027778 0.033333 0.059259
13 0.392708 0.027778 0.033333 0.059259
13 0.421875 0.027778 0.033333 0.059259
13 0.451042 0.027778 0.033333 0.059259
14 0.247917 0.565741 0.114583 0.268519
15 0.247917 0.716667 0.120312 0.023333
314 0.195833 0.744444 0.025000 0.044444
241 0.756250 0.743519 0.025000 0.044444
156 0.781250 0.743519 0.025000 0.044444
45 0.806250 0.743519 0.025000 0.044444
276 0.831250 0.743519 0.025000 0.044444
297 0.870833 0.583333 0.239583 0.231481
20 0.870833 0.715741 0.251562 0.023333
48 0.870833 0.437963 0.038333 0.068148
