649 0.182812 1.000000 0.145411 0.296825
183 0.237500 0.976852 0.136936 0.289694
568 0.303125 0.951852 0.127414 0.280350
587 0.379687 0.928704 0.116968 0.268919
517 0.456250 0.921296 0.105583 0.255387
621 0.543750 0.921296 0.105530 0.255319
171 0.620313 0.928704 0.116914 0.268851
363 0.696875 0.951852 0.127362 0.280284
345 0.762500 0.976852 0.136885 0.289630
646 0.817187 1.000000 0.145376 0.296799
29 0.033333 0.094444 0.037500 0.066667
130 0.070833 0.094444 0.037500 0.066667
6 0.108333 0.094444 0.037500 0.066667
68 0.334375 0.027778 0.033333 0.059259
143 0.363542 0.027778 0.033333 0.059259
13 0.392708 0.027778 0.033333 0.059259
13 0.421875 0.027778 0.033333 0.059259
13 0.451042 0.027778 0.033333 0.059259
14 0.247917 0.565741 0.114583 0.268519
15 0.247917 0.716667 0.120312 0.023333
258 0.195833 0.744444 0.025000 0.044444
447 0.220833 0.744444 0.025000 0.044444
56 0.771875 0.734259 0.025000 0.044444
99 0.796875 0.734259 0.025000 0.044444
414 0.821875 0.734259 0.025000 0.044444
175 0.846875 0.734259 0.025000 0.044444
76 0.850000 0.495370 0.166667 0.388889
20 0.850000 0.706481 0.175000 0.023333
48 0.850000 0.271296 0.038333 0.068148
227 0.642187 0.728704 0.025000 0.044444
416 0.667188 0.728704 0.025000 0.044444
114 0.692187 0.728704 0.025000 0.044444
41 0.717188 0.728704 0.025000 0.044444
396 0.670833 0.600926 0.067708 0.166667
20 0.670833 0.700926 0.071094 0.023333
158 0.670833 0.487963 0.038333 0.068148
