404 0.182812 1.000000 0.145411 0.296825
398 0.237500 0.976852 0.136936 0.289694
626 0.303125 0.951852 0.127414 0.280350
126 0.379687 0.928704 0.116968 0.268919
595 0.456250 0.921296 0.105583 0.255387
354 0.543750 0.921296 0.105530 0.255319
494 0.620313 0.928704 0.116914 0.268851
508 0.696875 0.951852 0.127362 0.280284
25 0.762500 0.976852 0.136885 0.289630
618 0.817187 1.000000 0.145376 0.296799
108 0.033333 0.094444 0.037500 0.066667
184 0.070833 0.094444 0.037500 0.066667
28 0.108333 0.094444 0.037500 0.066667
94 0.145833 0.094444 0.037500 0.066667
94 0.183333 0.094444 0.037500 0.066667
110 0.220833 0.094444 0.037500 0.066667
66 0.258333 0.094444 0.037500 0.066667
110 0.295833 0.094444 0.037500 0.066667
5 0.333333 0.094444 0.037500 0.066667
66 0.370833 0.094444 0.037500 0.066667
92 0.408333 0.094444 0.037500 0.066667
199 0.445833 0.094444 0.037500 0.066667
7 0.483333 0.094444 0.037500 0.066667
163 0.520833 0.094444 0.037500 0.066667
5 0.558333 0.094444 0.037500 0.066667
32 0.595833 0.094444 0.037500 0.066667
184 0.633333 0.094444 0.037500 0.066667
65 0.670833 0.094444 0.037500 0.066667
67 0.708333 0.094444 0.037500 0.066667
355 0.334375 0.027778 0.033333 0.059259
95 0.363542 0.027778 0.033333 0.059259
9 0.392708 0.027778 0.033333 0.059259
13 0.421875 0.027778 0.033333 0.059259
13 0.451042 0.027778 0.033333 0.059259
14 0.247917 0.565741 0.114583 0.268519
15 0.247917 0.716667 0.120312 0.023333
136 0.195833 0.744444 0.025000 0.044444
134 0.805729 0.738889 0.025000 0.044444
401 0.830729 0.738889 0.025000 0.044444
148 0.855729 0.738889 0.025000 0.044444
220 0.880729 0.738889 0.025000 0.044444
329 0.847396 0.564815 0.093750 0.259259
20 0.847396 0.711111 0.098437 0.023333
21 0.847396 0.405556 0.038333 0.068148
