575 0.270312 0.986111 0.149899 0.329824
386 0.357812 0.949074 0.137609 0.316375
373 0.452969 0.925926 0.124215 0.300456
353 0.547031 0.925926 0.124152 0.300376
346 0.642187 0.949074 0.137546 0.316296
645 0.729688 0.986111 0.149838 0.329746
107 0.033333 0.094444 0.037500 0.066667
64 0.070833 0.094444 0.037500 0.066667
173 0.108333 0.094444 0.037500 0.066667
163 0.145833 0.094444 0.037500 0.066667
5 0.183333 0.094444 0.037500 0.066667
67 0.220833 0.094444 0.037500 0.066667
132 0.258333 0.094444 0.037500 0.066667
94 0.295833 0.094444 0.037500 0.066667
108 0.333333 0.094444 0.037500 0.066667
66 0.370833 0.094444 0.037500 0.066667
8 0.408333 0.094444 0.037500 0.066667
93 0.445833 0.094444 0.037500 0.066667
130 0.483333 0.094444 0.037500 0.066667
7 0.520833 0.094444 0.037500 0.066667
131 0.558333 0.094444 0.037500 0.066667
111 0.334375 0.027778 0.033333 0.059259
13 0.363542 0.027778 0.033333 0.059259
13 0.392708 0.027778 0.033333 0.059259
13 0.421875 0.027778 0.033333 0.059259
13 0.451042 0.027778 0.033333 0.059259
14 0.247917 0.565741 0.114583 0.268519
15 0.247917 0.716667 0.120312 0.023333
337 0.195833 0.744444 0.025000 0.044444
228 0.220833 0.744444 0.025000 0.044444
357 0.245833 0.744444 0.025000 0.044444
273 0.270833 0.744444 0.025000 0.044444
134 0.811979 0.735185 0.025000 0.044444
70 0.836979 0.735185 0.025000 0.044444
549 0.845833 0.621296 0.078125 0.138889
20 0.845833 0.707407 0.082031 0.023333
216 0.845833 0.522222 0.038333 0.068148
202 0.540625 0.739815 0.025000 0.044444
44 0.565625 0.739815 0.025000 0.044444
314 0.590625 0.739815 0.025000 0.044444
416 0.615625 0.739815 0.025000 0.044444
446 0.652604 0.551852 0.234375 0.287037
20 0.652604 0.712037 0.246094 0.023333
170 0.652604 0.378704 0.038333 0.068148
98 0.335417 0.729630 0.025000 0.044444
147 0.360417 0.729630 0.025000 0.044444
378 0.385417 0.729630 0.025000 0.044444
208 0.450000 0.546296 0.239583 0.277778
20 0.450000 0.701852 0.251562 0.023333
48 0.450000 0.377778 0.038333 0.068148
