461 0.351250 0.960648 0.137609 0.316375
534 0.449688 0.935185 0.124215 0.300456
323 0.550312 0.935185 0.124152 0.300376
410 0.648750 0.960648 0.137546 0.316296
65 0.033333 0.094444 0.037500 0.066667
8 0.070833 0.094444 0.037500 0.066667
4 0.108333 0.094444 0.037500 0.066667
108 0.145833 0.094444 0.037500 0.066667
35 0.183333 0.094444 0.037500 0.066667
32 0.220833 0.094444 0.037500 0.066667
38 0.258333 0.094444 0.037500 0.066667
9 0.334375 0.027778 0.033333 0.059259
13 0.363542 0.027778 0.033333 0.059259
13 0.392708 0.027778 0.033333 0.059259
13 0.421875 0.027778 0.033333 0.059259
13 0.451042 0.027778 0.033333 0.059259
14 0.247917 0.565741 0.114583 0.268519
15 0.247917 0.716667 0.120312 0.023333
98 0.195833 0.744444 0.025000 0.044444
44 0.220833 0.744444 0.025000 0.044444
454 0.787500 0.716667 0.025000 0.044444
16 0.812500 0.716667 0.025000 0.044444
228 0.837500 0.716667 0.025000 0.044444
348 0.850000 0.593518 0.135417 0.157407
20 0.850000 0.688889 0.142188 0.023333
48 0.850000 0.485185 0.038333 0.068148
220 0.540625 0.739815 0.025000 0.044444
414 0.565625 0.739815 0.025000 0.044444
277 0.590625 0.739815 0.025000 0.044444
292 0.615625 0.739815 0.025000 0.044444
446 0.652604 0.551852 0.234375 0.287037
20 0.652604 0.712037 0.246094 0.023333
167 0.652604 0.378704 0.038333 0.068148
