510 0.237500 1.000000 0.155649 0.335641
508 0.314063 0.968783 0.143917 0.323435
560 0.401563 0.945767 0.131037 0.308710
445 0.500000 0.931481 0.117188 0.291667
628 0.598437 0.945767 0.130975 0.308631
385 0.685938 0.968783 0.143855 0.323357
432 0.762500 1.000000 0.155588 0.335564
65 0.033333 0.094444 0.037500 0.066667
30 0.070833 0.094444 0.037500 0.066667
184 0.108333 0.094444 0.037500 0.066667
109 0.145833 0.094444 0.037500 0.066667
28 0.183333 0.094444 0.037500 0.066667
377 0.334375 0.027778 0.033333 0.059259
381 0.363542 0.027778 0.033333 0.059259
13 0.392708 0.027778 0.033333 0.059259
13 0.421875 0.027778 0.033333 0.059259
13 0.451042 0.027778 0.033333 0.059259
14 0.247917 0.565741 0.114583 0.268519
15 0.247917 0.716667 0.120312 0.023333
305 0.195833 0.744444 0.025000 0.044444
44 0.220833 0.744444 0.025000 0.044444
220 0.245833 0.744444 0.025000 0.044444
239 0.548437 0.738889 0.025000 0.044444
259 0.573438 0.738889 0.025000 0.044444
147 0.598437 0.738889 0.025000 0.044444
169 0.613542 0.518519 0.140625 0.351852
20 0.613542 0.711111 0.147656 0.023333
170 0.597917 0.312963 0.038333 0.068148
18 0.803125 0.743519 0.025000 0.044444
228 0.828125 0.743519 0.025000 0.044444
44 0.853125 0.743519 0.025000 0.044444
368 0.850000 0.555556 0.104167 0.287037
20 0.850000 0.715741 0.109375 0.023333
48 0.850000 0.382407 0.038333 0.068148
