88 0.270312 0.986111 0.149899 0.329824
493 0.357812 0.949074 0.137609 0.316375
538 0.452969 0.925926 0.124215 0.300456
651 0.547031 0.925926 0.124152 0.300376
444 0.642187 0.949074 0.137546 0.316296
586 0.729688 0.986111 0.149838 0.329746
93 0.033333 0.094444 0.037500 0.066667
34 0.070833 0.094444 0.037500 0.066667
65 0.108333 0.094444 0.037500 0.066667
109 0.145833 0.094444 0.037500 0.066667
64 0.183333 0.094444 0.037500 0.066667
199 0.220833 0.094444 0.037500 0.066667
93 0.258333 0.094444 0.037500 0.066667
35 0.295833 0.094444 0.037500 0.066667
93 0.333333 0.094444 0.037500 0.066667
37 0.370833 0.094444 0.037500 0.066667
132 0.408333 0.094444 0.037500 0.066667
64 0.445833 0.094444 0.037500 0.066667
112 0.334375 0.027778 0.033333 0.059259
10 0.363542 0.027778 0.033333 0.059259
254 0.392708 0.027778 0.033333 0.059259
13 0.421875 0.027778 0.033333 0.059259
13 0.451042 0.027778 0.033333 0.059259
14 0.247917 0.565741 0.114583 0.268519
15 0.247917 0.716667 0.120312 0.023333
435 0.195833 0.744444 0.025000 0.044444
74 0.220833 0.744444 0.025000 0.044444
406 0.810938 0.720681 0.025000 0.044444
115 0.835938 0.720681 0.025000 0.044444
608 0.850000 0.616052 0.088542 0.120370
20 0.850000 0.692903 0.092969 0.023333
82 0.850000 0.526237 0.038333 0.068148
103 0.584896 0.738889 0.025000 0.044444
240 0.609896 0.738889 0.025000 0.044444
356 0.634896 0.738889 0.025000 0.044444
53 0.650000 0.509259 0.140625 0.370370
20 0.650000 0.711111 0.147656 0.023333
331 0.650000 0.294444 0.038333 0.068148
