283 0.351250 0.960648 0.137609 0.316375
596 0.449688 0.935185 0.124215 0.300456
90 0.550312 0.935185 0.124152 0.300376
623 0.648750 0.960648 0.137546 0.316296
109 0.033333 0.094444 0.037500 0.066667
34 0.070833 0.094444 0.037500 0.066667
93 0.108333 0.094444 0.037500 0.066667
93 0.145833 0.094444 0.037500 0.066667
173 0.183333 0.094444 0.037500 0.066667
65 0.220833 0.094444 0.037500 0.066667
29 0.258333 0.094444 0.037500 0.066667
173 0.295833 0.094444 0.037500 0.066667
131 0.333333 0.094444 0.037500 0.066667
65 0.370833 0.094444 0.037500 0.066667
163 0.408333 0.094444 0.037500 0.066667
31 0.445833 0.094444 0.037500 0.066667
28 0.483333 0.094444 0.037500 0.066667
130 0.520833 0.094444 0.037500 0.066667
31 0.558333 0.094444 0.037500 0.066667
35 0.595833 0.094444 0.037500 0.066667
39 0.334375 0.027778 0.033333 0.059259
381 0.363542 0.027778 0.033333 0.059259
200 0.392708 0.027778 0.033333 0.059259
355 0.421875 0.027778 0.033333 0.059259
13 0.451042 0.027778 0.033333 0.059259
14 0.247917 0.565741 0.114583 0.268519
15 0.247917 0.716667 0.120312 0.023333
425 0.195833 0.744444 0.025000 0.044444
281 0.220833 0.744444 0.025000 0.044444
327 0.245833 0.744444 0.025000 0.044444
146 0.270833 0.744444 0.025000 0.044444
401 0.808333 0.706481 0.025000 0.044444
326 0.833333 0.706481 0.025000 0.044444
47 0.850000 0.597222 0.093750 0.129630
20 0.850000 0.678704 0.098437 0.023333
48 0.850000 0.502778 0.038333 0.068148
