475 0.270312 0.986111 0.149899 0.329824
619 0.357812 0.949074 0.137609 0.316375
332 0.452969 0.925926 0.124215 0.300456
223 0.547031 0.925926 0.124152 0.300376
288 0.642187 0.949074 0.137546 0.316296
604 0.729688 0.986111 0.149838 0.329746
163 0.033333 0.094444 0.037500 0.066667
5 0.070833 0.094444 0.037500 0.066667
30 0.108333 0.094444 0.037500 0.066667
91 0.145833 0.094444 0.037500 0.066667
129 0.183333 0.094444 0.037500 0.066667
163 0.220833 0.094444 0.037500 0.066667
30 0.258333 0.094444 0.037500 0.066667
91 0.295833 0.094444 0.037500 0.066667
38 0.333333 0.094444 0.037500 0.066667
132 0.370833 0.094444 0.037500 0.066667
131 0.408333 0.094444 0.037500 0.066667
6 0.445833 0.094444 0.037500 0.066667
31 0.483333 0.094444 0.037500 0.066667
31 0.520833 0.094444 0.037500 0.066667
8 0.558333 0.094444 0.037500 0.066667
304 0.334375 0.027778 0.033333 0.059259
9 0.363542 0.027778 0.033333 0.059259
95 0.392708 0.027778 0.033333 0.059259
13 0.421875 0.027778 0.033333 0.059259
13 0.451042 0.027778 0.033333 0.059259
14 0.247917 0.565741 0.114583 0.268519
15 0.247917 0.716667 0.120312 0.023333
425 0.195833 0.744444 0.025000 0.044444
77 0.220833 0.744444 0.025000 0.044444
73 0.245833 0.744444 0.025000 0.044444
148 0.270833 0.744444 0.025000 0.044444
104 0.842188 0.728704 0.025000 0.044444
435 0.867188 0.728704 0.025000 0.044444
43 0.892187 0.728704 0.025000 0.044444
396 0.870833 0.600926 0.067708 0.166667
20 0.870833 0.700926 0.071094 0.023333
158 0.870833 0.487963 0.038333 0.068148
