419 0.237500 1.000000 0.155649 0.335641
574 0.314063 0.968783 0.143917 0.323435
538 0.401563 0.945767 0.131037 0.308710
562 0.500000 0.931481 0.117188 0.291667
475 0.598437 0.945767 0.130975 0.308631
27 0.685938 0.968783 0.143855 0.323357
210 0.762500 1.000000 0.155588 0.335564
64 0.033333 0.094444 0.037500 0.066667
94 0.070833 0.094444 0.037500 0.066667
64 0.108333 0.094444 0.037500 0.066667
7 0.145833 0.094444 0.037500 0.066667
108 0.183333 0.094444 0.037500 0.066667
7 0.220833 0.094444 0.037500 0.066667
10 0.334375 0.027778 0.033333 0.059259
214 0.363542 0.027778 0.033333 0.059259
40 0.392708 0.027778 0.033333 0.059259
272 0.421875 0.027778 0.033333 0.059259
13 0.451042 0.027778 0.033333 0.059259
14 0.247917 0.565741 0.114583 0.268519
15 0.247917 0.716667 0.120312 0.023333
337 0.195833 0.744444 0.025000 0.044444
275 0.220833 0.744444 0.025000 0.044444
481 0.558854 0.748148 0.025000 0.044444
306 0.583854 0.748148 0.025000 0.044444
292 0.608854 0.748148 0.025000 0.044444
274 0.633854 0.748148 0.025000 0.044444
470 0.634375 0.562500 0.161458 0.282407
20 0.634375 0.720370 0.169531 0.023333
170 0.634375 0.391667 0.038333 0.068148
307 0.787500 0.720370 0.025000 0.044444
227 0.812500 0.720370 0.025000 0.044444
146 0.837500 0.720370 0.025000 0.044444
202 0.862500 0.720370 0.025000 0.044444
330 0.850000 0.583333 0.135417 0.185185
20 0.850000 0.692593 0.142188 0.023333
48 0.850000 0.461111 0.038333 0.068148
