599 0.500000 0.925926 0.117188 0.291667
34 0.033333 0.094444 0.037500 0.066667
107 0.070833 0.094444 0.037500 0.066667
67 0.108333 0.094444 0.037500 0.066667
173 0.145833 0.094444 0.037500 0.066667
163 0.183333 0.094444 0.037500 0.066667
67 0.220833 0.094444 0.037500 0.066667
33 0.258333 0.094444 0.037500 0.066667
131 0.295833 0.094444 0.037500 0.066667
129 0.333333 0.094444 0.037500 0.066667
67 0.370833 0.094444 0.037500 0.066667
67 0.408333 0.094444 0.037500 0.066667
173 0.445833 0.094444 0.037500 0.066667
64 0.483333 0.094444 0.037500 0.066667
110 0.520833 0.094444 0.037500 0.066667
34 0.558333 0.094444 0.037500 0.066667
67 0.595833 0.094444 0.037500 0.066667
184 0.633333 0.094444 0.037500 0.066667
109 0.670833 0.094444 0.037500 0.066667
65 0.708333 0.094444 0.037500 0.066667
381 0.334375 0.027778 0.033333 0.059259
13 0.363542 0.027778 0.033333 0.059259
13 0.392708 0.027778 0.033333 0.059259
13 0.421875 0.027778 0.033333 0.059259
13 0.451042 0.027778 0.033333 0.059259
14 0.247917 0.565741 0.114583 0.268519
15 0.247917 0.716667 0.120312 0.023333
281 0.195833 0.744444 0.025000 0.044444
114 0.220833 0.744444 0.025000 0.044444
242 0.245833 0.744444 0.025000 0.044444
41 0.551042 0.743519 0.025000 0.044444
338 0.650000 0.509259 0.208333 0.379630
20 0.650000 0.715741 0.218750 0.023333
216 0.650000 0.289815 0.038333 0.068148
116 0.784896 0.641667 0.025000 0.044444
52 0.809896 0.641667 0.025000 0.044444
307 0.834896 0.641667 0.025000 0.044444
157 0.857813 0.416667 0.156250 0.361111
20 0.857813 0.613889 0.164063 0.023333
158 0.857813 0.206481 0.038333 0.068148
