622 0.193750 1.000000 0.149621 0.310807
374 0.259375 0.982716 0.140084 0.302077
407 0.332656 0.955556 0.129526 0.291092
528 0.412500 0.930247 0.117934 0.277839
335 0.500000 0.925926 0.105469 0.262500
444 0.587500 0.930247 0.117877 0.277768
453 0.667344 0.955556 0.129470 0.291021
61 0.740625 0.982716 0.140029 0.302007
497 0.806250 1.000000 0.149567 0.310740
35 0.033333 0.094444 0.037500 0.066667
66 0.070833 0.094444 0.037500 0.066667
108 0.108333 0.094444 0.037500 0.066667
34 0.145833 0.094444 0.037500 0.066667
92 0.183333 0.094444 0.037500 0.066667
112 0.334375 0.027778 0.033333 0.059259
13 0.363542 0.027778 0.033333 0.059259
13 0.392708 0.027778 0.033333 0.059259
13 0.421875 0.027778 0.033333 0.059259
13 0.451042 0.027778 0.033333 0.059259
14 0.247917 0.565741 0.114583 0.268519
15 0.247917 0.716667 0.120312 0.023333
390 0.195833 0.744444 0.025000 0.044444
203 0.220833 0.744444 0.025000 0.044444
50 0.245833 0.744444 0.025000 0.044444
122 0.270833 0.744444 0.025000 0.044444
313 0.410937 0.720681 0.025000 0.044444
228 0.435937 0.720681 0.025000 0.044444
17 0.460938 0.720681 0.025000 0.044444
295 0.485938 0.720681 0.025000 0.044444
608 0.450000 0.616052 0.088542 0.120370
20 0.450000 0.692903 0.092969 0.023333
82 0.450000 0.526237 0.038333 0.068148
155 0.540625 0.734259 0.025000 0.044444
42 0.565625 0.734259 0.025000 0.044444
425 0.590625 0.734259 0.025000 0.044444
529 0.650000 0.527778 0.229167 0.324074
20 0.650000 0.706481 0.240625 0.023333
72 0.650000 0.336111 0.038333 0.068148
447 0.725000 0.752778 0.025000 0.044444
50 0.750000 0.752778 0.025000 0.044444
397 0.844792 0.509259 0.250000 0.398148
20 0.844792 0.725000 0.262500 0.023333
21 0.844792 0.280556 0.038333 0.068148
