379 0.448594 0.925926 0.124215 0.300456
379 0.557969 0.925926 0.124152 0.300376
91 0.033333 0.094444 0.037500 0.066667
130 0.070833 0.094444 0.037500 0.066667
38 0.108333 0.094444 0.037500 0.066667
92 0.145833 0.094444 0.037500 0.066667
129 0.183333 0.094444 0.037500 0.066667
34 0.220833 0.094444 0.037500 0.066667
34 0.258333 0.094444 0.037500 0.066667
35 0.295833 0.094444 0.037500 0.066667
110 0.333333 0.094444 0.037500 0.066667
5 0.370833 0.094444 0.037500 0.066667
39 0.334375 0.027778 0.033333 0.059259
185 0.363542 0.027778 0.033333 0.059259
304 0.392708 0.027778 0.033333 0.059259
113 0.421875 0.027778 0.033333 0.059259
13 0.451042 0.027778 0.033333 0.059259
14 0.247917 0.565741 0.114583 0.268519
15 0.247917 0.716667 0.120312 0.023333
177 0.195833 0.744444 0.025000 0.044444
168 0.823958 0.706481 0.025000 0.044444
326 0.848958 0.706481 0.025000 0.044444
164 0.873958 0.706481 0.025000 0.044444
55 0.898958 0.706481 0.025000 0.044444
71 0.850000 0.569444 0.062500 0.185185
20 0.850000 0.678704 0.065625 0.023333
72 0.850000 0.447222 0.038333 0.068148
435 0.408333 0.725000 0.025000 0.044444
314 0.433333 0.725000 0.025000 0.044444
102 0.450000 0.615741 0.093750 0.129630
20 0.450000 0.697222 0.098437 0.023333
216 0.450000 0.521296 0.038333 0.068148
402 0.611979 0.724074 0.025000 0.044444
202 0.636979 0.724074 0.025000 0.044444
151 0.661979 0.724074 0.025000 0.044444
315 0.645833 0.610185 0.078125 0.138889
20 0.645833 0.696296 0.082031 0.023333
48 0.645833 0.511111 0.038333 0.068148
