250 0.270312 0.986111 0.149899 0.329824
520 0.357812 0.949074 0.137609 0.316375
27 0.452969 0.925926 0.124215 0.300456
641 0.547031 0.925926 0.124152 0.300376
236 0.642187 0.949074 0.137546 0.316296
475 0.729688 0.986111 0.149838 0.329746
5 0.033333 0.094444 0.037500 0.066667
29 0.070833 0.094444 0.037500 0.066667
94 0.108333 0.094444 0.037500 0.066667
7 0.145833 0.094444 0.037500 0.066667
64 0.183333 0.094444 0.037500 0.066667
4 0.220833 0.094444 0.037500 0.066667
33 0.258333 0.094444 0.037500 0.066667
35 0.295833 0.094444 0.037500 0.066667
91 0.333333 0.094444 0.037500 0.066667
66 0.370833 0.094444 0.037500 0.066667
33 0.408333 0.094444 0.037500 0.066667
65 0.445833 0.094444 0.037500 0.066667
108 0.483333 0.094444 0.037500 0.066667
64 0.520833 0.094444 0.037500 0.066667
199 0.558333 0.094444 0.037500 0.066667
163 0.595833 0.094444 0.037500 0.066667
96 0.334375 0.027778 0.033333 0.059259
112 0.363542 0.027778 0.033333 0.059259
13 0.392708 0.027778 0.033333 0.059259
13 0.421875 0.027778 0.033333 0.059259
13 0.451042 0.027778 0.033333 0.059259
14 0.247917 0.565741 0.114583 0.268519
15 0.247917 0.716667 0.120312 0.023333
203 0.195833 0.744444 0.025000 0.044444
147 0.808333 0.706481 0.025000 0.044444
100 0.833333 0.706481 0.025000 0.044444
378 0.858333 0.706481 0.025000 0.044444
259 0.883333 0.706481 0.025000 0.044444
47 0.850000 0.597222 0.093750 0.129630
20 0.850000 0.678704 0.098437 0.023333
48 0.850000 0.502778 0.038333 0.068148
188 0.642187 0.728704 0.025000 0.044444
73 0.667188 0.728704 0.025000 0.044444
396 0.670833 0.600926 0.067708 0.166667
20 0.670833 0.700926 0.071094 0.023333
158 0.670833 0.487963 0.038333 0.068148
