323 0.270312 0.986111 0.149899 0.329824
449 0.357812 0.949074 0.137609 0.316375
388 0.452969 0.925926 0.124215 0.300456
161 0.547031 0.925926 0.124152 0.300376
224 0.642187 0.949074 0.137546 0.316296
563 0.729688 0.986111 0.149838 0.329746
184 0.033333 0.094444 0.037500 0.066667
107 0.070833 0.094444 0.037500 0.066667
184 0.108333 0.094444 0.037500 0.066667
174 0.334375 0.027778 0.033333 0.059259
381 0.363542 0.027778 0.033333 0.059259
200 0.392708 0.027778 0.033333 0.059259
214 0.421875 0.027778 0.033333 0.059259
13 0.451042 0.027778 0.033333 0.059259
14 0.247917 0.565741 0.114583 0.268519
15 0.247917 0.716667 0.120312 0.023333
136 0.195833 0.744444 0.025000 0.044444
228 0.220833 0.744444 0.025000 0.044444
119 0.245833 0.744444 0.025000 0.044444
256 0.270833 0.744444 0.025000 0.044444
296 0.387500 0.729630 0.025000 0.044444
204 0.412500 0.729630 0.025000 0.044444
166 0.450000 0.606481 0.135417 0.157407
20 0.450000 0.701852 0.142188 0.023333
48 0.450000 0.498148 0.038333 0.068148
45 0.548437 0.738889 0.025000 0.044444
325 0.573438 0.738889 0.025000 0.044444
357 0.598437 0.738889 0.025000 0.044444
169 0.613542 0.518519 0.140625 0.351852
20 0.613542 0.711111 0.147656 0.023333
48 0.597917 0.312963 0.038333 0.068148
117 0.726042 0.729630 0.025000 0.044444
74 0.751042 0.729630 0.025000 0.044444
371 0.776042 0.729630 0.025000 0.044444
51 0.801042 0.729630 0.025000 0.044444
282 0.844792 0.495370 0.247917 0.379630
20 0.844792 0.701852 0.260312 0.023333
48 0.844792 0.275926 0.038333 0.068148
