621 0.401563 0.953704 0.131037 0.308710
499 0.500000 0.925926 0.117188 0.291667
353 0.598437 0.953704 0.130975 0.308631
8 0.033333 0.094444 0.037500 0.066667
110 0.070833 0.094444 0.037500 0.066667
109 0.108333 0.094444 0.037500 0.066667
7 0.145833 0.094444 0.037500 0.066667
8 0.183333 0.094444 0.037500 0.066667
132 0.220833 0.094444 0.037500 0.066667
37 0.258333 0.094444 0.037500 0.066667
38 0.295833 0.094444 0.037500 0.066667
184 0.333333 0.094444 0.037500 0.066667
163 0.370833 0.094444 0.037500 0.066667
163 0.408333 0.094444 0.037500 0.066667
33 0.445833 0.094444 0.037500 0.066667
5 0.483333 0.094444 0.037500 0.066667
93 0.520833 0.094444 0.037500 0.066667
4 0.558333 0.094444 0.037500 0.066667
304 0.334375 0.027778 0.033333 0.059259
112 0.363542 0.027778 0.033333 0.059259
174 0.392708 0.027778 0.033333 0.059259
12 0.421875 0.027778 0.033333 0.059259
255 0.451042 0.027778 0.033333 0.059259
14 0.247917 0.565741 0.114583 0.268519
15 0.247917 0.716667 0.120312 0.023333
367 0.195833 0.744444 0.025000 0.044444
390 0.220833 0.744444 0.025000 0.044444
148 0.591146 0.729630 0.025000 0.044444
221 0.645833 0.574074 0.119792 0.222222
20 0.645833 0.701852 0.125781 0.023333
48 0.645833 0.433333 0.038333 0.068148
314 0.810938 0.729630 0.025000 0.044444
325 0.835938 0.729630 0.025000 0.044444
118 0.860937 0.729630 0.025000 0.044444
516 0.850000 0.578704 0.088542 0.212963
20 0.850000 0.701852 0.092969 0.023333
48 0.850000 0.442593 0.038333 0.068148
264 0.411979 0.740741 0.025000 0.044444
81 0.445833 0.626852 0.078125 0.138889
20 0.445833 0.712963 0.082031 0.023333
82 0.445833 0.527778 0.038333 0.068148
