548 0.270312 0.986111 0.149899 0.329824
345 0.357812 0.949074 0.137609 0.316375
625 0.452969 0.925926 0.124215 0.300456
231 0.547031 0.925926 0.124152 0.300376
540 0.642187 0.949074 0.137546 0.316296
604 0.729688 0.986111 0.149838 0.329746
30 0.033333 0.094444 0.037500 0.066667
131 0.070833 0.094444 0.037500 0.066667
163 0.108333 0.094444 0.037500 0.066667
32 0.145833 0.094444 0.037500 0.066667
130 0.183333 0.094444 0.037500 0.066667
64 0.220833 0.094444 0.037500 0.066667
36 0.258333 0.094444 0.037500 0.066667
31 0.295833 0.094444 0.037500 0.066667
31 0.333333 0.094444 0.037500 0.066667
31 0.370833 0.094444 0.037500 0.066667
66 0.408333 0.094444 0.037500 0.066667
173 0.445833 0.094444 0.037500 0.066667
381 0.334375 0.027778 0.033333 0.059259
13 0.363542 0.027778 0.033333 0.059259
13 0.392708 0.027778 0.033333 0.059259
13 0.421875 0.027778 0.033333 0.059259
13 0.451042 0.027778 0.033333 0.059259
14 0.247917 0.565741 0.114583 0.268519
15 0.247917 0.716667 0.120312 0.023333
356 0.195833 0.744444 0.025000 0.044444
147 0.220833 0.744444 0.025000 0.044444
281 0.245833 0.744444 0.025000 0.044444
49 0.608333 0.711111 0.025000 0.044444
264 0.633333 0.711111 0.025000 0.044444
51 0.658333 0.711111 0.025000 0.044444
75 0.683333 0.711111 0.025000 0.044444
206 0.650000 0.523148 0.093750 0.287037
20 0.650000 0.683333 0.098437 0.023333
82 0.650000 0.350000 0.038333 0.068148
357 0.743229 0.748148 0.025000 0.044444
358 0.850000 0.537037 0.223958 0.333333
20 0.850000 0.720370 0.235156 0.023333
21 0.850000 0.340741 0.038333 0.068148
