645 0.351250 0.960648 0.137609 0.316375
301 0.449688 0.935185 0.124215 0.300456
545 0.550312 0.935185 0.124152 0.300376
332 0.648750 0.960648 0.137546 0.316296
35 0.033333 0.094444 0.037500 0.066667
94 0.070833 0.094444 0.037500 0.066667
5 0.108333 0.094444 0.037500 0.066667
34 0.145833 0.094444 0.037500 0.066667
173 0.183333 0.094444 0.037500 0.066667
64 0.220833 0.094444 0.037500 0.066667
131 0.258333 0.094444 0.037500 0.066667
38 0.295833 0.094444 0.037500 0.066667
94 0.333333 0.094444 0.037500 0.066667
184 0.370833 0.094444 0.037500 0.066667
29 0.408333 0.094444 0.037500 0.066667
184 0.445833 0.094444 0.037500 0.066667
64 0.483333 0.094444 0.037500 0.066667
31 0.520833 0.094444 0.037500 0.066667
33 0.558333 0.094444 0.037500 0.066667
36 0.595833 0.094444 0.037500 0.066667
112 0.334375 0.027778 0.033333 0.059259
133 0.363542 0.027778 0.033333 0.059259
13 0.392708 0.027778 0.033333 0.059259
13 0.421875 0.027778 0.033333 0.059259
13 0.451042 0.027778 0.033333 0.059259
14 0.247917 0.565741 0.114583 0.268519
15 0.247917 0.716667 0.120312 0.023333
51 0.195833 0.744444 0.025000 0.044444
307 0.220833 0.744444 0.025000 0.044444
337 0.245833 0.744444 0.025000 0.044444
153 0.270833 0.744444 0.025000 0.044444
97 0.797917 0.737037 0.025000 0.044444
136 0.822917 0.737037 0.025000 0.044444
426 0.844792 0.562963 0.104167 0.259259
20 0.844792 0.709259 0.109375 0.023333
170 0.844792 0.403704 0.038333 0.068148
