563 0.401563 0.953704 0.131037 0.308710
302 0.500000 0.925926 0.117188 0.291667
648 0.598437 0.953704 0.130975 0.308631
5 0.033333 0.094444 0.037500 0.066667
65 0.070833 0.094444 0.037500 0.066667
67 0.108333 0.094444 0.037500 0.066667
35 0.145833 0.094444 0.037500 0.066667
91 0.183333 0.094444 0.037500 0.066667
35 0.220833 0.094444 0.037500 0.066667
9 0.334375 0.027778 0.033333 0.059259
39 0.363542 0.027778 0.033333 0.059259
40 0.392708 0.027778 0.033333 0.059259
214 0.421875 0.027778 0.033333 0.059259
13 0.451042 0.027778 0.033333 0.059259
14 0.247917 0.565741 0.114583 0.268519
15 0.247917 0.716667 0.120312 0.023333
307 0.195833 0.744444 0.025000 0.044444
97 0.220833 0.744444 0.025000 0.044444
115 0.245833 0.744444 0.025000 0.044444
137 0.270833 0.744444 0.025000 0.044444
201 0.405729 0.738889 0.025000 0.044444
329 0.447396 0.564815 0.093750 0.259259
20 0.447396 0.711111 0.098437 0.023333
21 0.447396 0.405556 0.038333 0.068148
291 0.587500 0.720370 0.025000 0.044444
330 0.650000 0.583333 0.135417 0.185185
20 0.650000 0.692593 0.142188 0.023333
331 0.650000 0.461111 0.038333 0.068148
306 0.756250 0.734259 0.025000 0.044444
367 0.781250 0.734259 0.025000 0.044444
202 0.806250 0.734259 0.025000 0.044444
190 0.850000 0.555556 0.197917 0.268519
20 0.850000 0.706481 0.207812 0.023333
170 0.850000 0.391667 0.038333 0.068148
