58 0.226563 1.000000 0.153046 0.323776
349 0.300938 0.968750 0.142404 0.313332
647 0.379687 0.943287 0.130728 0.300556
233 0.458438 0.925926 0.118005 0.285433
211 0.541562 0.925926 0.117945 0.285357
417 0.620313 0.943287 0.130669 0.300481
172 0.693594 0.968750 0.142346 0.313258
334 0.773438 1.000000 0.152989 0.323704
30 0.033333 0.094444 0.037500 0.066667
65 0.070833 0.094444 0.037500 0.066667
64 0.108333 0.094444 0.037500 0.066667
8 0.145833 0.094444 0.037500 0.066667
108 0.183333 0.094444 0.037500 0.066667
173 0.220833 0.094444 0.037500 0.066667
107 0.258333 0.094444 0.037500 0.066667
29 0.295833 0.094444 0.037500 0.066667
131 0.333333 0.094444 0.037500 0.066667
33 0.370833 0.094444 0.037500 0.066667
36 0.408333 0.094444 0.037500 0.066667
129 0.445833 0.094444 0.037500 0.066667
65 0.483333 0.094444 0.037500 0.066667
94 0.520833 0.094444 0.037500 0.066667
163 0.558333 0.094444 0.037500 0.066667
130 0.595833 0.094444 0.037500 0.066667
130 0.633333 0.094444 0.037500 0.066667
91 0.670833 0.094444 0.037500 0.066667
163 0.708333 0.094444 0.037500 0.066667
95 0.334375 0.027778 0.033333 0.059259
324 0.363542 0.027778 0.033333 0.059259
303 0.392708 0.027778 0.033333 0.059259
381 0.421875 0.027778 0.033333 0.059259
13 0.451042 0.027778 0.033333 0.059259
14 0.247917 0.565741 0.114583 0.268519
15 0.247917 0.716667 0.120312 0.023333
215 0.195833 0.744444 0.025000 0.044444
281 0.220833 0.744444 0.025000 0.044444
164 0.245833 0.744444 0.025000 0.044444
114 0.603125 0.729630 0.025000 0.044444
137 0.628125 0.729630 0.025000 0.044444
382 0.650000 0.583333 0.104167 0.203704
20 0.650000 0.701852 0.109375 0.023333
48 0.650000 0.451852 0.038333 0.068148
177 0.811979 0.740741 0.025000 0.044444
299 0.836979 0.740741 0.025000 0.044444
81 0.845833 0.626852 0.078125 0.138889
20 0.845833 0.712963 0.082031 0.023333
82 0.845833 0.527778 0.038333 0.068148
