525 0.237500 1.000000 0.155649 0.335641
26 0.314063 0.968783 0.143917 0.323435
647 0.401563 0.945767 0.131037 0.308710
461 0.500000 0.931481 0.117188 0.291667
573 0.598437 0.945767 0.130975 0.308631
335 0.685938 0.968783 0.143855 0.323357
3 0.762500 1.000000 0.155588 0.335564
129 0.033333 0.094444 0.037500 0.066667
31 0.070833 0.094444 0.037500 0.066667
64 0.108333 0.094444 0.037500 0.066667
29 0.145833 0.094444 0.037500 0.066667
36 0.183333 0.094444 0.037500 0.066667
107 0.220833 0.094444 0.037500 0.066667
94 0.258333 0.094444 0.037500 0.066667
129 0.295833 0.094444 0.037500 0.066667
31 0.333333 0.094444 0.037500 0.066667
5 0.370833 0.094444 0.037500 0.066667
64 0.408333 0.094444 0.037500 0.066667
64 0.445833 0.094444 0.037500 0.066667
7 0.483333 0.094444 0.037500 0.066667
93 0.520833 0.094444 0.037500 0.066667
30 0.558333 0.094444 0.037500 0.066667
133 0.334375 0.027778 0.033333 0.059259
113 0.363542 0.027778 0.033333 0.059259
255 0.392708 0.027778 0.033333 0.059259
13 0.421875 0.027778 0.033333 0.059259
13 0.451042 0.027778 0.033333 0.059259
14 0.247917 0.565741 0.114583 0.268519
15 0.247917 0.716667 0.120312 0.023333
16 0.195833 0.744444 0.025000 0.044444
99 0.821354 0.731481 0.025000 0.044444
201 0.846354 0.731481 0.025000 0.044444
105 0.850000 0.640741 0.067708 0.092593
20 0.850000 0.703704 0.071094 0.023333
82 0.850000 0.564815 0.038333 0.068148
43 0.571875 0.724074 0.025000 0.044444
79 0.596875 0.724074 0.025000 0.044444
441 0.639583 0.563889 0.145833 0.231481
20 0.639583 0.696296 0.153125 0.023333
48 0.639583 0.418519 0.038333 0.068148
