267 0.270312 0.986111 0.149899 0.329824
513 0.357812 0.949074 0.137609 0.316375
634 0.452969 0.925926 0.124215 0.300456
161 0.547031 0.925926 0.124152 0.300376
410 0.642187 0.949074 0.137546 0.316296
201 0.729688 0.986111 0.149838 0.329746
162 0.033333 0.094444 0.037500 0.066667
76 0.070833 0.094444 0.037500 0.066667
48 0.108333 0.094444 0.037500 0.066667
138 0.145833 0.094444 0.037500 0.066667
48 0.183333 0.094444 0.037500 0.066667
47 0.220833 0.094444 0.037500 0.066667
99 0.258333 0.094444 0.037500 0.066667
98 0.295833 0.094444 0.037500 0.066667
46 0.333333 0.094444 0.037500 0.066667
188 0.370833 0.094444 0.037500 0.066667
99 0.408333 0.094444 0.037500 0.066667
188 0.445833 0.094444 0.037500 0.066667
75 0.483333 0.094444 0.037500 0.066667
75 0.520833 0.094444 0.037500 0.066667
287 0.558333 0.094444 0.037500 0.066667
138 0.595833 0.094444 0.037500 0.066667
141 0.334375 0.027778 0.033333 0.059259
13 0.363542 0.027778 0.033333 0.059259
13 0.392708 0.027778 0.033333 0.059259
13 0.421875 0.027778 0.033333 0.059259
13 0.451042 0.027778 0.033333 0.059259
14 0.247917 0.565741 0.114583 0.268519
15 0.247917 0.716667 0.120312 0.023333
54 0.195833 0.744444 0.025000 0.044444
183 0.220833 0.744444 0.025000 0.044444
357 0.245833 0.744444 0.025000 0.044444
63 0.771875 0.734259 0.025000 0.044444
551 0.850000 0.587963 0.166667 0.203704
23 0.850000 0.706481 0.175000 0.023333
552 0.850000 0.456481 0.038333 0.068148
