650 0.193750 1.000000 0.149621 0.310807
88 0.259375 0.982716 0.140084 0.302077
540 0.332656 0.955556 0.129526 0.291092
657 0.412500 0.930247 0.117934 0.277839
530 0.500000 0.925926 0.105469 0.262500
429 0.587500 0.930247 0.117877 0.277768
209 0.667344 0.955556 0.129470 0.291021
85 0.740625 0.982716 0.140029 0.302007
566 0.806250 1.000000 0.149567 0.310740
107 0.033333 0.094444 0.037500 0.066667
7 0.070833 0.094444 0.037500 0.066667
65 0.108333 0.094444 0.037500 0.066667
91 0.145833 0.094444 0.037500 0.066667
38 0.183333 0.094444 0.037500 0.066667
32 0.220833 0.094444 0.037500 0.066667
94 0.258333 0.094444 0.037500 0.066667
64 0.295833 0.094444 0.037500 0.066667
108 0.333333 0.094444 0.037500 0.066667
91 0.370833 0.094444 0.037500 0.066667
132 0.408333 0.094444 0.037500 0.066667
6 0.445833 0.094444 0.037500 0.066667
163 0.483333 0.094444 0.037500 0.066667
4 0.520833 0.094444 0.037500 0.066667
96 0.334375 0.027778 0.033333 0.059259
40 0.363542 0.027778 0.033333 0.059259
377 0.392708 0.027778 0.033333 0.059259
303 0.421875 0.027778 0.033333 0.059259
174 0.451042 0.027778 0.033333 0.059259
14 0.247917 0.565741 0.114583 0.268519
15 0.247917 0.716667 0.120312 0.023333
55 0.195833 0.744444 0.025000 0.044444
73 0.220833 0.744444 0.025000 0.044444
188 0.245833 0.744444 0.025000 0.044444
306 0.270833 0.744444 0.025000 0.044444
347 0.621354 0.724074 0.025000 0.044444
260 0.650000 0.633333 0.067708 0.092593
20 0.650000 0.696296 0.071094 0.023333
48 0.650000 0.557407 0.038333 0.068148
41 0.756250 0.734259 0.025000 0.044444
175 0.781250 0.734259 0.025000 0.044444
120 0.806250 0.734259 0.025000 0.044444
125 0.850000 0.555556 0.197917 0.268519
20 0.850000 0.706481 0.207812 0.023333
48 0.850000 0.391667 0.038333 0.068148
