287 0.448594 0.925926 0.124215 0.300456
620 0.557969 0.925926 0.124152 0.300376
184 0.033333 0.094444 0.037500 0.066667
131 0.070833 0.094444 0.037500 0.066667
200 0.334375 0.027778 0.033333 0.059259
95 0.363542 0.027778 0.033333 0.059259
13 0.392708 0.027778 0.033333 0.059259
13 0.421875 0.027778 0.033333 0.059259
13 0.451042 0.027778 0.033333 0.059259
14 0.247917 0.565741 0.114583 0.268519
15 0.247917 0.716667 0.120312 0.023333
137 0.195833 0.744444 0.025000 0.044444
256 0.220833 0.744444 0.025000 0.044444
98 0.245833 0.744444 0.025000 0.044444
45 0.777083 0.729630 0.025000 0.044444
189 0.802083 0.729630 0.025000 0.044444
464 0.850000 0.601852 0.156250 0.166667
20 0.850000 0.701852 0.164063 0.023333
48 0.850000 0.488889 0.038333 0.068148
151 0.418750 0.706481 0.025000 0.044444
57 0.450000 0.601852 0.072917 0.120370
20 0.450000 0.678704 0.076563 0.023333
48 0.450000 0.512037 0.038333 0.068148
295 0.546875 0.729630 0.025000 0.044444
41 0.571875 0.729630 0.025000 0.044444
306 0.596875 0.729630 0.025000 0.044444
121 0.665625 0.495370 0.247917 0.379630
20 0.665625 0.701852 0.260312 0.023333
48 0.665625 0.275926 0.038333 0.068148
