2 0.270312 0.986111 0.149899 0.329824
511 0.357812 0.949074 0.137609 0.316375
619 0.452969 0.925926 0.124215 0.300456
651 0.547031 0.925926 0.124152 0.300376
88 0.642187 0.949074 0.137546 0.316296
517 0.729688 0.986111 0.149838 0.329746
7 0.033333 0.094444 0.037500 0.066667
107 0.070833 0.094444 0.037500 0.066667
38 0.108333 0.094444 0.037500 0.066667
29 0.145833 0.094444 0.037500 0.066667
34 0.183333 0.094444 0.037500 0.066667
66 0.220833 0.094444 0.037500 0.066667
109 0.258333 0.094444 0.037500 0.066667
131 0.295833 0.094444 0.037500 0.066667
34 0.333333 0.094444 0.037500 0.066667
67 0.370833 0.094444 0.037500 0.066667
31 0.408333 0.094444 0.037500 0.066667
109 0.445833 0.094444 0.037500 0.066667
8 0.483333 0.094444 0.037500 0.066667
163 0.520833 0.094444 0.037500 0.066667
107 0.558333 0.094444 0.037500 0.066667
131 0.595833 0.094444 0.037500 0.066667
94 0.633333 0.094444 0.037500 0.066667
184 0.670833 0.094444 0.037500 0.066667
107 0.708333 0.094444 0.037500 0.066667
12 0.334375 0.027778 0.033333 0.059259
112 0.363542 0.027778 0.033333 0.059259
186 0.392708 0.027778 0.033333 0.059259
13 0.421875 0.027778 0.033333 0.059259
13 0.451042 0.027778 0.033333 0.059259
14 0.247917 0.565741 0.114583 0.268519
15 0.247917 0.716667 0.120312 0.023333
483 0.195833 0.744444 0.025000 0.044444
201 0.810938 0.698223 0.025000 0.044444
43 0.835938 0.698223 0.025000 0.044444
135 0.860937 0.698223 0.025000 0.044444
448 0.850000 0.593594 0.088542 0.120370
20 0.850000 0.670445 0.092969 0.023333
48 0.850000 0.503779 0.038333 0.068148
