160 0.237500 1.000000 0.155649 0.335641
245 0.314063 0.968783 0.143917 0.323435
532 0.401563 0.945767 0.131037 0.308710
182 0.500000 0.931481 0.117188 0.291667
349 0.598437 0.945767 0.130975 0.308631
489 0.685938 0.968783 0.143855 0.323357
403 0.762500 1.000000 0.155588 0.335564
131 0.033333 0.094444 0.037500 0.066667
4 0.070833 0.094444 0.037500 0.066667
32 0.108333 0.094444 0.037500 0.066667
199 0.145833 0.094444 0.037500 0.066667
4 0.183333 0.094444 0.037500 0.066667
92 0.220833 0.094444 0.037500 0.066667
37 0.258333 0.094444 0.037500 0.066667
35 0.295833 0.094444 0.037500 0.066667
93 0.333333 0.094444 0.037500 0.066667
107 0.370833 0.094444 0.037500 0.066667
29 0.408333 0.094444 0.037500 0.066667
129 0.445833 0.094444 0.037500 0.066667
36 0.483333 0.094444 0.037500 0.066667
38 0.520833 0.094444 0.037500 0.066667
30 0.558333 0.094444 0.037500 0.066667
184 0.595833 0.094444 0.037500 0.066667
28 0.633333 0.094444 0.037500 0.066667
32 0.670833 0.094444 0.037500 0.066667
111 0.334375 0.027778 0.033333 0.059259
377 0.363542 0.027778 0.033333 0.059259
113 0.392708 0.027778 0.033333 0.059259
303 0.421875 0.027778 0.033333 0.059259
133 0.451042 0.027778 0.033333 0.059259
14 0.247917 0.565741 0.114583 0.268519
15 0.247917 0.716667 0.120312 0.023333
415 0.195833 0.744444 0.025000 0.044444
483 0.753646 0.729630 0.025000 0.044444
101 0.778646 0.729630 0.025000 0.044444
266 0.803646 0.729630 0.025000 0.044444
119 0.828646 0.729630 0.025000 0.044444
383 0.850000 0.504630 0.203125 0.361111
20 0.850000 0.701852 0.213281 0.023333
216 0.850000 0.294444 0.038333 0.068148
