295 0.314063 0.986111 0.143917 0.323435
542 0.401563 0.953704 0.131037 0.308710
578 0.500000 0.935185 0.117188 0.291667
211 0.598437 0.953704 0.130975 0.308631
578 0.685938 0.986111 0.143855 0.323357
287 0.033333 0.094444 0.037500 0.066667
162 0.070833 0.094444 0.037500 0.066667
261 0.108333 0.094444 0.037500 0.066667
40 0.145833 0.094444 0.037500 0.066667
76 0.183333 0.094444 0.037500 0.066667
97 0.220833 0.094444 0.037500 0.066667
98 0.258333 0.094444 0.037500 0.066667
118 0.295833 0.094444 0.037500 0.066667
261 0.333333 0.094444 0.037500 0.066667
402 0.334375 0.027778 0.033333 0.059259
179 0.363542 0.027778 0.033333 0.059259
189 0.392708 0.027778 0.033333 0.059259
13 0.421875 0.027778 0.033333 0.059259
13 0.451042 0.027778 0.033333 0.059259
14 0.247917 0.565741 0.114583 0.268519
15 0.247917 0.716667 0.120312 0.023333
62 0.195833 0.744444 0.025000 0.044444
63 0.220833 0.744444 0.025000 0.044444
466 0.603125 0.729630 0.025000 0.044444
52 0.628125 0.729630 0.025000 0.044444
85 0.653125 0.729630 0.025000 0.044444
279 0.650000 0.583333 0.104167 0.203704
23 0.650000 0.701852 0.109375 0.023333
61 0.650000 0.451852 0.038333 0.068148
264 0.811979 0.735185 0.025000 0.044444
344 0.836979 0.735185 0.025000 0.044444
456 0.861979 0.735185 0.025000 0.044444
125 0.886979 0.735185 0.025000 0.044444
241 0.845833 0.621296 0.078125 0.138889
23 0.845833 0.707407 0.082031 0.023333
30 0.845833 0.522222 0.038333 0.068148
