420 0.237500 1.000000 0.155649 0.335641
499 0.314063 0.968783 0.143917 0.323435
413 0.401563 0.945767 0.131037 0.308710
634 0.500000 0.931481 0.117188 0.291667
514 0.598437 0.945767 0.130975 0.308631
162 0.685938 0.968783 0.143855 0.323357
343 0.762500 1.000000 0.155588 0.335564
107 0.033333 0.094444 0.037500 0.066667
38 0.070833 0.094444 0.037500 0.066667
66 0.108333 0.094444 0.037500 0.066667
94 0.145833 0.094444 0.037500 0.066667
93 0.183333 0.094444 0.037500 0.066667
30 0.220833 0.094444 0.037500 0.066667
28 0.258333 0.094444 0.037500 0.066667
93 0.295833 0.094444 0.037500 0.066667
38 0.333333 0.094444 0.037500 0.066667
34 0.370833 0.094444 0.037500 0.066667
5 0.408333 0.094444 0.037500 0.066667
110 0.445833 0.094444 0.037500 0.066667
38 0.483333 0.094444 0.037500 0.066667
130 0.520833 0.094444 0.037500 0.066667
107 0.558333 0.094444 0.037500 0.066667
67 0.595833 0.094444 0.037500 0.066667
30 0.633333 0.094444 0.037500 0.066667
38 0.670833 0.094444 0.037500 0.066667
91 0.708333 0.094444 0.037500 0.066667
186 0.334375 0.027778 0.033333 0.059259
186 0.363542 0.027778 0.033333 0.059259
10 0.392708 0.027778 0.033333 0.059259
10 0.421875 0.027778 0.033333 0.059259
13 0.451042 0.027778 0.033333 0.059259
14 0.247917 0.565741 0.114583 0.268519
15 0.247917 0.716667 0.120312 0.023333
151 0.195833 0.744444 0.025000 0.044444
228 0.220833 0.744444 0.025000 0.044444
117 0.245833 0.744444 0.025000 0.044444
134 0.771875 0.734259 0.025000 0.044444
76 0.850000 0.495370 0.166667 0.388889
20 0.850000 0.706481 0.175000 0.023333
48 0.850000 0.271296 0.038333 0.068148
