543 0.351250 0.960648 0.137609 0.316375
566 0.449688 0.935185 0.124215 0.300456
479 0.550312 0.935185 0.124152 0.300376
86 0.648750 0.960648 0.137546 0.316296
66 0.033333 0.094444 0.037500 0.066667
93 0.070833 0.094444 0.037500 0.066667
109 0.108333 0.094444 0.037500 0.066667
66 0.145833 0.094444 0.037500 0.066667
173 0.183333 0.094444 0.037500 0.066667
31 0.220833 0.094444 0.037500 0.066667
38 0.258333 0.094444 0.037500 0.066667
67 0.295833 0.094444 0.037500 0.066667
129 0.333333 0.094444 0.037500 0.066667
65 0.370833 0.094444 0.037500 0.066667
129 0.408333 0.094444 0.037500 0.066667
29 0.445833 0.094444 0.037500 0.066667
8 0.483333 0.094444 0.037500 0.066667
163 0.520833 0.094444 0.037500 0.066667
65 0.558333 0.094444 0.037500 0.066667
200 0.334375 0.027778 0.033333 0.059259
304 0.363542 0.027778 0.033333 0.059259
272 0.392708 0.027778 0.033333 0.059259
12 0.421875 0.027778 0.033333 0.059259
13 0.451042 0.027778 0.033333 0.059259
14 0.247917 0.565741 0.114583 0.268519
15 0.247917 0.716667 0.120312 0.023333
275 0.195833 0.744444 0.025000 0.044444
16 0.220833 0.744444 0.025000 0.044444
51 0.245833 0.744444 0.025000 0.044444
78 0.270833 0.744444 0.025000 0.044444
328 0.821354 0.731481 0.025000 0.044444
356 0.846354 0.731481 0.025000 0.044444
16 0.871354 0.731481 0.025000 0.044444
105 0.850000 0.640741 0.067708 0.092593
20 0.850000 0.703704 0.071094 0.023333
82 0.850000 0.564815 0.038333 0.068148
