570 0.226563 1.000000 0.153046 0.323776
572 0.300938 0.968750 0.142404 0.313332
450 0.379687 0.943287 0.130728 0.300556
373 0.458438 0.925926 0.118005 0.285433
623 0.541562 0.925926 0.117945 0.285357
321 0.620313 0.943287 0.130669 0.300481
633 0.693594 0.968750 0.142346 0.313258
196 0.773438 1.000000 0.152989 0.323704
92 0.033333 0.094444 0.037500 0.066667
108 0.070833 0.094444 0.037500 0.066667
8 0.108333 0.094444 0.037500 0.066667
163 0.145833 0.094444 0.037500 0.066667
336 0.334375 0.027778 0.033333 0.059259
381 0.363542 0.027778 0.033333 0.059259
304 0.392708 0.027778 0.033333 0.059259
13 0.421875 0.027778 0.033333 0.059259
13 0.451042 0.027778 0.033333 0.059259
14 0.247917 0.565741 0.114583 0.268519
15 0.247917 0.716667 0.120312 0.023333
75 0.195833 0.744444 0.025000 0.044444
406 0.220833 0.744444 0.025000 0.044444
390 0.245833 0.744444 0.025000 0.044444
215 0.270833 0.744444 0.025000 0.044444
188 0.608333 0.706481 0.025000 0.044444
70 0.633333 0.706481 0.025000 0.044444
165 0.658333 0.706481 0.025000 0.044444
47 0.650000 0.597222 0.093750 0.129630
20 0.650000 0.678704 0.098437 0.023333
48 0.650000 0.502778 0.038333 0.068148
148 0.777083 0.729630 0.025000 0.044444
464 0.850000 0.601852 0.156250 0.166667
20 0.850000 0.701852 0.164063 0.023333
170 0.850000 0.488889 0.038333 0.068148
226 0.371875 0.734259 0.025000 0.044444
149 0.450000 0.587963 0.166667 0.203704
20 0.450000 0.706481 0.175000 0.023333
150 0.450000 0.456481 0.038333 0.068148
