409 0.226563 1.000000 0.153046 0.323776
370 0.300938 0.968750 0.142404 0.313332
212 0.379687 0.943287 0.130728 0.300556
550 0.458438 0.925926 0.118005 0.285433
323 0.541562 0.925926 0.117945 0.285357
261 0.620313 0.943287 0.130669 0.300481
419 0.693594 0.968750 0.142346 0.313258
365 0.773438 1.000000 0.152989 0.323704
28 0.033333 0.094444 0.037500 0.066667
31 0.070833 0.094444 0.037500 0.066667
94 0.108333 0.094444 0.037500 0.066667
6 0.145833 0.094444 0.037500 0.066667
94 0.183333 0.094444 0.037500 0.066667
108 0.220833 0.094444 0.037500 0.066667
107 0.258333 0.094444 0.037500 0.066667
93 0.295833 0.094444 0.037500 0.066667
34 0.333333 0.094444 0.037500 0.066667
163 0.370833 0.094444 0.037500 0.066667
113 0.334375 0.027778 0.033333 0.059259
174 0.363542 0.027778 0.033333 0.059259
13 0.392708 0.027778 0.033333 0.059259
13 0.421875 0.027778 0.033333 0.059259
13 0.451042 0.027778 0.033333 0.059259
14 0.247917 0.565741 0.114583 0.268519
15 0.247917 0.716667 0.120312 0.023333
43 0.195833 0.744444 0.025000 0.044444
55 0.220833 0.744444 0.025000 0.044444
155 0.245833 0.744444 0.025000 0.044444
274 0.810938 0.729630 0.025000 0.044444
222 0.835938 0.729630 0.025000 0.044444
101 0.860937 0.729630 0.025000 0.044444
405 0.850000 0.578704 0.088542 0.212963
20 0.850000 0.701852 0.092969 0.023333
170 0.850000 0.442593 0.038333 0.068148
147 0.597917 0.737037 0.025000 0.044444
426 0.644792 0.562963 0.104167 0.259259
20 0.644792 0.709259 0.109375 0.023333
170 0.644792 0.403704 0.038333 0.068148
