648 0.314063 0.986111 0.143917 0.323435
413 0.401563 0.953704 0.131037 0.308710
334 0.500000 0.935185 0.117188 0.291667
596 0.598437 0.953704 0.130975 0.308631
387 0.685938 0.986111 0.143855 0.323357
130 0.033333 0.094444 0.037500 0.066667
92 0.070833 0.094444 0.037500 0.066667
65 0.108333 0.094444 0.037500 0.066667
8 0.145833 0.094444 0.037500 0.066667
38 0.183333 0.094444 0.037500 0.066667
30 0.220833 0.094444 0.037500 0.066667
34 0.258333 0.094444 0.037500 0.066667
8 0.295833 0.094444 0.037500 0.066667
94 0.333333 0.094444 0.037500 0.066667
35 0.370833 0.094444 0.037500 0.066667
163 0.408333 0.094444 0.037500 0.066667
8 0.445833 0.094444 0.037500 0.066667
6 0.483333 0.094444 0.037500 0.066667
67 0.520833 0.094444 0.037500 0.066667
30 0.558333 0.094444 0.037500 0.066667
186 0.334375 0.027778 0.033333 0.059259
336 0.363542 0.027778 0.033333 0.059259
11 0.392708 0.027778 0.033333 0.059259
13 0.421875 0.027778 0.033333 0.059259
13 0.451042 0.027778 0.033333 0.059259
14 0.247917 0.565741 0.114583 0.268519
15 0.247917 0.716667 0.120312 0.023333
136 0.195833 0.744444 0.025000 0.044444
73 0.220833 0.744444 0.025000 0.044444
123 0.245833 0.744444 0.025000 0.044444
258 0.403125 0.729630 0.025000 0.044444
281 0.428125 0.729630 0.025000 0.044444
531 0.450000 0.583333 0.104167 0.203704
20 0.450000 0.701852 0.109375 0.023333
48 0.450000 0.451852 0.038333 0.068148
390 0.548437 0.729630 0.025000 0.044444
49 0.573438 0.729630 0.025000 0.044444
278 0.660417 0.476852 0.234375 0.416667
20 0.660417 0.701852 0.246094 0.023333
170 0.660417 0.238889 0.038333 0.068148
227 0.756250 0.734259 0.025000 0.044444
125 0.850000 0.555556 0.197917 0.268519
20 0.850000 0.706481 0.207812 0.023333
48 0.850000 0.391667 0.038333 0.068148
