563 0.448594 0.925926 0.124215 0.300456
320 0.557969 0.925926 0.124152 0.300376
109 0.033333 0.094444 0.037500 0.066667
8 0.070833 0.094444 0.037500 0.066667
132 0.108333 0.094444 0.037500 0.066667
64 0.145833 0.094444 0.037500 0.066667
163 0.183333 0.094444 0.037500 0.066667
107 0.220833 0.094444 0.037500 0.066667
65 0.258333 0.094444 0.037500 0.066667
6 0.295833 0.094444 0.037500 0.066667
324 0.334375 0.027778 0.033333 0.059259
303 0.363542 0.027778 0.033333 0.059259
377 0.392708 0.027778 0.033333 0.059259
13 0.421875 0.027778 0.033333 0.059259
13 0.451042 0.027778 0.033333 0.059259
14 0.247917 0.565741 0.114583 0.268519
15 0.247917 0.716667 0.120312 0.023333
454 0.195833 0.744444 0.025000 0.044444
117 0.220833 0.744444 0.025000 0.044444
56 0.245833 0.744444 0.025000 0.044444
164 0.725000 0.752778 0.025000 0.044444
264 0.750000 0.752778 0.025000 0.044444
397 0.844792 0.509259 0.250000 0.398148
20 0.844792 0.725000 0.262500 0.023333
48 0.844792 0.280556 0.038333 0.068148
