229 0.193750 1.000000 0.149621 0.310807
391 0.259375 0.982716 0.140084 0.302077
90 0.332656 0.955556 0.129526 0.291092
493 0.412500 0.930247 0.117934 0.277839
538 0.500000 0.925926 0.105469 0.262500
617 0.587500 0.930247 0.117877 0.277768
373 0.667344 0.955556 0.129470 0.291021
629 0.740625 0.982716 0.140029 0.302007
586 0.806250 1.000000 0.149567 0.310740
173 0.033333 0.094444 0.037500 0.066667
64 0.070833 0.094444 0.037500 0.066667
107 0.108333 0.094444 0.037500 0.066667
7 0.145833 0.094444 0.037500 0.066667
184 0.183333 0.094444 0.037500 0.066667
184 0.220833 0.094444 0.037500 0.066667
107 0.258333 0.094444 0.037500 0.066667
32 0.295833 0.094444 0.037500 0.066667
131 0.333333 0.094444 0.037500 0.066667
130 0.370833 0.094444 0.037500 0.066667
36 0.408333 0.094444 0.037500 0.066667
8 0.445833 0.094444 0.037500 0.066667
94 0.483333 0.094444 0.037500 0.066667
255 0.334375 0.027778 0.033333 0.059259
112 0.363542 0.027778 0.033333 0.059259
381 0.392708 0.027778 0.033333 0.059259
238 0.421875 0.027778 0.033333 0.059259
13 0.451042 0.027778 0.033333 0.059259
14 0.247917 0.565741 0.114583 0.268519
15 0.247917 0.716667 0.120312 0.023333
275 0.195833 0.744444 0.025000 0.044444
307 0.408333 0.725000 0.025000 0.044444
481 0.433333 0.725000 0.025000 0.044444
47 0.450000 0.615741 0.093750 0.129630
20 0.450000 0.697222 0.098437 0.023333
82 0.450000 0.521296 0.038333 0.068148
292 0.751042 0.731481 0.025000 0.044444
19 0.850000 0.525000 0.208333 0.324074
20 0.850000 0.703704 0.218750 0.023333
21 0.850000 0.333333 0.038333 0.068148
156 0.582812 0.734259 0.025000 0.044444
485 0.642708 0.537037 0.130208 0.305556
20 0.642708 0.706481 0.136719 0.023333
48 0.642708 0.354630 0.038333 0.068148
