263 0.270312 0.986111 0.149899 0.329824
623 0.357812 0.949074 0.137609 0.316375
450 0.452969 0.925926 0.124215 0.300456
321 0.547031 0.925926 0.124152 0.300376
252 0.642187 0.949074 0.137546 0.316296
490 0.729688 0.986111 0.149838 0.329746
32 0.033333 0.094444 0.037500 0.066667
34 0.070833 0.094444 0.037500 0.066667
199 0.108333 0.094444 0.037500 0.066667
8 0.145833 0.094444 0.037500 0.066667
173 0.183333 0.094444 0.037500 0.066667
37 0.220833 0.094444 0.037500 0.066667
107 0.258333 0.094444 0.037500 0.066667
6 0.295833 0.094444 0.037500 0.066667
110 0.333333 0.094444 0.037500 0.066667
35 0.370833 0.094444 0.037500 0.066667
4 0.408333 0.094444 0.037500 0.066667
66 0.445833 0.094444 0.037500 0.066667
129 0.483333 0.094444 0.037500 0.066667
94 0.520833 0.094444 0.037500 0.066667
28 0.558333 0.094444 0.037500 0.066667
4 0.595833 0.094444 0.037500 0.066667
5 0.633333 0.094444 0.037500 0.066667
37 0.670833 0.094444 0.037500 0.066667
130 0.708333 0.094444 0.037500 0.066667
336 0.334375 0.027778 0.033333 0.059259
13 0.363542 0.027778 0.033333 0.059259
13 0.392708 0.027778 0.033333 0.059259
13 0.421875 0.027778 0.033333 0.059259
13 0.451042 0.027778 0.033333 0.059259
14 0.247917 0.565741 0.114583 0.268519
15 0.247917 0.716667 0.120312 0.023333
347 0.195833 0.744444 0.025000 0.044444
202 0.803125 0.741667 0.025000 0.044444
356 0.828125 0.741667 0.025000 0.044444
217 0.844792 0.565278 0.093750 0.263889
20 0.844792 0.713889 0.098437 0.023333
158 0.844792 0.403704 0.038333 0.068148
