284 0.182812 1.000000 0.145411 0.296825
493 0.237500 0.976852 0.136936 0.289694
182 0.303125 0.951852 0.127414 0.280350
1 0.379687 0.928704 0.116968 0.268919
647 0.456250 0.921296 0.105583 0.255387
625 0.543750 0.921296 0.105530 0.255319
633 0.620313 0.928704 0.116914 0.268851
609 0.696875 0.951852 0.127362 0.280284
643 0.762500 0.976852 0.136885 0.289630
582 0.817187 1.000000 0.145376 0.296799
132 0.033333 0.094444 0.037500 0.066667
132 0.070833 0.094444 0.037500 0.066667
32 0.108333 0.094444 0.037500 0.066667
31 0.145833 0.094444 0.037500 0.066667
5 0.183333 0.094444 0.037500 0.066667
130 0.220833 0.094444 0.037500 0.066667
30 0.258333 0.094444 0.037500 0.066667
94 0.295833 0.094444 0.037500 0.066667
65 0.333333 0.094444 0.037500 0.066667
355 0.334375 0.027778 0.033333 0.059259
96 0.363542 0.027778 0.033333 0.059259
254 0.392708 0.027778 0.033333 0.059259
13 0.421875 0.027778 0.033333 0.059259
13 0.451042 0.027778 0.033333 0.059259
14 0.247917 0.565741 0.114583 0.268519
15 0.247917 0.716667 0.120312 0.023333
455 0.195833 0.744444 0.025000 0.044444
266 0.220833 0.744444 0.025000 0.044444
226 0.748438 0.738889 0.025000 0.044444
188 0.773438 0.738889 0.025000 0.044444
276 0.798437 0.738889 0.025000 0.044444
406 0.823438 0.738889 0.025000 0.044444
169 0.813542 0.518519 0.140625 0.351852
20 0.813542 0.711111 0.147656 0.023333
48 0.797917 0.312963 0.038333 0.068148
116 0.584896 0.641667 0.025000 0.044444
146 0.609896 0.641667 0.025000 0.044444
357 0.634896 0.641667 0.025000 0.044444
157 0.657812 0.416667 0.156250 0.361111
20 0.657812 0.613889 0.164063 0.023333
158 0.657812 0.206481 0.038333 0.068148
