442 0.237500 1.000000 0.155649 0.335641
127 0.314063 0.968783 0.143917 0.323435
555 0.401563 0.945767 0.131037 0.308710
332 0.500000 0.931481 0.117188 0.291667
604 0.598437 0.945767 0.130975 0.308631
492 0.685938 0.968783 0.143855 0.323357
624 0.762500 1.000000 0.155588 0.335564
37 0.033333 0.094444 0.037500 0.066667
36 0.070833 0.094444 0.037500 0.066667
36 0.108333 0.094444 0.037500 0.066667
132 0.145833 0.094444 0.037500 0.066667
8 0.183333 0.094444 0.037500 0.066667
173 0.220833 0.094444 0.037500 0.066667
110 0.258333 0.094444 0.037500 0.066667
4 0.295833 0.094444 0.037500 0.066667
66 0.333333 0.094444 0.037500 0.066667
65 0.370833 0.094444 0.037500 0.066667
64 0.408333 0.094444 0.037500 0.066667
108 0.445833 0.094444 0.037500 0.066667
163 0.483333 0.094444 0.037500 0.066667
28 0.520833 0.094444 0.037500 0.066667
29 0.558333 0.094444 0.037500 0.066667
173 0.595833 0.094444 0.037500 0.066667
199 0.633333 0.094444 0.037500 0.066667
173 0.670833 0.094444 0.037500 0.066667
32 0.708333 0.094444 0.037500 0.066667
133 0.334375 0.027778 0.033333 0.059259
133 0.363542 0.027778 0.033333 0.059259
185 0.392708 0.027778 0.033333 0.059259
186 0.421875 0.027778 0.033333 0.059259
304 0.451042 0.027778 0.033333 0.059259
14 0.247917 0.565741 0.114583 0.268519
15 0.247917 0.716667 0.120312 0.023333
54 0.195833 0.744444 0.025000 0.044444
207 0.220833 0.744444 0.025000 0.044444
124 0.391146 0.729630 0.025000 0.044444
325 0.416146 0.729630 0.025000 0.044444
326 0.441146 0.729630 0.025000 0.044444
240 0.466146 0.729630 0.025000 0.044444
221 0.445833 0.574074 0.119792 0.222222
20 0.445833 0.701852 0.125781 0.023333
48 0.445833 0.433333 0.038333 0.068148
49 0.784896 0.738889 0.025000 0.044444
135 0.809896 0.738889 0.025000 0.044444
119 0.834896 0.738889 0.025000 0.044444
188 0.859896 0.738889 0.025000 0.044444
53 0.850000 0.509259 0.140625 0.370370
20 0.850000 0.711111 0.147656 0.023333
331 0.850000 0.294444 0.038333 0.068148
55 0.535417 0.729630 0.025000 0.044444
208 0.650000 0.546296 0.239583 0.277778
20 0.650000 0.701852 0.251562 0.023333
48 0.650000 0.377778 0.038333 0.068148
