232 0.270312 0.986111 0.149899 0.329824
2 0.357812 0.949074 0.137609 0.316375
509 0.452969 0.925926 0.124215 0.300456
333 0.547031 0.925926 0.124152 0.300376
557 0.642187 0.949074 0.137546 0.316296
128 0.729688 0.986111 0.149838 0.329746
109 0.033333 0.094444 0.037500 0.066667
35 0.070833 0.094444 0.037500 0.066667
31 0.108333 0.094444 0.037500 0.066667
8 0.145833 0.094444 0.037500 0.066667
93 0.183333 0.094444 0.037500 0.066667
31 0.220833 0.094444 0.037500 0.066667
33 0.258333 0.094444 0.037500 0.066667
109 0.295833 0.094444 0.037500 0.066667
29 0.333333 0.094444 0.037500 0.066667
28 0.370833 0.094444 0.037500 0.066667
130 0.408333 0.094444 0.037500 0.066667
184 0.445833 0.094444 0.037500 0.066667
184 0.483333 0.094444 0.037500 0.066667
5 0.520833 0.094444 0.037500 0.066667
290 0.334375 0.027778 0.033333 0.059259
9 0.363542 0.027778 0.033333 0.059259
174 0.392708 0.027778 0.033333 0.059259
186 0.421875 0.027778 0.033333 0.059259
13 0.451042 0.027778 0.033333 0.059259
14 0.247917 0.565741 0.114583 0.268519
15 0.247917 0.716667 0.120312 0.023333
207 0.195833 0.744444 0.025000 0.044444
178 0.587500 0.729630 0.025000 0.044444
166 0.650000 0.606481 0.135417 0.157407
20 0.650000 0.701852 0.142188 0.023333
48 0.650000 0.498148 0.038333 0.068148
164 0.740625 0.739815 0.025000 0.044444
326 0.765625 0.739815 0.025000 0.044444
146 0.790625 0.739815 0.025000 0.044444
446 0.852604 0.551852 0.234375 0.287037
20 0.852604 0.712037 0.246094 0.023333
48 0.852604 0.378704 0.038333 0.068148
