424 0.193750 1.000000 0.149621 0.310807
334 0.259375 0.982716 0.140084 0.302077
493 0.332656 0.955556 0.129526 0.291092
92 0.412500 0.930247 0.117934 0.277839
440 0.500000 0.925926 0.105469 0.262500
93 0.587500 0.930247 0.117877 0.277768
484 0.667344 0.955556 0.129470 0.291021
416 0.740625 0.982716 0.140029 0.302007
494 0.806250 1.000000 0.149567 0.310740
160 0.033333 0.094444 0.037500 0.066667
48 0.070833 0.094444 0.037500 0.066667
15 0.108333 0.094444 0.037500 0.066667
16 0.145833 0.094444 0.037500 0.066667
78 0.183333 0.094444 0.037500 0.066667
15 0.220833 0.094444 0.037500 0.066667
18 0.258333 0.094444 0.037500 0.066667
160 0.295833 0.094444 0.037500 0.066667
12 0.333333 0.094444 0.037500 0.066667
40 0.370833 0.094444 0.037500 0.066667
44 0.408333 0.094444 0.037500 0.066667
101 0.445833 0.094444 0.037500 0.066667
46 0.483333 0.094444 0.037500 0.066667
13 0.520833 0.094444 0.037500 0.066667
101 0.558333 0.094444 0.037500 0.066667
46 0.595833 0.094444 0.037500 0.066667
101 0.633333 0.094444 0.037500 0.066667
160 0.670833 0.094444 0.037500 0.066667
14 0.708333 0.094444 0.037500 0.066667
17 0.745833 0.094444 0.037500 0.066667
103 0.334375 0.027778 0.033333 0.059259
364 0.363542 0.027778 0.033333 0.059259
253 0.392708 0.027778 0.033333 0.059259
126 0.421875 0.027778 0.033333 0.059259
24 0.451042 0.027778 0.033333 0.059259
25 0.247917 0.565741 0.114583 0.268519
26 0.247917 0.716667 0.120312 0.023333
133 0.195833 0.744444 0.025000 0.044444
185 0.220833 0.744444 0.025000 0.044444
54 0.245833 0.744444 0.025000 0.044444
28 0.726042 0.729630 0.025000 0.044444
326 0.751042 0.729630 0.025000 0.044444
237 0.776042 0.729630 0.025000 0.044444
398 0.844792 0.495370 0.247917 0.379630
32 0.844792 0.701852 0.260312 0.023333
33 0.844792 0.275926 0.038333 0.068148
