568 0.351250 0.960648 0.137609 0.316375
497 0.449688 0.935185 0.124215 0.300456
511 0.550312 0.935185 0.124152 0.300376
250 0.648750 0.960648 0.137546 0.316296
199 0.033333 0.094444 0.037500 0.066667
129 0.070833 0.094444 0.037500 0.066667
6 0.108333 0.094444 0.037500 0.066667
8 0.145833 0.094444 0.037500 0.066667
5 0.183333 0.094444 0.037500 0.066667
28 0.220833 0.094444 0.037500 0.066667
91 0.258333 0.094444 0.037500 0.066667
31 0.295833 0.094444 0.037500 0.066667
109 0.333333 0.094444 0.037500 0.066667
132 0.370833 0.094444 0.037500 0.066667
199 0.408333 0.094444 0.037500 0.066667
35 0.445833 0.094444 0.037500 0.066667
93 0.483333 0.094444 0.037500 0.066667
186 0.334375 0.027778 0.033333 0.059259
145 0.363542 0.027778 0.033333 0.059259
68 0.392708 0.027778 0.033333 0.059259
13 0.421875 0.027778 0.033333 0.059259
13 0.451042 0.027778 0.033333 0.059259
14 0.247917 0.565741 0.114583 0.268519
15 0.247917 0.716667 0.120312 0.023333
326 0.195833 0.744444 0.025000 0.044444
483 0.220833 0.744444 0.025000 0.044444
117 0.245833 0.744444 0.025000 0.044444
178 0.426562 0.740741 0.025000 0.044444
483 0.451562 0.740741 0.025000 0.044444
356 0.476563 0.740741 0.025000 0.044444
168 0.501562 0.740741 0.025000 0.044444
267 0.450000 0.594444 0.057292 0.203704
20 0.450000 0.712963 0.060156 0.023333
170 0.450000 0.462963 0.038333 0.068148
50 0.548437 0.738889 0.025000 0.044444
313 0.573438 0.738889 0.025000 0.044444
305 0.598437 0.738889 0.025000 0.044444
169 0.613542 0.518519 0.140625 0.351852
20 0.613542 0.711111 0.147656 0.023333
170 0.597917 0.312963 0.038333 0.068148
299 0.756250 0.734259 0.025000 0.044444
124 0.781250 0.734259 0.025000 0.044444
190 0.850000 0.555556 0.197917 0.268519
20 0.850000 0.706481 0.207812 0.023333
72 0.850000 0.391667 0.038333 0.068148
