495 0.314063 0.986111 0.143917 0.323435
445 0.401563 0.953704 0.131037 0.308710
625 0.500000 0.935185 0.117188 0.291667
594 0.598437 0.953704 0.130975 0.308631
515 0.685938 0.986111 0.143855 0.323357
64 0.033333 0.094444 0.037500 0.066667
5 0.070833 0.094444 0.037500 0.066667
37 0.108333 0.094444 0.037500 0.066667
33 0.145833 0.094444 0.037500 0.066667
92 0.183333 0.094444 0.037500 0.066667
96 0.334375 0.027778 0.033333 0.059259
96 0.363542 0.027778 0.033333 0.059259
113 0.392708 0.027778 0.033333 0.059259
255 0.421875 0.027778 0.033333 0.059259
13 0.451042 0.027778 0.033333 0.059259
14 0.247917 0.565741 0.114583 0.268519
15 0.247917 0.716667 0.120312 0.023333
120 0.195833 0.744444 0.025000 0.044444
265 0.220833 0.744444 0.025000 0.044444
176 0.245833 0.744444 0.025000 0.044444
17 0.270833 0.744444 0.025000 0.044444
366 0.623958 0.733333 0.025000 0.044444
97 0.648958 0.733333 0.025000 0.044444
154 0.650000 0.614815 0.062500 0.148148
20 0.650000 0.705556 0.065625 0.023333
48 0.650000 0.511111 0.038333 0.068148
168 0.726042 0.729630 0.025000 0.044444
115 0.751042 0.729630 0.025000 0.044444
240 0.776042 0.729630 0.025000 0.044444
282 0.844792 0.495370 0.247917 0.379630
20 0.844792 0.701852 0.260312 0.023333
48 0.844792 0.275926 0.038333 0.068148
