433 0.448594 0.925926 0.124215 0.300456
530 0.557969 0.925926 0.124152 0.300376
135 0.033333 0.094444 0.037500 0.066667
11 0.070833 0.094444 0.037500 0.066667
98 0.108333 0.094444 0.037500 0.066667
44 0.145833 0.094444 0.037500 0.066667
287 0.183333 0.094444 0.037500 0.066667
99 0.220833 0.094444 0.037500 0.066667
9 0.258333 0.094444 0.037500 0.066667
163 0.295833 0.094444 0.037500 0.066667
100 0.333333 0.094444 0.037500 0.066667
135 0.370833 0.094444 0.037500 0.066667
43 0.408333 0.094444 0.037500 0.066667
11 0.445833 0.094444 0.037500 0.066667
43 0.483333 0.094444 0.037500 0.066667
138 0.520833 0.094444 0.037500 0.066667
402 0.334375 0.027778 0.033333 0.059259
179 0.363542 0.027778 0.033333 0.059259
13 0.392708 0.027778 0.033333 0.059259
13 0.421875 0.027778 0.033333 0.059259
13 0.451042 0.027778 0.033333 0.059259
14 0.247917 0.565741 0.114583 0.268519
15 0.247917 0.716667 0.120312 0.023333
247 0.195833 0.744444 0.025000 0.044444
55 0.220833 0.744444 0.025000 0.044444
172 0.764063 0.751852 0.025000 0.044444
59 0.789063 0.751852 0.025000 0.044444
64 0.814062 0.751852 0.025000 0.044444
463 0.839063 0.751852 0.025000 0.044444
384 0.850000 0.540741 0.182292 0.333333
23 0.850000 0.724074 0.191406 0.023333
61 0.850000 0.344444 0.038333 0.068148
500 0.405729 0.738889 0.025000 0.044444
16 0.430729 0.738889 0.025000 0.044444
28 0.455729 0.738889 0.025000 0.044444
109 0.480729 0.738889 0.025000 0.044444
376 0.447396 0.564815 0.093750 0.259259
23 0.447396 0.711111 0.098437 0.023333
169 0.447396 0.405556 0.038333 0.068148
182 0.584896 0.738889 0.025000 0.044444
414 0.650000 0.509259 0.140625 0.370370
23 0.650000 0.711111 0.147656 0.023333
61 0.650000 0.294444 0.038333 0.068148
