183 0.182812 1.000000 0.145411 0.296825
579 0.237500 0.976852 0.136936 0.289694
193 0.303125 0.951852 0.127414 0.280350
312 0.379687 0.928704 0.116968 0.268919
589 0.456250 0.921296 0.105583 0.255387
498 0.543750 0.921296 0.105530 0.255319
623 0.620313 0.928704 0.116914 0.268851
418 0.696875 0.951852 0.127362 0.280284
542 0.762500 0.976852 0.136885 0.289630
88 0.817187 1.000000 0.145376 0.296799
35 0.033333 0.094444 0.037500 0.066667
163 0.070833 0.094444 0.037500 0.066667
109 0.108333 0.094444 0.037500 0.066667
4 0.145833 0.094444 0.037500 0.066667
7 0.183333 0.094444 0.037500 0.066667
173 0.220833 0.094444 0.037500 0.066667
7 0.258333 0.094444 0.037500 0.066667
66 0.295833 0.094444 0.037500 0.066667
5 0.333333 0.094444 0.037500 0.066667
31 0.370833 0.094444 0.037500 0.066667
109 0.408333 0.094444 0.037500 0.066667
6 0.445833 0.094444 0.037500 0.066667
31 0.483333 0.094444 0.037500 0.066667
92 0.520833 0.094444 0.037500 0.066667
38 0.558333 0.094444 0.037500 0.066667
66 0.595833 0.094444 0.037500 0.066667
109 0.633333 0.094444 0.037500 0.066667
5 0.670833 0.094444 0.037500 0.066667
238 0.334375 0.027778 0.033333 0.059259
10 0.363542 0.027778 0.033333 0.059259
254 0.392708 0.027778 0.033333 0.059259
336 0.421875 0.027778 0.033333 0.059259
336 0.451042 0.027778 0.033333 0.059259
14 0.247917 0.565741 0.114583 0.268519
15 0.247917 0.716667 0.120312 0.023333
325 0.195833 0.744444 0.025000 0.044444
435 0.748438 0.738889 0.025000 0.044444
16 0.773438 0.738889 0.025000 0.044444
455 0.798437 0.738889 0.025000 0.044444
169 0.813542 0.518519 0.140625 0.351852
20 0.813542 0.711111 0.147656 0.023333
48 0.797917 0.312963 0.038333 0.068148
