23 0.351250 0.960648 0.137609 0.316375
428 0.449688 0.935185 0.124215 0.300456
3 0.550312 0.935185 0.124152 0.300376
361 0.648750 0.960648 0.137546 0.316296
129 0.033333 0.094444 0.037500 0.066667
92 0.070833 0.094444 0.037500 0.066667
107 0.108333 0.094444 0.037500 0.066667
29 0.145833 0.094444 0.037500 0.066667
33 0.183333 0.094444 0.037500 0.066667
109 0.220833 0.094444 0.037500 0.066667
214 0.334375 0.027778 0.033333 0.059259
13 0.363542 0.027778 0.033333 0.059259
13 0.392708 0.027778 0.033333 0.059259
13 0.421875 0.027778 0.033333 0.059259
13 0.451042 0.027778 0.033333 0.059259
14 0.247917 0.565741 0.114583 0.268519
15 0.247917 0.716667 0.120312 0.023333
483 0.195833 0.744444 0.025000 0.044444
17 0.220833 0.744444 0.025000 0.044444
277 0.771875 0.734259 0.025000 0.044444
149 0.850000 0.587963 0.166667 0.203704
20 0.850000 0.706481 0.175000 0.023333
150 0.850000 0.456481 0.038333 0.068148
371 0.558854 0.748148 0.025000 0.044444
122 0.583854 0.748148 0.025000 0.044444
470 0.634375 0.562500 0.161458 0.282407
20 0.634375 0.720370 0.169531 0.023333
48 0.634375 0.391667 0.038333 0.068148
151 0.384896 0.738889 0.025000 0.044444
73 0.409896 0.738889 0.025000 0.044444
55 0.434896 0.738889 0.025000 0.044444
53 0.450000 0.509259 0.140625 0.370370
20 0.450000 0.711111 0.147656 0.023333
48 0.450000 0.294444 0.038333 0.068148
