84 0.448594 0.925926 0.124215 0.300456
643 0.557969 0.925926 0.124152 0.300376
7 0.033333 0.094444 0.037500 0.066667
163 0.070833 0.094444 0.037500 0.066667
109 0.108333 0.094444 0.037500 0.066667
91 0.145833 0.094444 0.037500 0.066667
64 0.183333 0.094444 0.037500 0.066667
7 0.220833 0.094444 0.037500 0.066667
4 0.258333 0.094444 0.037500 0.066667
33 0.295833 0.094444 0.037500 0.066667
66 0.333333 0.094444 0.037500 0.066667
6 0.370833 0.094444 0.037500 0.066667
8 0.408333 0.094444 0.037500 0.066667
94 0.445833 0.094444 0.037500 0.066667
110 0.483333 0.094444 0.037500 0.066667
67 0.520833 0.094444 0.037500 0.066667
93 0.558333 0.094444 0.037500 0.066667
163 0.595833 0.094444 0.037500 0.066667
8 0.633333 0.094444 0.037500 0.066667
7 0.670833 0.094444 0.037500 0.066667
6 0.708333 0.094444 0.037500 0.066667
131 0.745833 0.094444 0.037500 0.066667
112 0.334375 0.027778 0.033333 0.059259
336 0.363542 0.027778 0.033333 0.059259
13 0.392708 0.027778 0.033333 0.059259
13 0.421875 0.027778 0.033333 0.059259
13 0.451042 0.027778 0.033333 0.059259
14 0.247917 0.565741 0.114583 0.268519
15 0.247917 0.716667 0.120312 0.023333
147 0.195833 0.744444 0.025000 0.044444
273 0.819271 0.750926 0.025000 0.044444
257 0.847917 0.616667 0.067708 0.179630
20 0.847917 0.723148 0.071094 0.023333
48 0.847917 0.497222 0.038333 0.068148
