645 0.401563 0.953704 0.131037 0.308710
538 0.500000 0.925926 0.117188 0.291667
372 0.598437 0.953704 0.130975 0.308631
199 0.033333 0.094444 0.037500 0.066667
199 0.070833 0.094444 0.037500 0.066667
11 0.334375 0.027778 0.033333 0.059259
174 0.363542 0.027778 0.033333 0.059259
145 0.392708 0.027778 0.033333 0.059259
200 0.421875 0.027778 0.033333 0.059259
13 0.451042 0.027778 0.033333 0.059259
14 0.247917 0.565741 0.114583 0.268519
15 0.247917 0.716667 0.120312 0.023333
414 0.195833 0.744444 0.025000 0.044444
80 0.220833 0.744444 0.025000 0.044444
306 0.805729 0.757407 0.025000 0.044444
178 0.830729 0.757407 0.025000 0.044444
141 0.852604 0.583333 0.104167 0.259259
20 0.852604 0.729630 0.109375 0.023333
48 0.852604 0.424074 0.038333 0.068148
337 0.551042 0.743519 0.025000 0.044444
168 0.576042 0.743519 0.025000 0.044444
136 0.601042 0.743519 0.025000 0.044444
338 0.650000 0.509259 0.208333 0.379630
20 0.650000 0.715741 0.218750 0.023333
170 0.650000 0.289815 0.038333 0.068148
