561 0.314063 0.986111 0.143917 0.323435
392 0.401563 0.953704 0.131037 0.308710
61 0.500000 0.935185 0.117188 0.291667
656 0.598437 0.953704 0.130975 0.308631
388 0.685938 0.986111 0.143855 0.323357
94 0.033333 0.094444 0.037500 0.066667
91 0.070833 0.094444 0.037500 0.066667
64 0.108333 0.094444 0.037500 0.066667
65 0.145833 0.094444 0.037500 0.066667
7 0.183333 0.094444 0.037500 0.066667
132 0.220833 0.094444 0.037500 0.066667
33 0.258333 0.094444 0.037500 0.066667
66 0.295833 0.094444 0.037500 0.066667
304 0.334375 0.027778 0.033333 0.059259
186 0.363542 0.027778 0.033333 0.059259
95 0.392708 0.027778 0.033333 0.059259
40 0.421875 0.027778 0.033333 0.059259
200 0.451042 0.027778 0.033333 0.059259
14 0.247917 0.565741 0.114583 0.268519
15 0.247917 0.716667 0.120312 0.023333
239 0.195833 0.744444 0.025000 0.044444
202 0.220833 0.744444 0.025000 0.044444
356 0.245833 0.744444 0.025000 0.044444
165 0.748438 0.738889 0.025000 0.044444
52 0.773438 0.738889 0.025000 0.044444
292 0.798437 0.738889 0.025000 0.044444
77 0.823438 0.738889 0.025000 0.044444
169 0.813542 0.518519 0.140625 0.351852
20 0.813542 0.711111 0.147656 0.023333
170 0.797917 0.312963 0.038333 0.068148
