413 0.226563 1.000000 0.153046 0.323776
443 0.300938 0.968750 0.142404 0.313332
444 0.379687 0.943287 0.130728 0.300556
97 0.458438 0.925926 0.118005 0.285433
295 0.541562 0.925926 0.117945 0.285357
231 0.620313 0.943287 0.130669 0.300481
157 0.693594 0.968750 0.142346 0.313258
95 0.773438 1.000000 0.152989 0.323704
42 0.033333 0.094444 0.037500 0.066667
48 0.070833 0.094444 0.037500 0.066667
43 0.108333 0.094444 0.037500 0.066667
12 0.145833 0.094444 0.037500 0.066667
8 0.183333 0.094444 0.037500 0.066667
124 0.334375 0.027778 0.033333 0.059259
24 0.363542 0.027778 0.033333 0.059259
24 0.392708 0.027778 0.033333 0.059259
24 0.421875 0.027778 0.033333 0.059259
24 0.451042 0.027778 0.033333 0.059259
25 0.247917 0.565741 0.114583 0.268519
26 0.247917 0.716667 0.120312 0.023333
219 0.195833 0.744444 0.025000 0.044444
226 0.220833 0.744444 0.025000 0.044444
271 0.571875 0.734259 0.025000 0.044444
209 0.596875 0.734259 0.025000 0.044444
274 0.621875 0.734259 0.025000 0.044444
445 0.650000 0.587963 0.166667 0.203704
32 0.650000 0.706481 0.175000 0.023333
446 0.650000 0.456481 0.038333 0.068148
60 0.756250 0.743519 0.025000 0.044444
221 0.781250 0.743519 0.025000 0.044444
108 0.806250 0.743519 0.025000 0.044444
168 0.831250 0.743519 0.025000 0.044444
238 0.870833 0.583333 0.239583 0.231481
32 0.870833 0.715741 0.251562 0.023333
33 0.870833 0.437963 0.038333 0.068148
