119 0.226563 1.000000 0.153046 0.323776
239 0.300938 0.968750 0.142404 0.313332
6 0.379687 0.943287 0.130728 0.300556
240 0.458438 0.925926 0.118005 0.285433
241 0.541562 0.925926 0.117945 0.285357
242 0.620313 0.943287 0.130669 0.300481
243 0.693594 0.968750 0.142346 0.313258
244 0.773438 1.000000 0.152989 0.323704
8 0.033333 0.094444 0.037500 0.066667
18 0.070833 0.094444 0.037500 0.066667
8 0.108333 0.094444 0.037500 0.066667
19 0.145833 0.094444 0.037500 0.066667
14 0.183333 0.094444 0.037500 0.066667
80 0.220833 0.094444 0.037500 0.066667
76 0.258333 0.094444 0.037500 0.066667
46 0.295833 0.094444 0.037500 0.066667
84 0.334375 0.027778 0.033333 0.059259
245 0.363542 0.027778 0.033333 0.059259
24 0.392708 0.027778 0.033333 0.059259
24 0.421875 0.027778 0.033333 0.059259
24 0.451042 0.027778 0.033333 0.059259
25 0.247917 0.565741 0.114583 0.268519
26 0.247917 0.716667 0.120312 0.023333
29 0.195833 0.744444 0.025000 0.044444
209 0.220833 0.744444 0.025000 0.044444
246 0.245833 0.744444 0.025000 0.044444
247 0.270833 0.744444 0.025000 0.044444
248 0.746875 0.729630 0.025000 0.044444
219 0.771875 0.729630 0.025000 0.044444
132 0.796875 0.729630 0.025000 0.044444
197 0.821875 0.729630 0.025000 0.044444
249 0.865625 0.495370 0.247917 0.379630
32 0.865625 0.701852 0.260312 0.023333
33 0.865625 0.275926 0.038333 0.068148
