86 0.226563 1.000000 0.153046 0.323776
462 0.300938 0.968750 0.142404 0.313332
219 0.379687 0.943287 0.130728 0.300556
560 0.458438 0.925926 0.118005 0.285433
418 0.541562 0.925926 0.117945 0.285357
349 0.620313 0.943287 0.130669 0.300481
23 0.693594 0.968750 0.142346 0.313258
626 0.773438 1.000000 0.152989 0.323704
29 0.033333 0.094444 0.037500 0.066667
91 0.070833 0.094444 0.037500 0.066667
186 0.334375 0.027778 0.033333 0.059259
11 0.363542 0.027778 0.033333 0.059259
13 0.392708 0.027778 0.033333 0.059259
13 0.421875 0.027778 0.033333 0.059259
13 0.451042 0.027778 0.033333 0.059259
14 0.247917 0.565741 0.114583 0.268519
15 0.247917 0.716667 0.120312 0.023333
305 0.195833 0.744444 0.025000 0.044444
296 0.220833 0.744444 0.025000 0.044444
138 0.245833 0.744444 0.025000 0.044444
99 0.808333 0.725000 0.025000 0.044444
116 0.833333 0.725000 0.025000 0.044444
47 0.850000 0.615741 0.093750 0.129630
20 0.850000 0.697222 0.098437 0.023333
82 0.850000 0.521296 0.038333 0.068148
207 0.371875 0.734259 0.025000 0.044444
454 0.396875 0.734259 0.025000 0.044444
50 0.421875 0.734259 0.025000 0.044444
149 0.450000 0.587963 0.166667 0.203704
20 0.450000 0.706481 0.175000 0.023333
150 0.450000 0.456481 0.038333 0.068148
165 0.546875 0.729630 0.025000 0.044444
121 0.665625 0.495370 0.247917 0.379630
20 0.665625 0.701852 0.260312 0.023333
216 0.665625 0.275926 0.038333 0.068148
