460 0.226563 1.000000 0.153046 0.323776
89 0.300938 0.968750 0.142404 0.313332
3 0.379687 0.943287 0.130728 0.300556
599 0.458438 0.925926 0.118005 0.285433
508 0.541562 0.925926 0.117945 0.285357
572 0.620313 0.943287 0.130669 0.300481
570 0.693594 0.968750 0.142346 0.313258
474 0.773438 1.000000 0.152989 0.323704
93 0.033333 0.094444 0.037500 0.066667
29 0.070833 0.094444 0.037500 0.066667
38 0.108333 0.094444 0.037500 0.066667
34 0.145833 0.094444 0.037500 0.066667
129 0.183333 0.094444 0.037500 0.066667
108 0.220833 0.094444 0.037500 0.066667
107 0.258333 0.094444 0.037500 0.066667
32 0.295833 0.094444 0.037500 0.066667
184 0.333333 0.094444 0.037500 0.066667
28 0.370833 0.094444 0.037500 0.066667
113 0.334375 0.027778 0.033333 0.059259
255 0.363542 0.027778 0.033333 0.059259
39 0.392708 0.027778 0.033333 0.059259
200 0.421875 0.027778 0.033333 0.059259
13 0.451042 0.027778 0.033333 0.059259
14 0.247917 0.565741 0.114583 0.268519
15 0.247917 0.716667 0.120312 0.023333
425 0.195833 0.744444 0.025000 0.044444
99 0.220833 0.744444 0.025000 0.044444
78 0.245833 0.744444 0.025000 0.044444
327 0.758854 0.725000 0.025000 0.044444
476 0.850000 0.523148 0.192708 0.314815
20 0.850000 0.697222 0.202344 0.023333
48 0.850000 0.336111 0.038333 0.068148
