317 0.448594 0.925926 0.124215 0.300456
428 0.557969 0.925926 0.124152 0.300376
107 0.033333 0.094444 0.037500 0.066667
290 0.334375 0.027778 0.033333 0.059259
303 0.363542 0.027778 0.033333 0.059259
214 0.392708 0.027778 0.033333 0.059259
13 0.421875 0.027778 0.033333 0.059259
13 0.451042 0.027778 0.033333 0.059259
14 0.247917 0.565741 0.114583 0.268519
15 0.247917 0.716667 0.120312 0.023333
455 0.195833 0.744444 0.025000 0.044444
294 0.220833 0.744444 0.025000 0.044444
273 0.245833 0.744444 0.025000 0.044444
291 0.270833 0.744444 0.025000 0.044444
136 0.743229 0.748148 0.025000 0.044444
367 0.768229 0.748148 0.025000 0.044444
147 0.793229 0.748148 0.025000 0.044444
98 0.818229 0.748148 0.025000 0.044444
358 0.850000 0.537037 0.223958 0.333333
20 0.850000 0.720370 0.235156 0.023333
21 0.850000 0.340741 0.038333 0.068148
