392 0.448594 0.925926 0.124215 0.300456
612 0.557969 0.925926 0.124152 0.300376
94 0.033333 0.094444 0.037500 0.066667
91 0.070833 0.094444 0.037500 0.066667
92 0.108333 0.094444 0.037500 0.066667
132 0.145833 0.094444 0.037500 0.066667
28 0.183333 0.094444 0.037500 0.066667
173 0.220833 0.094444 0.037500 0.066667
108 0.258333 0.094444 0.037500 0.066667
129 0.295833 0.094444 0.037500 0.066667
35 0.333333 0.094444 0.037500 0.066667
107 0.370833 0.094444 0.037500 0.066667
129 0.408333 0.094444 0.037500 0.066667
32 0.445833 0.094444 0.037500 0.066667
31 0.483333 0.094444 0.037500 0.066667
6 0.520833 0.094444 0.037500 0.066667
64 0.558333 0.094444 0.037500 0.066667
199 0.595833 0.094444 0.037500 0.066667
33 0.633333 0.094444 0.037500 0.066667
214 0.334375 0.027778 0.033333 0.059259
143 0.363542 0.027778 0.033333 0.059259
113 0.392708 0.027778 0.033333 0.059259
13 0.421875 0.027778 0.033333 0.059259
13 0.451042 0.027778 0.033333 0.059259
14 0.247917 0.565741 0.114583 0.268519
15 0.247917 0.716667 0.120312 0.023333
43 0.195833 0.744444 0.025000 0.044444
201 0.220833 0.744444 0.025000 0.044444
292 0.382292 0.720370 0.025000 0.044444
483 0.407292 0.720370 0.025000 0.044444
415 0.432292 0.720370 0.025000 0.044444
601 0.450000 0.546296 0.145833 0.259259
20 0.450000 0.692593 0.153125 0.023333
48 0.450000 0.387037 0.038333 0.068148
100 0.795313 0.748148 0.025000 0.044444
424 0.820313 0.748148 0.025000 0.044444
55 0.845312 0.748148 0.025000 0.044444
276 0.870313 0.748148 0.025000 0.044444
482 0.850000 0.587963 0.119792 0.231481
20 0.850000 0.720370 0.125781 0.023333
216 0.850000 0.442593 0.038333 0.068148
276 0.571875 0.734259 0.025000 0.044444
293 0.596875 0.734259 0.025000 0.044444
327 0.621875 0.734259 0.025000 0.044444
17 0.646875 0.734259 0.025000 0.044444
76 0.650000 0.495370 0.166667 0.388889
20 0.650000 0.706481 0.175000 0.023333
48 0.650000 0.271296 0.038333 0.068148
