3 0.500000 0.925926 0.117188 0.291667
91 0.033333 0.094444 0.037500 0.066667
93 0.070833 0.094444 0.037500 0.066667
37 0.108333 0.094444 0.037500 0.066667
28 0.145833 0.094444 0.037500 0.066667
28 0.183333 0.094444 0.037500 0.066667
130 0.220833 0.094444 0.037500 0.066667
33 0.258333 0.094444 0.037500 0.066667
36 0.295833 0.094444 0.037500 0.066667
5 0.333333 0.094444 0.037500 0.066667
36 0.370833 0.094444 0.037500 0.066667
33 0.408333 0.094444 0.037500 0.066667
92 0.445833 0.094444 0.037500 0.066667
7 0.483333 0.094444 0.037500 0.066667
163 0.520833 0.094444 0.037500 0.066667
65 0.558333 0.094444 0.037500 0.066667
38 0.595833 0.094444 0.037500 0.066667
131 0.633333 0.094444 0.037500 0.066667
31 0.670833 0.094444 0.037500 0.066667
37 0.708333 0.094444 0.037500 0.066667
9 0.334375 0.027778 0.033333 0.059259
381 0.363542 0.027778 0.033333 0.059259
303 0.392708 0.027778 0.033333 0.059259
254 0.421875 0.027778 0.033333 0.059259
9 0.451042 0.027778 0.033333 0.059259
14 0.247917 0.565741 0.114583 0.268519
15 0.247917 0.716667 0.120312 0.023333
337 0.195833 0.744444 0.025000 0.044444
227 0.821354 0.724074 0.025000 0.044444
134 0.846354 0.724074 0.025000 0.044444
146 0.871354 0.724074 0.025000 0.044444
327 0.896354 0.724074 0.025000 0.044444
260 0.850000 0.633333 0.067708 0.092593
20 0.850000 0.696296 0.071094 0.023333
48 0.850000 0.557407 0.038333 0.068148
215 0.403125 0.733333 0.025000 0.044444
281 0.428125 0.733333 0.025000 0.044444
69 0.453125 0.733333 0.025000 0.044444
273 0.478125 0.733333 0.025000 0.044444
319 0.447396 0.605556 0.098958 0.166667
20 0.447396 0.705556 0.103906 0.023333
48 0.447396 0.492593 0.038333 0.068148
168 0.556250 0.734259 0.025000 0.044444
190 0.650000 0.555556 0.197917 0.268519
20 0.650000 0.706481 0.207812 0.023333
167 0.650000 0.391667 0.038333 0.068148
