515 0.351250 0.960648 0.137609 0.316375
398 0.449688 0.935185 0.124215 0.300456
595 0.550312 0.935185 0.124152 0.300376
171 0.648750 0.960648 0.137546 0.316296
184 0.033333 0.094444 0.037500 0.066667
31 0.070833 0.094444 0.037500 0.066667
163 0.108333 0.094444 0.037500 0.066667
8 0.145833 0.094444 0.037500 0.066667
31 0.183333 0.094444 0.037500 0.066667
129 0.220833 0.094444 0.037500 0.066667
132 0.258333 0.094444 0.037500 0.066667
28 0.295833 0.094444 0.037500 0.066667
65 0.333333 0.094444 0.037500 0.066667
30 0.370833 0.094444 0.037500 0.066667
132 0.408333 0.094444 0.037500 0.066667
130 0.445833 0.094444 0.037500 0.066667
108 0.483333 0.094444 0.037500 0.066667
37 0.520833 0.094444 0.037500 0.066667
6 0.558333 0.094444 0.037500 0.066667
93 0.595833 0.094444 0.037500 0.066667
174 0.334375 0.027778 0.033333 0.059259
13 0.363542 0.027778 0.033333 0.059259
13 0.392708 0.027778 0.033333 0.059259
13 0.421875 0.027778 0.033333 0.059259
13 0.451042 0.027778 0.033333 0.059259
14 0.247917 0.565741 0.114583 0.268519
15 0.247917 0.716667 0.120312 0.023333
256 0.195833 0.744444 0.025000 0.044444
78 0.220833 0.744444 0.025000 0.044444
291 0.245833 0.744444 0.025000 0.044444
123 0.626562 0.740741 0.025000 0.044444
435 0.651563 0.740741 0.025000 0.044444
267 0.650000 0.594444 0.057292 0.203704
20 0.650000 0.712963 0.060156 0.023333
170 0.650000 0.462963 0.038333 0.068148
189 0.821354 0.731481 0.025000 0.044444
222 0.846354 0.731481 0.025000 0.044444
73 0.871354 0.731481 0.025000 0.044444
306 0.896354 0.731481 0.025000 0.044444
105 0.850000 0.640741 0.067708 0.092593
20 0.850000 0.703704 0.071094 0.023333
82 0.850000 0.564815 0.038333 0.068148
