500 0.193750 1.000000 0.149621 0.310807
598 0.259375 0.982716 0.140084 0.302077
653 0.332656 0.955556 0.129526 0.291092
394 0.412500 0.930247 0.117934 0.277839
594 0.500000 0.925926 0.105469 0.262500
412 0.587500 0.930247 0.117877 0.277768
85 0.667344 0.955556 0.129470 0.291021
318 0.740625 0.982716 0.140029 0.302007
172 0.806250 1.000000 0.149567 0.310740
8 0.033333 0.094444 0.037500 0.066667
91 0.070833 0.094444 0.037500 0.066667
64 0.108333 0.094444 0.037500 0.066667
29 0.145833 0.094444 0.037500 0.066667
173 0.183333 0.094444 0.037500 0.066667
64 0.220833 0.094444 0.037500 0.066667
64 0.258333 0.094444 0.037500 0.066667
93 0.295833 0.094444 0.037500 0.066667
29 0.333333 0.094444 0.037500 0.066667
32 0.370833 0.094444 0.037500 0.066667
11 0.334375 0.027778 0.033333 0.059259
112 0.363542 0.027778 0.033333 0.059259
13 0.392708 0.027778 0.033333 0.059259
13 0.421875 0.027778 0.033333 0.059259
13 0.451042 0.027778 0.033333 0.059259
14 0.247917 0.565741 0.114583 0.268519
15 0.247917 0.716667 0.120312 0.023333
390 0.195833 0.744444 0.025000 0.044444
291 0.220833 0.744444 0.025000 0.044444
469 0.245833 0.744444 0.025000 0.044444
299 0.819271 0.750926 0.025000 0.044444
103 0.844271 0.750926 0.025000 0.044444
257 0.847917 0.616667 0.067708 0.179630
20 0.847917 0.723148 0.071094 0.023333
48 0.847917 0.497222 0.038333 0.068148
