90 0.182812 1.000000 0.145411 0.296825
410 0.237500 0.976852 0.136936 0.289694
655 0.303125 0.951852 0.127414 0.280350
514 0.379687 0.928704 0.116968 0.268919
365 0.456250 0.921296 0.105583 0.255387
160 0.543750 0.921296 0.105530 0.255319
556 0.620313 0.928704 0.116914 0.268851
651 0.696875 0.951852 0.127362 0.280284
522 0.762500 0.976852 0.136885 0.289630
252 0.817187 1.000000 0.145376 0.296799
199 0.033333 0.094444 0.037500 0.066667
91 0.070833 0.094444 0.037500 0.066667
66 0.108333 0.094444 0.037500 0.066667
37 0.145833 0.094444 0.037500 0.066667
28 0.183333 0.094444 0.037500 0.066667
129 0.220833 0.094444 0.037500 0.066667
130 0.258333 0.094444 0.037500 0.066667
29 0.295833 0.094444 0.037500 0.066667
199 0.333333 0.094444 0.037500 0.066667
66 0.370833 0.094444 0.037500 0.066667
199 0.408333 0.094444 0.037500 0.066667
5 0.445833 0.094444 0.037500 0.066667
33 0.483333 0.094444 0.037500 0.066667
34 0.520833 0.094444 0.037500 0.066667
32 0.558333 0.094444 0.037500 0.066667
38 0.595833 0.094444 0.037500 0.066667
64 0.633333 0.094444 0.037500 0.066667
64 0.670833 0.094444 0.037500 0.066667
290 0.334375 0.027778 0.033333 0.059259
96 0.363542 0.027778 0.033333 0.059259
13 0.392708 0.027778 0.033333 0.059259
13 0.421875 0.027778 0.033333 0.059259
13 0.451042 0.027778 0.033333 0.059259
14 0.247917 0.565741 0.114583 0.268519
15 0.247917 0.716667 0.120312 0.023333
276 0.195833 0.744444 0.025000 0.044444
152 0.642187 0.728704 0.025000 0.044444
292 0.667188 0.728704 0.025000 0.044444
101 0.692187 0.728704 0.025000 0.044444
396 0.670833 0.600926 0.067708 0.166667
20 0.670833 0.700926 0.071094 0.023333
158 0.670833 0.487963 0.038333 0.068148
165 0.771875 0.724074 0.025000 0.044444
80 0.796875 0.724074 0.025000 0.044444
74 0.821875 0.724074 0.025000 0.044444
441 0.839583 0.563889 0.145833 0.231481
20 0.839583 0.696296 0.153125 0.023333
170 0.839583 0.418519 0.038333 0.068148
291 0.366667 0.738889 0.025000 0.044444
124 0.391667 0.738889 0.025000 0.044444
41 0.416667 0.738889 0.025000 0.044444
422 0.452604 0.490741 0.182292 0.407407
20 0.452604 0.711111 0.191406 0.023333
48 0.452604 0.257407 0.038333 0.068148
