625 0.270312 0.986111 0.149899 0.329824
615 0.357812 0.949074 0.137609 0.316375
638 0.452969 0.925926 0.124215 0.300456
317 0.547031 0.925926 0.124152 0.300376
596 0.642187 0.949074 0.137546 0.316296
622 0.729688 0.986111 0.149838 0.329746
36 0.033333 0.094444 0.037500 0.066667
92 0.070833 0.094444 0.037500 0.066667
4 0.108333 0.094444 0.037500 0.066667
4 0.145833 0.094444 0.037500 0.066667
65 0.183333 0.094444 0.037500 0.066667
184 0.220833 0.094444 0.037500 0.066667
6 0.258333 0.094444 0.037500 0.066667
29 0.295833 0.094444 0.037500 0.066667
93 0.333333 0.094444 0.037500 0.066667
5 0.370833 0.094444 0.037500 0.066667
8 0.408333 0.094444 0.037500 0.066667
144 0.334375 0.027778 0.033333 0.059259
174 0.363542 0.027778 0.033333 0.059259
144 0.392708 0.027778 0.033333 0.059259
272 0.421875 0.027778 0.033333 0.059259
13 0.451042 0.027778 0.033333 0.059259
14 0.247917 0.565741 0.114583 0.268519
15 0.247917 0.716667 0.120312 0.023333
390 0.195833 0.744444 0.025000 0.044444
188 0.220833 0.744444 0.025000 0.044444
201 0.245833 0.744444 0.025000 0.044444
203 0.270833 0.744444 0.025000 0.044444
135 0.810938 0.729630 0.025000 0.044444
74 0.835938 0.729630 0.025000 0.044444
103 0.860937 0.729630 0.025000 0.044444
151 0.885938 0.729630 0.025000 0.044444
405 0.850000 0.578704 0.088542 0.212963
20 0.850000 0.701852 0.092969 0.023333
170 0.850000 0.442593 0.038333 0.068148
