494 0.226563 1.000000 0.153046 0.323776
27 0.300938 0.968750 0.142404 0.313332
504 0.379687 0.943287 0.130728 0.300556
507 0.458438 0.925926 0.118005 0.285433
437 0.541562 0.925926 0.117945 0.285357
443 0.620313 0.943287 0.130669 0.300481
245 0.693594 0.968750 0.142346 0.313258
429 0.773438 1.000000 0.152989 0.323704
92 0.033333 0.094444 0.037500 0.066667
199 0.070833 0.094444 0.037500 0.066667
32 0.108333 0.094444 0.037500 0.066667
67 0.145833 0.094444 0.037500 0.066667
94 0.183333 0.094444 0.037500 0.066667
65 0.220833 0.094444 0.037500 0.066667
108 0.258333 0.094444 0.037500 0.066667
29 0.295833 0.094444 0.037500 0.066667
64 0.333333 0.094444 0.037500 0.066667
8 0.370833 0.094444 0.037500 0.066667
38 0.408333 0.094444 0.037500 0.066667
33 0.445833 0.094444 0.037500 0.066667
174 0.334375 0.027778 0.033333 0.059259
303 0.363542 0.027778 0.033333 0.059259
13 0.392708 0.027778 0.033333 0.059259
13 0.421875 0.027778 0.033333 0.059259
13 0.451042 0.027778 0.033333 0.059259
14 0.247917 0.565741 0.114583 0.268519
15 0.247917 0.716667 0.120312 0.023333
43 0.195833 0.744444 0.025000 0.044444
378 0.220833 0.744444 0.025000 0.044444
78 0.382292 0.720370 0.025000 0.044444
601 0.450000 0.546296 0.145833 0.259259
20 0.450000 0.692593 0.153125 0.023333
167 0.450000 0.387037 0.038333 0.068148
258 0.797917 0.737037 0.025000 0.044444
175 0.822917 0.737037 0.025000 0.044444
120 0.847917 0.737037 0.025000 0.044444
426 0.844792 0.562963 0.104167 0.259259
20 0.844792 0.709259 0.109375 0.023333
170 0.844792 0.403704 0.038333 0.068148
416 0.543229 0.748148 0.025000 0.044444
337 0.568229 0.748148 0.025000 0.044444
165 0.593229 0.748148 0.025000 0.044444
401 0.618229 0.748148 0.025000 0.044444
358 0.650000 0.537037 0.223958 0.333333
20 0.650000 0.720370 0.235156 0.023333
21 0.650000 0.340741 0.038333 0.068148
