634 0.226563 1.000000 0.153046 0.323776
444 0.300938 0.968750 0.142404 0.313332
237 0.379687 0.943287 0.130728 0.300556
244 0.458438 0.925926 0.118005 0.285433
564 0.541562 0.925926 0.117945 0.285357
501 0.620313 0.943287 0.130669 0.300481
352 0.693594 0.968750 0.142346 0.313258
637 0.773438 1.000000 0.152989 0.323704
34 0.033333 0.094444 0.037500 0.066667
4 0.070833 0.094444 0.037500 0.066667
67 0.108333 0.094444 0.037500 0.066667
5 0.145833 0.094444 0.037500 0.066667
163 0.183333 0.094444 0.037500 0.066667
184 0.220833 0.094444 0.037500 0.066667
66 0.258333 0.094444 0.037500 0.066667
28 0.295833 0.094444 0.037500 0.066667
93 0.333333 0.094444 0.037500 0.066667
29 0.370833 0.094444 0.037500 0.066667
94 0.408333 0.094444 0.037500 0.066667
32 0.445833 0.094444 0.037500 0.066667
199 0.483333 0.094444 0.037500 0.066667
377 0.334375 0.027778 0.033333 0.059259
13 0.363542 0.027778 0.033333 0.059259
13 0.392708 0.027778 0.033333 0.059259
13 0.421875 0.027778 0.033333 0.059259
13 0.451042 0.027778 0.033333 0.059259
14 0.247917 0.565741 0.114583 0.268519
15 0.247917 0.716667 0.120312 0.023333
390 0.195833 0.744444 0.025000 0.044444
454 0.803125 0.729630 0.025000 0.044444
177 0.828125 0.729630 0.025000 0.044444
295 0.853125 0.729630 0.025000 0.044444
382 0.850000 0.583333 0.104167 0.203704
20 0.850000 0.701852 0.109375 0.023333
48 0.850000 0.451852 0.038333 0.068148
