422 0.401563 0.953704 0.131037 0.308710
408 0.500000 0.925926 0.117188 0.291667
92 0.598437 0.953704 0.130975 0.308631
101 0.033333 0.094444 0.037500 0.066667
49 0.070833 0.094444 0.037500 0.066667
103 0.334375 0.027778 0.033333 0.059259
207 0.363542 0.027778 0.033333 0.059259
311 0.392708 0.027778 0.033333 0.059259
81 0.421875 0.027778 0.033333 0.059259
81 0.451042 0.027778 0.033333 0.059259
25 0.247917 0.565741 0.114583 0.268519
26 0.247917 0.716667 0.120312 0.023333
284 0.195833 0.744444 0.025000 0.044444
173 0.220833 0.744444 0.025000 0.044444
150 0.245833 0.744444 0.025000 0.044444
219 0.270833 0.744444 0.025000 0.044444
165 0.551042 0.743519 0.025000 0.044444
190 0.650000 0.509259 0.208333 0.379630
32 0.650000 0.715741 0.218750 0.023333
178 0.650000 0.289815 0.038333 0.068148
367 0.818750 0.706481 0.025000 0.044444
209 0.843750 0.706481 0.025000 0.044444
287 0.868750 0.706481 0.025000 0.044444
87 0.893750 0.706481 0.025000 0.044444
458 0.850000 0.601852 0.072917 0.120370
32 0.850000 0.678704 0.076563 0.023333
33 0.850000 0.512037 0.038333 0.068148
149 0.335417 0.729630 0.025000 0.044444
303 0.360417 0.729630 0.025000 0.044444
29 0.385417 0.729630 0.025000 0.044444
414 0.410417 0.729630 0.025000 0.044444
329 0.450000 0.546296 0.239583 0.277778
32 0.450000 0.701852 0.251562 0.023333
33 0.450000 0.377778 0.038333 0.068148
