654 0.226563 1.000000 0.153046 0.323776
365 0.300938 0.968750 0.142404 0.313332
602 0.379687 0.943287 0.130728 0.300556
494 0.458438 0.925926 0.118005 0.285433
648 0.541562 0.925926 0.117945 0.285357
27 0.620313 0.943287 0.130669 0.300481
248 0.693594 0.968750 0.142346 0.313258
595 0.773438 1.000000 0.152989 0.323704
8 0.033333 0.094444 0.037500 0.066667
35 0.070833 0.094444 0.037500 0.066667
129 0.108333 0.094444 0.037500 0.066667
34 0.145833 0.094444 0.037500 0.066667
6 0.183333 0.094444 0.037500 0.066667
32 0.220833 0.094444 0.037500 0.066667
94 0.258333 0.094444 0.037500 0.066667
29 0.295833 0.094444 0.037500 0.066667
91 0.333333 0.094444 0.037500 0.066667
65 0.370833 0.094444 0.037500 0.066667
91 0.408333 0.094444 0.037500 0.066667
33 0.445833 0.094444 0.037500 0.066667
4 0.483333 0.094444 0.037500 0.066667
199 0.520833 0.094444 0.037500 0.066667
33 0.558333 0.094444 0.037500 0.066667
92 0.595833 0.094444 0.037500 0.066667
32 0.633333 0.094444 0.037500 0.066667
108 0.670833 0.094444 0.037500 0.066667
94 0.708333 0.094444 0.037500 0.066667
377 0.334375 0.027778 0.033333 0.059259
13 0.363542 0.027778 0.033333 0.059259
13 0.392708 0.027778 0.033333 0.059259
13 0.421875 0.027778 0.033333 0.059259
13 0.451042 0.027778 0.033333 0.059259
14 0.247917 0.565741 0.114583 0.268519
15 0.247917 0.716667 0.120312 0.023333
178 0.195833 0.744444 0.025000 0.044444
265 0.220833 0.744444 0.025000 0.044444
80 0.610937 0.729630 0.025000 0.044444
402 0.635938 0.729630 0.025000 0.044444
516 0.650000 0.578704 0.088542 0.212963
20 0.650000 0.701852 0.092969 0.023333
48 0.650000 0.442593 0.038333 0.068148
292 0.726042 0.729630 0.025000 0.044444
77 0.751042 0.729630 0.025000 0.044444
378 0.776042 0.729630 0.025000 0.044444
282 0.844792 0.495370 0.247917 0.379630
20 0.844792 0.701852 0.260312 0.023333
48 0.844792 0.275926 0.038333 0.068148
