513 0.401563 0.953704 0.131037 0.308710
579 0.500000 0.925926 0.117188 0.291667
610 0.598437 0.953704 0.130975 0.308631
33 0.033333 0.094444 0.037500 0.066667
130 0.070833 0.094444 0.037500 0.066667
163 0.108333 0.094444 0.037500 0.066667
7 0.145833 0.094444 0.037500 0.066667
30 0.183333 0.094444 0.037500 0.066667
6 0.220833 0.094444 0.037500 0.066667
93 0.258333 0.094444 0.037500 0.066667
186 0.334375 0.027778 0.033333 0.059259
13 0.363542 0.027778 0.033333 0.059259
13 0.392708 0.027778 0.033333 0.059259
13 0.421875 0.027778 0.033333 0.059259
13 0.451042 0.027778 0.033333 0.059259
14 0.247917 0.565741 0.114583 0.268519
15 0.247917 0.716667 0.120312 0.023333
259 0.195833 0.744444 0.025000 0.044444
222 0.220833 0.744444 0.025000 0.044444
114 0.245833 0.744444 0.025000 0.044444
136 0.410937 0.729630 0.025000 0.044444
43 0.435937 0.729630 0.025000 0.044444
405 0.450000 0.578704 0.088542 0.212963
20 0.450000 0.701852 0.092969 0.023333
170 0.450000 0.442593 0.038333 0.068148
148 0.803125 0.729630 0.025000 0.044444
401 0.828125 0.729630 0.025000 0.044444
382 0.850000 0.583333 0.104167 0.203704
20 0.850000 0.701852 0.109375 0.023333
48 0.850000 0.451852 0.038333 0.068148
122 0.525000 0.752778 0.025000 0.044444
146 0.550000 0.752778 0.025000 0.044444
397 0.644792 0.509259 0.250000 0.398148
20 0.644792 0.725000 0.262500 0.023333
48 0.644792 0.280556 0.038333 0.068148
