457 0.182812 1.000000 0.145411 0.296825
641 0.237500 0.976852 0.136936 0.289694
643 0.303125 0.951852 0.127414 0.280350
463 0.379687 0.928704 0.116968 0.268919
568 0.456250 0.921296 0.105583 0.255387
586 0.543750 0.921296 0.105530 0.255319
252 0.620313 0.928704 0.116914 0.268851
543 0.696875 0.951852 0.127362 0.280284
561 0.762500 0.976852 0.136885 0.289630
637 0.817187 1.000000 0.145376 0.296799
107 0.033333 0.094444 0.037500 0.066667
173 0.070833 0.094444 0.037500 0.066667
93 0.108333 0.094444 0.037500 0.066667
33 0.145833 0.094444 0.037500 0.066667
29 0.183333 0.094444 0.037500 0.066667
64 0.220833 0.094444 0.037500 0.066667
29 0.258333 0.094444 0.037500 0.066667
163 0.295833 0.094444 0.037500 0.066667
64 0.333333 0.094444 0.037500 0.066667
5 0.370833 0.094444 0.037500 0.066667
111 0.334375 0.027778 0.033333 0.059259
11 0.363542 0.027778 0.033333 0.059259
13 0.392708 0.027778 0.033333 0.059259
13 0.421875 0.027778 0.033333 0.059259
13 0.451042 0.027778 0.033333 0.059259
14 0.247917 0.565741 0.114583 0.268519
15 0.247917 0.716667 0.120312 0.023333
41 0.195833 0.744444 0.025000 0.044444
222 0.220833 0.744444 0.025000 0.044444
239 0.245833 0.744444 0.025000 0.044444
227 0.791146 0.729630 0.025000 0.044444
296 0.816146 0.729630 0.025000 0.044444
168 0.841146 0.729630 0.025000 0.044444
46 0.866146 0.729630 0.025000 0.044444
221 0.845833 0.574074 0.119792 0.222222
20 0.845833 0.701852 0.125781 0.023333
48 0.845833 0.433333 0.038333 0.068148
