350 0.226563 1.000000 0.153046 0.323776
219 0.300938 0.968750 0.142404 0.313332
161 0.379687 0.943287 0.130728 0.300556
161 0.458438 0.925926 0.118005 0.285433
261 0.541562 0.925926 0.117945 0.285357
552 0.620313 0.943287 0.130669 0.300481
498 0.693594 0.968750 0.142346 0.313258
588 0.773438 1.000000 0.152989 0.323704
131 0.033333 0.094444 0.037500 0.066667
31 0.070833 0.094444 0.037500 0.066667
129 0.108333 0.094444 0.037500 0.066667
107 0.145833 0.094444 0.037500 0.066667
64 0.183333 0.094444 0.037500 0.066667
35 0.220833 0.094444 0.037500 0.066667
7 0.258333 0.094444 0.037500 0.066667
94 0.295833 0.094444 0.037500 0.066667
8 0.333333 0.094444 0.037500 0.066667
8 0.370833 0.094444 0.037500 0.066667
173 0.408333 0.094444 0.037500 0.066667
93 0.445833 0.094444 0.037500 0.066667
67 0.483333 0.094444 0.037500 0.066667
32 0.520833 0.094444 0.037500 0.066667
92 0.558333 0.094444 0.037500 0.066667
67 0.595833 0.094444 0.037500 0.066667
31 0.633333 0.094444 0.037500 0.066667
110 0.670833 0.094444 0.037500 0.066667
91 0.708333 0.094444 0.037500 0.066667
9 0.334375 0.027778 0.033333 0.059259
39 0.363542 0.027778 0.033333 0.059259
13 0.392708 0.027778 0.033333 0.059259
13 0.421875 0.027778 0.033333 0.059259
13 0.451042 0.027778 0.033333 0.059259
14 0.247917 0.565741 0.114583 0.268519
15 0.247917 0.716667 0.120312 0.023333
45 0.195833 0.744444 0.025000 0.044444
73 0.220833 0.744444 0.025000 0.044444
177 0.245833 0.744444 0.025000 0.044444
447 0.270833 0.744444 0.025000 0.044444
241 0.756250 0.743519 0.025000 0.044444
297 0.870833 0.583333 0.239583 0.231481
20 0.870833 0.715741 0.251562 0.023333
48 0.870833 0.437963 0.038333 0.068148
