409 0.401563 0.953704 0.131037 0.308710
410 0.500000 0.925926 0.117188 0.291667
323 0.598437 0.953704 0.130975 0.308631
94 0.033333 0.094444 0.037500 0.066667
173 0.070833 0.094444 0.037500 0.066667
28 0.108333 0.094444 0.037500 0.066667
129 0.145833 0.094444 0.037500 0.066667
91 0.183333 0.094444 0.037500 0.066667
91 0.220833 0.094444 0.037500 0.066667
36 0.258333 0.094444 0.037500 0.066667
129 0.295833 0.094444 0.037500 0.066667
272 0.334375 0.027778 0.033333 0.059259
185 0.363542 0.027778 0.033333 0.059259
290 0.392708 0.027778 0.033333 0.059259
95 0.421875 0.027778 0.033333 0.059259
13 0.451042 0.027778 0.033333 0.059259
14 0.247917 0.565741 0.114583 0.268519
15 0.247917 0.716667 0.120312 0.023333
46 0.195833 0.744444 0.025000 0.044444
270 0.782812 0.734259 0.025000 0.044444
168 0.807813 0.734259 0.025000 0.044444
258 0.832812 0.734259 0.025000 0.044444
485 0.842708 0.537037 0.130208 0.305556
20 0.842708 0.706481 0.136719 0.023333
72 0.842708 0.354630 0.038333 0.068148
242 0.605729 0.738889 0.025000 0.044444
77 0.630729 0.738889 0.025000 0.044444
369 0.655729 0.738889 0.025000 0.044444
74 0.680729 0.738889 0.025000 0.044444
329 0.647396 0.564815 0.093750 0.259259
20 0.647396 0.711111 0.098437 0.023333
21 0.647396 0.405556 0.038333 0.068148
