513 0.270312 0.986111 0.149899 0.329824
639 0.357812 0.949074 0.137609 0.316375
370 0.452969 0.925926 0.124215 0.300456
341 0.547031 0.925926 0.124152 0.300376
517 0.642187 0.949074 0.137546 0.316296
372 0.729688 0.986111 0.149838 0.329746
7 0.033333 0.094444 0.037500 0.066667
94 0.070833 0.094444 0.037500 0.066667
29 0.108333 0.094444 0.037500 0.066667
33 0.145833 0.094444 0.037500 0.066667
144 0.334375 0.027778 0.033333 0.059259
238 0.363542 0.027778 0.033333 0.059259
186 0.392708 0.027778 0.033333 0.059259
112 0.421875 0.027778 0.033333 0.059259
272 0.451042 0.027778 0.033333 0.059259
14 0.247917 0.565741 0.114583 0.268519
15 0.247917 0.716667 0.120312 0.023333
97 0.195833 0.744444 0.025000 0.044444
270 0.810938 0.729630 0.025000 0.044444
45 0.835938 0.729630 0.025000 0.044444
524 0.860937 0.729630 0.025000 0.044444
405 0.850000 0.578704 0.088542 0.212963
20 0.850000 0.701852 0.092969 0.023333
170 0.850000 0.442593 0.038333 0.068148
79 0.553646 0.725926 0.025000 0.044444
243 0.650000 0.500926 0.203125 0.361111
20 0.650000 0.698148 0.213281 0.023333
170 0.650000 0.290741 0.038333 0.068148
