456 0.237500 1.000000 0.155649 0.335641
161 0.314063 0.968783 0.143917 0.323435
640 0.401563 0.945767 0.131037 0.308710
474 0.500000 0.931481 0.117188 0.291667
302 0.598437 0.945767 0.130975 0.308631
351 0.685938 0.968783 0.143855 0.323357
621 0.762500 1.000000 0.155588 0.335564
37 0.033333 0.094444 0.037500 0.066667
93 0.070833 0.094444 0.037500 0.066667
6 0.108333 0.094444 0.037500 0.066667
29 0.145833 0.094444 0.037500 0.066667
37 0.183333 0.094444 0.037500 0.066667
110 0.220833 0.094444 0.037500 0.066667
30 0.258333 0.094444 0.037500 0.066667
92 0.295833 0.094444 0.037500 0.066667
112 0.334375 0.027778 0.033333 0.059259
185 0.363542 0.027778 0.033333 0.059259
355 0.392708 0.027778 0.033333 0.059259
290 0.421875 0.027778 0.033333 0.059259
13 0.451042 0.027778 0.033333 0.059259
14 0.247917 0.565741 0.114583 0.268519
15 0.247917 0.716667 0.120312 0.023333
49 0.195833 0.744444 0.025000 0.044444
416 0.791146 0.729630 0.025000 0.044444
43 0.816146 0.729630 0.025000 0.044444
55 0.841146 0.729630 0.025000 0.044444
222 0.866146 0.729630 0.025000 0.044444
221 0.845833 0.574074 0.119792 0.222222
20 0.845833 0.701852 0.125781 0.023333
48 0.845833 0.433333 0.038333 0.068148
