249 0.226563 1.000000 0.153046 0.323776
27 0.300938 0.968750 0.142404 0.313332
250 0.379687 0.943287 0.130728 0.300556
508 0.458438 0.925926 0.118005 0.285433
106 0.541562 0.925926 0.117945 0.285357
532 0.620313 0.943287 0.130669 0.300481
195 0.693594 0.968750 0.142346 0.313258
182 0.773438 1.000000 0.152989 0.323704
64 0.033333 0.094444 0.037500 0.066667
64 0.070833 0.094444 0.037500 0.066667
37 0.108333 0.094444 0.037500 0.066667
37 0.145833 0.094444 0.037500 0.066667
35 0.183333 0.094444 0.037500 0.066667
7 0.220833 0.094444 0.037500 0.066667
28 0.258333 0.094444 0.037500 0.066667
110 0.295833 0.094444 0.037500 0.066667
36 0.333333 0.094444 0.037500 0.066667
67 0.370833 0.094444 0.037500 0.066667
36 0.408333 0.094444 0.037500 0.066667
31 0.445833 0.094444 0.037500 0.066667
108 0.483333 0.094444 0.037500 0.066667
130 0.520833 0.094444 0.037500 0.066667
4 0.558333 0.094444 0.037500 0.066667
39 0.334375 0.027778 0.033333 0.059259
214 0.363542 0.027778 0.033333 0.059259
68 0.392708 0.027778 0.033333 0.059259
290 0.421875 0.027778 0.033333 0.059259
13 0.451042 0.027778 0.033333 0.059259
14 0.247917 0.565741 0.114583 0.268519
15 0.247917 0.716667 0.120312 0.023333
275 0.195833 0.744444 0.025000 0.044444
313 0.220833 0.744444 0.025000 0.044444
202 0.245833 0.744444 0.025000 0.044444
155 0.810938 0.729630 0.025000 0.044444
276 0.835938 0.729630 0.025000 0.044444
516 0.850000 0.578704 0.088542 0.212963
20 0.850000 0.701852 0.092969 0.023333
170 0.850000 0.442593 0.038333 0.068148
116 0.558854 0.725000 0.025000 0.044444
146 0.583854 0.725000 0.025000 0.044444
476 0.650000 0.523148 0.192708 0.314815
20 0.650000 0.697222 0.202344 0.023333
48 0.650000 0.336111 0.038333 0.068148
366 0.411979 0.740741 0.025000 0.044444
81 0.445833 0.626852 0.078125 0.138889
20 0.445833 0.712963 0.082031 0.023333
82 0.445833 0.527778 0.038333 0.068148
