346 0.401563 0.953704 0.131037 0.308710
450 0.500000 0.925926 0.117188 0.291667
413 0.598437 0.953704 0.130975 0.308631
132 0.033333 0.094444 0.037500 0.066667
38 0.070833 0.094444 0.037500 0.066667
6 0.108333 0.094444 0.037500 0.066667
64 0.145833 0.094444 0.037500 0.066667
64 0.183333 0.094444 0.037500 0.066667
131 0.220833 0.094444 0.037500 0.066667
110 0.258333 0.094444 0.037500 0.066667
214 0.334375 0.027778 0.033333 0.059259
111 0.363542 0.027778 0.033333 0.059259
214 0.392708 0.027778 0.033333 0.059259
68 0.421875 0.027778 0.033333 0.059259
95 0.451042 0.027778 0.033333 0.059259
14 0.247917 0.565741 0.114583 0.268519
15 0.247917 0.716667 0.120312 0.023333
151 0.195833 0.744444 0.025000 0.044444
294 0.220833 0.744444 0.025000 0.044444
155 0.748438 0.729630 0.025000 0.044444
278 0.860417 0.476852 0.234375 0.416667
20 0.860417 0.701852 0.246094 0.023333
170 0.860417 0.238889 0.038333 0.068148
