411 0.193750 1.000000 0.149621 0.310807
624 0.259375 0.982716 0.140084 0.302077
586 0.332656 0.955556 0.129526 0.291092
431 0.412500 0.930247 0.117934 0.277839
606 0.500000 0.925926 0.105469 0.262500
335 0.587500 0.930247 0.117877 0.277768
625 0.667344 0.955556 0.129470 0.291021
89 0.740625 0.982716 0.140029 0.302007
403 0.806250 1.000000 0.149567 0.310740
35 0.033333 0.094444 0.037500 0.066667
35 0.070833 0.094444 0.037500 0.066667
109 0.108333 0.094444 0.037500 0.066667
107 0.145833 0.094444 0.037500 0.066667
94 0.183333 0.094444 0.037500 0.066667
4 0.220833 0.094444 0.037500 0.066667
173 0.258333 0.094444 0.037500 0.066667
28 0.295833 0.094444 0.037500 0.066667
65 0.333333 0.094444 0.037500 0.066667
91 0.370833 0.094444 0.037500 0.066667
4 0.408333 0.094444 0.037500 0.066667
199 0.445833 0.094444 0.037500 0.066667
199 0.483333 0.094444 0.037500 0.066667
7 0.520833 0.094444 0.037500 0.066667
34 0.558333 0.094444 0.037500 0.066667
94 0.595833 0.094444 0.037500 0.066667
130 0.633333 0.094444 0.037500 0.066667
68 0.334375 0.027778 0.033333 0.059259
290 0.363542 0.027778 0.033333 0.059259
290 0.392708 0.027778 0.033333 0.059259
13 0.421875 0.027778 0.033333 0.059259
13 0.451042 0.027778 0.033333 0.059259
14 0.247917 0.565741 0.114583 0.268519
15 0.247917 0.716667 0.120312 0.023333
228 0.195833 0.744444 0.025000 0.044444
43 0.220833 0.744444 0.025000 0.044444
55 0.245833 0.744444 0.025000 0.044444
51 0.587500 0.716667 0.025000 0.044444
425 0.612500 0.716667 0.025000 0.044444
348 0.650000 0.593518 0.135417 0.157407
20 0.650000 0.688889 0.142188 0.023333
48 0.650000 0.485185 0.038333 0.068148
347 0.751042 0.731481 0.025000 0.044444
164 0.776042 0.731481 0.025000 0.044444
17 0.801042 0.731481 0.025000 0.044444
19 0.850000 0.525000 0.208333 0.324074
20 0.850000 0.703704 0.218750 0.023333
21 0.850000 0.333333 0.038333 0.068148
