538 0.401563 0.953704 0.131037 0.308710
196 0.500000 0.925926 0.117188 0.291667
493 0.598437 0.953704 0.130975 0.308631
107 0.033333 0.094444 0.037500 0.066667
36 0.070833 0.094444 0.037500 0.066667
108 0.108333 0.094444 0.037500 0.066667
91 0.145833 0.094444 0.037500 0.066667
38 0.183333 0.094444 0.037500 0.066667
31 0.220833 0.094444 0.037500 0.066667
37 0.258333 0.094444 0.037500 0.066667
4 0.295833 0.094444 0.037500 0.066667
110 0.333333 0.094444 0.037500 0.066667
184 0.370833 0.094444 0.037500 0.066667
9 0.334375 0.027778 0.033333 0.059259
13 0.363542 0.027778 0.033333 0.059259
13 0.392708 0.027778 0.033333 0.059259
13 0.421875 0.027778 0.033333 0.059259
13 0.451042 0.027778 0.033333 0.059259
14 0.247917 0.565741 0.114583 0.268519
15 0.247917 0.716667 0.120312 0.023333
307 0.195833 0.744444 0.025000 0.044444
454 0.220833 0.744444 0.025000 0.044444
378 0.245833 0.744444 0.025000 0.044444
242 0.270833 0.744444 0.025000 0.044444
175 0.603125 0.741667 0.025000 0.044444
205 0.628125 0.741667 0.025000 0.044444
469 0.653125 0.741667 0.025000 0.044444
314 0.678125 0.741667 0.025000 0.044444
217 0.644792 0.565278 0.093750 0.263889
20 0.644792 0.713889 0.098437 0.023333
158 0.644792 0.403704 0.038333 0.068148
124 0.740625 0.739815 0.025000 0.044444
367 0.765625 0.739815 0.025000 0.044444
446 0.852604 0.551852 0.234375 0.287037
20 0.852604 0.712037 0.246094 0.023333
170 0.852604 0.378704 0.038333 0.068148
