62 0.351250 0.960648 0.137609 0.316375
410 0.449688 0.935185 0.124215 0.300456
460 0.550312 0.935185 0.124152 0.300376
244 0.648750 0.960648 0.137546 0.316296
28 0.033333 0.094444 0.037500 0.066667
92 0.070833 0.094444 0.037500 0.066667
7 0.108333 0.094444 0.037500 0.066667
92 0.145833 0.094444 0.037500 0.066667
38 0.183333 0.094444 0.037500 0.066667
34 0.220833 0.094444 0.037500 0.066667
4 0.258333 0.094444 0.037500 0.066667
34 0.295833 0.094444 0.037500 0.066667
109 0.333333 0.094444 0.037500 0.066667
65 0.370833 0.094444 0.037500 0.066667
28 0.408333 0.094444 0.037500 0.066667
34 0.445833 0.094444 0.037500 0.066667
5 0.483333 0.094444 0.037500 0.066667
108 0.520833 0.094444 0.037500 0.066667
199 0.558333 0.094444 0.037500 0.066667
31 0.595833 0.094444 0.037500 0.066667
129 0.633333 0.094444 0.037500 0.066667
66 0.670833 0.094444 0.037500 0.066667
129 0.708333 0.094444 0.037500 0.066667
355 0.334375 0.027778 0.033333 0.059259
255 0.363542 0.027778 0.033333 0.059259
303 0.392708 0.027778 0.033333 0.059259
144 0.421875 0.027778 0.033333 0.059259
13 0.451042 0.027778 0.033333 0.059259
14 0.247917 0.565741 0.114583 0.268519
15 0.247917 0.716667 0.120312 0.023333
43 0.195833 0.744444 0.025000 0.044444
416 0.220833 0.744444 0.025000 0.044444
73 0.245833 0.744444 0.025000 0.044444
408 0.270833 0.744444 0.025000 0.044444
74 0.623958 0.706481 0.025000 0.044444
120 0.648958 0.706481 0.025000 0.044444
175 0.673958 0.706481 0.025000 0.044444
202 0.698958 0.706481 0.025000 0.044444
71 0.650000 0.569444 0.062500 0.185185
20 0.650000 0.678704 0.065625 0.023333
72 0.650000 0.447222 0.038333 0.068148
242 0.421354 0.731481 0.025000 0.044444
50 0.446354 0.731481 0.025000 0.044444
105 0.450000 0.640741 0.067708 0.092593
20 0.450000 0.703704 0.071094 0.023333
82 0.450000 0.564815 0.038333 0.068148
269 0.808333 0.711111 0.025000 0.044444
187 0.833333 0.711111 0.025000 0.044444
390 0.858333 0.711111 0.025000 0.044444
206 0.850000 0.523148 0.093750 0.287037
20 0.850000 0.683333 0.098437 0.023333
48 0.850000 0.350000 0.038333 0.068148
