250 0.351250 0.960648 0.137609 0.316375
612 0.449688 0.935185 0.124215 0.300456
245 0.550312 0.935185 0.124152 0.300376
622 0.648750 0.960648 0.137546 0.316296
64 0.033333 0.094444 0.037500 0.066667
109 0.070833 0.094444 0.037500 0.066667
129 0.108333 0.094444 0.037500 0.066667
8 0.145833 0.094444 0.037500 0.066667
110 0.183333 0.094444 0.037500 0.066667
131 0.220833 0.094444 0.037500 0.066667
290 0.334375 0.027778 0.033333 0.059259
96 0.363542 0.027778 0.033333 0.059259
11 0.392708 0.027778 0.033333 0.059259
68 0.421875 0.027778 0.033333 0.059259
13 0.451042 0.027778 0.033333 0.059259
14 0.247917 0.565741 0.114583 0.268519
15 0.247917 0.716667 0.120312 0.023333
269 0.195833 0.744444 0.025000 0.044444
414 0.220833 0.744444 0.025000 0.044444
328 0.810938 0.698223 0.025000 0.044444
177 0.835938 0.698223 0.025000 0.044444
337 0.860937 0.698223 0.025000 0.044444
378 0.885938 0.698223 0.025000 0.044444
448 0.850000 0.593594 0.088542 0.120370
20 0.850000 0.670445 0.092969 0.023333
48 0.850000 0.503779 0.038333 0.068148
