420 0.182812 1.000000 0.145411 0.296825
341 0.237500 0.976852 0.136936 0.289694
450 0.303125 0.951852 0.127414 0.280350
196 0.379687 0.928704 0.116968 0.268919
342 0.456250 0.921296 0.105583 0.255387
466 0.543750 0.921296 0.105530 0.255319
379 0.620313 0.928704 0.116914 0.268851
60 0.696875 0.951852 0.127362 0.280284
219 0.762500 0.976852 0.136885 0.289630
128 0.817187 1.000000 0.145376 0.296799
6 0.033333 0.094444 0.037500 0.066667
67 0.070833 0.094444 0.037500 0.066667
34 0.108333 0.094444 0.037500 0.066667
108 0.145833 0.094444 0.037500 0.066667
33 0.183333 0.094444 0.037500 0.066667
130 0.220833 0.094444 0.037500 0.066667
132 0.258333 0.094444 0.037500 0.066667
34 0.295833 0.094444 0.037500 0.066667
108 0.333333 0.094444 0.037500 0.066667
355 0.334375 0.027778 0.033333 0.059259
111 0.363542 0.027778 0.033333 0.059259
272 0.392708 0.027778 0.033333 0.059259
381 0.421875 0.027778 0.033333 0.059259
145 0.451042 0.027778 0.033333 0.059259
14 0.247917 0.565741 0.114583 0.268519
15 0.247917 0.716667 0.120312 0.023333
178 0.195833 0.744444 0.025000 0.044444
371 0.220833 0.744444 0.025000 0.044444
328 0.726042 0.729630 0.025000 0.044444
69 0.751042 0.729630 0.025000 0.044444
282 0.844792 0.495370 0.247917 0.379630
20 0.844792 0.701852 0.260312 0.023333
170 0.844792 0.275926 0.038333 0.068148
