388 0.314063 0.986111 0.143917 0.323435
230 0.401563 0.953704 0.131037 0.308710
520 0.500000 0.935185 0.117188 0.291667
346 0.598437 0.953704 0.130975 0.308631
251 0.685938 0.986111 0.143855 0.323357
94 0.033333 0.094444 0.037500 0.066667
31 0.070833 0.094444 0.037500 0.066667
38 0.108333 0.094444 0.037500 0.066667
8 0.145833 0.094444 0.037500 0.066667
91 0.183333 0.094444 0.037500 0.066667
199 0.220833 0.094444 0.037500 0.066667
35 0.258333 0.094444 0.037500 0.066667
110 0.295833 0.094444 0.037500 0.066667
64 0.333333 0.094444 0.037500 0.066667
31 0.370833 0.094444 0.037500 0.066667
109 0.408333 0.094444 0.037500 0.066667
67 0.445833 0.094444 0.037500 0.066667
93 0.483333 0.094444 0.037500 0.066667
163 0.520833 0.094444 0.037500 0.066667
163 0.558333 0.094444 0.037500 0.066667
28 0.595833 0.094444 0.037500 0.066667
144 0.334375 0.027778 0.033333 0.059259
143 0.363542 0.027778 0.033333 0.059259
255 0.392708 0.027778 0.033333 0.059259
13 0.421875 0.027778 0.033333 0.059259
13 0.451042 0.027778 0.033333 0.059259
14 0.247917 0.565741 0.114583 0.268519
15 0.247917 0.716667 0.120312 0.023333
241 0.195833 0.744444 0.025000 0.044444
296 0.803125 0.729630 0.025000 0.044444
177 0.828125 0.729630 0.025000 0.044444
155 0.853125 0.729630 0.025000 0.044444
531 0.850000 0.583333 0.104167 0.203704
20 0.850000 0.701852 0.109375 0.023333
48 0.850000 0.451852 0.038333 0.068148
226 0.551042 0.743519 0.025000 0.044444
222 0.576042 0.743519 0.025000 0.044444
269 0.601042 0.743519 0.025000 0.044444
338 0.650000 0.509259 0.208333 0.379630
20 0.650000 0.715741 0.218750 0.023333
48 0.650000 0.289815 0.038333 0.068148
