590 0.314063 0.986111 0.143917 0.323435
489 0.401563 0.953704 0.131037 0.308710
317 0.500000 0.935185 0.117188 0.291667
398 0.598437 0.953704 0.130975 0.308631
580 0.685938 0.986111 0.143855 0.323357
40 0.033333 0.094444 0.037500 0.066667
46 0.070833 0.094444 0.037500 0.066667
117 0.108333 0.094444 0.037500 0.066667
97 0.145833 0.094444 0.037500 0.066667
138 0.183333 0.094444 0.037500 0.066667
41 0.220833 0.094444 0.037500 0.066667
136 0.258333 0.094444 0.037500 0.066667
118 0.295833 0.094444 0.037500 0.066667
117 0.333333 0.094444 0.037500 0.066667
164 0.370833 0.094444 0.037500 0.066667
45 0.408333 0.094444 0.037500 0.066667
116 0.445833 0.094444 0.037500 0.066667
44 0.483333 0.094444 0.037500 0.066667
43 0.520833 0.094444 0.037500 0.066667
121 0.334375 0.027778 0.033333 0.059259
337 0.363542 0.027778 0.033333 0.059259
13 0.392708 0.027778 0.033333 0.059259
13 0.421875 0.027778 0.033333 0.059259
13 0.451042 0.027778 0.033333 0.059259
14 0.247917 0.565741 0.114583 0.268519
15 0.247917 0.716667 0.120312 0.023333
412 0.195833 0.744444 0.025000 0.044444
304 0.823958 0.706481 0.025000 0.044444
193 0.848958 0.706481 0.025000 0.044444
173 0.873958 0.706481 0.025000 0.044444
565 0.898958 0.706481 0.025000 0.044444
303 0.850000 0.569444 0.062500 0.185185
23 0.850000 0.678704 0.065625 0.023333
196 0.850000 0.447222 0.038333 0.068148
