574 0.237500 1.000000 0.155649 0.335641
33 0.314063 0.968783 0.143917 0.323435
628 0.401563 0.945767 0.131037 0.308710
298 0.500000 0.931481 0.117188 0.291667
558 0.598437 0.945767 0.130975 0.308631
492 0.685938 0.968783 0.143855 0.323357
373 0.762500 1.000000 0.155588 0.335564
10 0.033333 0.094444 0.037500 0.066667
287 0.070833 0.094444 0.037500 0.066667
100 0.108333 0.094444 0.037500 0.066667
118 0.145833 0.094444 0.037500 0.066667
162 0.183333 0.094444 0.037500 0.066667
139 0.220833 0.094444 0.037500 0.066667
163 0.258333 0.094444 0.037500 0.066667
138 0.295833 0.094444 0.037500 0.066667
9 0.333333 0.094444 0.037500 0.066667
48 0.370833 0.094444 0.037500 0.066667
98 0.408333 0.094444 0.037500 0.066667
46 0.445833 0.094444 0.037500 0.066667
48 0.483333 0.094444 0.037500 0.066667
75 0.520833 0.094444 0.037500 0.066667
287 0.558333 0.094444 0.037500 0.066667
287 0.595833 0.094444 0.037500 0.066667
46 0.633333 0.094444 0.037500 0.066667
47 0.670833 0.094444 0.037500 0.066667
164 0.708333 0.094444 0.037500 0.066667
188 0.745833 0.094444 0.037500 0.066667
375 0.334375 0.027778 0.033333 0.059259
13 0.363542 0.027778 0.033333 0.059259
13 0.392708 0.027778 0.033333 0.059259
13 0.421875 0.027778 0.033333 0.059259
13 0.451042 0.027778 0.033333 0.059259
14 0.247917 0.565741 0.114583 0.268519
15 0.247917 0.716667 0.120312 0.023333
397 0.195833 0.744444 0.025000 0.044444
271 0.220833 0.744444 0.025000 0.044444
205 0.782812 0.734259 0.025000 0.044444
60 0.842708 0.537037 0.130208 0.305556
23 0.842708 0.706481 0.136719 0.023333
61 0.842708 0.354630 0.038333 0.068148
