26 0.351250 0.960648 0.137609 0.316375
341 0.449688 0.935185 0.124215 0.300456
244 0.550312 0.935185 0.124152 0.300376
442 0.648750 0.960648 0.137546 0.316296
64 0.033333 0.094444 0.037500 0.066667
199 0.070833 0.094444 0.037500 0.066667
108 0.108333 0.094444 0.037500 0.066667
184 0.145833 0.094444 0.037500 0.066667
65 0.183333 0.094444 0.037500 0.066667
91 0.220833 0.094444 0.037500 0.066667
64 0.258333 0.094444 0.037500 0.066667
35 0.295833 0.094444 0.037500 0.066667
35 0.333333 0.094444 0.037500 0.066667
6 0.370833 0.094444 0.037500 0.066667
8 0.408333 0.094444 0.037500 0.066667
38 0.445833 0.094444 0.037500 0.066667
110 0.483333 0.094444 0.037500 0.066667
65 0.520833 0.094444 0.037500 0.066667
7 0.558333 0.094444 0.037500 0.066667
31 0.595833 0.094444 0.037500 0.066667
173 0.633333 0.094444 0.037500 0.066667
30 0.670833 0.094444 0.037500 0.066667
145 0.334375 0.027778 0.033333 0.059259
303 0.363542 0.027778 0.033333 0.059259
186 0.392708 0.027778 0.033333 0.059259
96 0.421875 0.027778 0.033333 0.059259
13 0.451042 0.027778 0.033333 0.059259
14 0.247917 0.565741 0.114583 0.268519
15 0.247917 0.716667 0.120312 0.023333
74 0.195833 0.744444 0.025000 0.044444
151 0.735417 0.729630 0.025000 0.044444
425 0.760417 0.729630 0.025000 0.044444
208 0.850000 0.546296 0.239583 0.277778
20 0.850000 0.701852 0.251562 0.023333
48 0.850000 0.377778 0.038333 0.068148
