85 0.401563 0.953704 0.131037 0.308710
542 0.500000 0.925926 0.117188 0.291667
534 0.598437 0.953704 0.130975 0.308631
8 0.033333 0.094444 0.037500 0.066667
8 0.070833 0.094444 0.037500 0.066667
5 0.108333 0.094444 0.037500 0.066667
108 0.145833 0.094444 0.037500 0.066667
40 0.334375 0.027778 0.033333 0.059259
290 0.363542 0.027778 0.033333 0.059259
13 0.392708 0.027778 0.033333 0.059259
13 0.421875 0.027778 0.033333 0.059259
13 0.451042 0.027778 0.033333 0.059259
14 0.247917 0.565741 0.114583 0.268519
15 0.247917 0.716667 0.120312 0.023333
188 0.195833 0.744444 0.025000 0.044444
56 0.220833 0.744444 0.025000 0.044444
207 0.245833 0.744444 0.025000 0.044444
435 0.270833 0.744444 0.025000 0.044444
307 0.603125 0.741667 0.025000 0.044444
217 0.644792 0.565278 0.093750 0.263889
20 0.644792 0.713889 0.098437 0.023333
158 0.644792 0.403704 0.038333 0.068148
357 0.753646 0.729630 0.025000 0.044444
49 0.778646 0.729630 0.025000 0.044444
54 0.803646 0.729630 0.025000 0.044444
383 0.850000 0.504630 0.203125 0.361111
20 0.850000 0.701852 0.213281 0.023333
216 0.850000 0.294444 0.038333 0.068148
