593 0.182812 1.000000 0.145411 0.296825
513 0.237500 0.976852 0.136936 0.289694
642 0.303125 0.951852 0.127414 0.280350
289 0.379687 0.928704 0.116968 0.268919
560 0.456250 0.921296 0.105583 0.255387
237 0.543750 0.921296 0.105530 0.255319
429 0.620313 0.928704 0.116914 0.268851
517 0.696875 0.951852 0.127362 0.280284
492 0.762500 0.976852 0.136885 0.289630
458 0.817187 1.000000 0.145376 0.296799
8 0.033333 0.094444 0.037500 0.066667
93 0.070833 0.094444 0.037500 0.066667
37 0.108333 0.094444 0.037500 0.066667
7 0.145833 0.094444 0.037500 0.066667
5 0.183333 0.094444 0.037500 0.066667
65 0.220833 0.094444 0.037500 0.066667
64 0.258333 0.094444 0.037500 0.066667
6 0.295833 0.094444 0.037500 0.066667
303 0.334375 0.027778 0.033333 0.059259
290 0.363542 0.027778 0.033333 0.059259
96 0.392708 0.027778 0.033333 0.059259
238 0.421875 0.027778 0.033333 0.059259
40 0.451042 0.027778 0.033333 0.059259
14 0.247917 0.565741 0.114583 0.268519
15 0.247917 0.716667 0.120312 0.023333
305 0.195833 0.744444 0.025000 0.044444
75 0.220833 0.744444 0.025000 0.044444
168 0.245833 0.744444 0.025000 0.044444
137 0.270833 0.744444 0.025000 0.044444
314 0.803125 0.733333 0.025000 0.044444
367 0.828125 0.733333 0.025000 0.044444
80 0.853125 0.733333 0.025000 0.044444
319 0.847396 0.605556 0.098958 0.166667
20 0.847396 0.705556 0.103906 0.023333
48 0.847396 0.492593 0.038333 0.068148
