653 0.351250 0.960648 0.137609 0.316375
536 0.449688 0.935185 0.124215 0.300456
568 0.550312 0.935185 0.124152 0.300376
1 0.648750 0.960648 0.137546 0.316296
91 0.033333 0.094444 0.037500 0.066667
163 0.070833 0.094444 0.037500 0.066667
67 0.108333 0.094444 0.037500 0.066667
109 0.145833 0.094444 0.037500 0.066667
65 0.183333 0.094444 0.037500 0.066667
35 0.220833 0.094444 0.037500 0.066667
66 0.258333 0.094444 0.037500 0.066667
37 0.295833 0.094444 0.037500 0.066667
93 0.333333 0.094444 0.037500 0.066667
29 0.370833 0.094444 0.037500 0.066667
129 0.408333 0.094444 0.037500 0.066667
173 0.445833 0.094444 0.037500 0.066667
65 0.483333 0.094444 0.037500 0.066667
67 0.520833 0.094444 0.037500 0.066667
4 0.558333 0.094444 0.037500 0.066667
94 0.595833 0.094444 0.037500 0.066667
66 0.633333 0.094444 0.037500 0.066667
67 0.670833 0.094444 0.037500 0.066667
199 0.708333 0.094444 0.037500 0.066667
110 0.745833 0.094444 0.037500 0.066667
290 0.334375 0.027778 0.033333 0.059259
186 0.363542 0.027778 0.033333 0.059259
303 0.392708 0.027778 0.033333 0.059259
10 0.421875 0.027778 0.033333 0.059259
68 0.451042 0.027778 0.033333 0.059259
14 0.247917 0.565741 0.114583 0.268519
15 0.247917 0.716667 0.120312 0.023333
138 0.195833 0.744444 0.025000 0.044444
155 0.220833 0.744444 0.025000 0.044444
42 0.245833 0.744444 0.025000 0.044444
152 0.270833 0.744444 0.025000 0.044444
264 0.603125 0.743519 0.025000 0.044444
368 0.650000 0.555556 0.104167 0.287037
20 0.650000 0.715741 0.109375 0.023333
331 0.650000 0.382407 0.038333 0.068148
406 0.805729 0.738889 0.025000 0.044444
138 0.830729 0.738889 0.025000 0.044444
122 0.855729 0.738889 0.025000 0.044444
120 0.880729 0.738889 0.025000 0.044444
329 0.847396 0.564815 0.093750 0.259259
20 0.847396 0.711111 0.098437 0.023333
21 0.847396 0.405556 0.038333 0.068148
