213 0.182812 1.000000 0.145411 0.296825
566 0.237500 0.976852 0.136936 0.289694
209 0.303125 0.951852 0.127414 0.280350
252 0.379687 0.928704 0.116968 0.268919
433 0.456250 0.921296 0.105583 0.255387
27 0.543750 0.921296 0.105530 0.255319
599 0.620313 0.928704 0.116914 0.268851
63 0.696875 0.951852 0.127362 0.280284
286 0.762500 0.976852 0.136885 0.289630
643 0.817187 1.000000 0.145376 0.296799
92 0.033333 0.094444 0.037500 0.066667
355 0.334375 0.027778 0.033333 0.059259
336 0.363542 0.027778 0.033333 0.059259
377 0.392708 0.027778 0.033333 0.059259
96 0.421875 0.027778 0.033333 0.059259
13 0.451042 0.027778 0.033333 0.059259
14 0.247917 0.565741 0.114583 0.268519
15 0.247917 0.716667 0.120312 0.023333
469 0.195833 0.744444 0.025000 0.044444
175 0.756250 0.734259 0.025000 0.044444
242 0.781250 0.734259 0.025000 0.044444
204 0.806250 0.734259 0.025000 0.044444
125 0.850000 0.555556 0.197917 0.268519
20 0.850000 0.706481 0.207812 0.023333
48 0.850000 0.391667 0.038333 0.068148
