560 0.226563 1.000000 0.153046 0.323776
407 0.300938 0.968750 0.142404 0.313332
379 0.379687 0.943287 0.130728 0.300556
346 0.458438 0.925926 0.118005 0.285433
512 0.541562 0.925926 0.117945 0.285357
22 0.620313 0.943287 0.130669 0.300481
249 0.693594 0.968750 0.142346 0.313258
392 0.773438 1.000000 0.152989 0.323704
31 0.033333 0.094444 0.037500 0.066667
34 0.070833 0.094444 0.037500 0.066667
4 0.108333 0.094444 0.037500 0.066667
173 0.145833 0.094444 0.037500 0.066667
67 0.183333 0.094444 0.037500 0.066667
110 0.220833 0.094444 0.037500 0.066667
92 0.258333 0.094444 0.037500 0.066667
129 0.295833 0.094444 0.037500 0.066667
109 0.333333 0.094444 0.037500 0.066667
107 0.370833 0.094444 0.037500 0.066667
6 0.408333 0.094444 0.037500 0.066667
304 0.334375 0.027778 0.033333 0.059259
200 0.363542 0.027778 0.033333 0.059259
186 0.392708 0.027778 0.033333 0.059259
290 0.421875 0.027778 0.033333 0.059259
95 0.451042 0.027778 0.033333 0.059259
14 0.247917 0.565741 0.114583 0.268519
15 0.247917 0.716667 0.120312 0.023333
151 0.195833 0.744444 0.025000 0.044444
402 0.220833 0.744444 0.025000 0.044444
242 0.808333 0.725000 0.025000 0.044444
139 0.833333 0.725000 0.025000 0.044444
401 0.858333 0.725000 0.025000 0.044444
102 0.850000 0.615741 0.093750 0.129630
20 0.850000 0.697222 0.098437 0.023333
48 0.850000 0.521296 0.038333 0.068148
148 0.395312 0.748148 0.025000 0.044444
435 0.420312 0.748148 0.025000 0.044444
482 0.450000 0.587963 0.119792 0.231481
20 0.450000 0.720370 0.125781 0.023333
216 0.450000 0.442593 0.038333 0.068148
16 0.605729 0.738889 0.025000 0.044444
78 0.630729 0.738889 0.025000 0.044444
201 0.655729 0.738889 0.025000 0.044444
329 0.647396 0.564815 0.093750 0.259259
20 0.647396 0.711111 0.098437 0.023333
21 0.647396 0.405556 0.038333 0.068148
