161 0.182812 1.000000 0.145411 0.296825
400 0.237500 0.976852 0.136936 0.289694
480 0.303125 0.951852 0.127414 0.280350
430 0.379687 0.928704 0.116968 0.268919
573 0.456250 0.921296 0.105583 0.255387
610 0.543750 0.921296 0.105530 0.255319
535 0.620313 0.928704 0.116914 0.268851
160 0.696875 0.951852 0.127362 0.280284
372 0.762500 0.976852 0.136885 0.289630
543 0.817187 1.000000 0.145376 0.296799
30 0.033333 0.094444 0.037500 0.066667
143 0.334375 0.027778 0.033333 0.059259
40 0.363542 0.027778 0.033333 0.059259
381 0.392708 0.027778 0.033333 0.059259
13 0.421875 0.027778 0.033333 0.059259
13 0.451042 0.027778 0.033333 0.059259
14 0.247917 0.565741 0.114583 0.268519
15 0.247917 0.716667 0.120312 0.023333
122 0.195833 0.744444 0.025000 0.044444
138 0.751042 0.731481 0.025000 0.044444
178 0.776042 0.731481 0.025000 0.044444
240 0.801042 0.731481 0.025000 0.044444
203 0.826042 0.731481 0.025000 0.044444
19 0.850000 0.525000 0.208333 0.324074
20 0.850000 0.703704 0.218750 0.023333
21 0.850000 0.333333 0.038333 0.068148
