284 0.193750 1.000000 0.149621 0.310807
128 0.259375 0.982716 0.140084 0.302077
474 0.332656 0.955556 0.129526 0.291092
372 0.412500 0.930247 0.117934 0.277839
394 0.500000 0.925926 0.105469 0.262500
160 0.587500 0.930247 0.117877 0.277768
598 0.667344 0.955556 0.129470 0.291021
452 0.740625 0.982716 0.140029 0.302007
89 0.806250 1.000000 0.149567 0.310740
33 0.033333 0.094444 0.037500 0.066667
7 0.070833 0.094444 0.037500 0.066667
163 0.108333 0.094444 0.037500 0.066667
37 0.145833 0.094444 0.037500 0.066667
28 0.183333 0.094444 0.037500 0.066667
94 0.220833 0.094444 0.037500 0.066667
34 0.258333 0.094444 0.037500 0.066667
35 0.295833 0.094444 0.037500 0.066667
65 0.333333 0.094444 0.037500 0.066667
133 0.334375 0.027778 0.033333 0.059259
39 0.363542 0.027778 0.033333 0.059259
10 0.392708 0.027778 0.033333 0.059259
145 0.421875 0.027778 0.033333 0.059259
13 0.451042 0.027778 0.033333 0.059259
14 0.247917 0.565741 0.114583 0.268519
15 0.247917 0.716667 0.120312 0.023333
188 0.195833 0.744444 0.025000 0.044444
97 0.220833 0.744444 0.025000 0.044444
56 0.803125 0.741667 0.025000 0.044444
258 0.828125 0.741667 0.025000 0.044444
299 0.853125 0.741667 0.025000 0.044444
155 0.878125 0.741667 0.025000 0.044444
217 0.844792 0.565278 0.093750 0.263889
20 0.844792 0.713889 0.098437 0.023333
158 0.844792 0.403704 0.038333 0.068148
