487 0.314063 0.986111 0.143917 0.323435
250 0.401563 0.953704 0.131037 0.308710
375 0.500000 0.935185 0.117188 0.291667
558 0.598437 0.953704 0.130975 0.308631
496 0.685938 0.986111 0.143855 0.323357
163 0.033333 0.094444 0.037500 0.066667
199 0.070833 0.094444 0.037500 0.066667
110 0.108333 0.094444 0.037500 0.066667
29 0.145833 0.094444 0.037500 0.066667
93 0.183333 0.094444 0.037500 0.066667
8 0.220833 0.094444 0.037500 0.066667
30 0.258333 0.094444 0.037500 0.066667
131 0.295833 0.094444 0.037500 0.066667
130 0.333333 0.094444 0.037500 0.066667
107 0.370833 0.094444 0.037500 0.066667
7 0.408333 0.094444 0.037500 0.066667
173 0.445833 0.094444 0.037500 0.066667
130 0.483333 0.094444 0.037500 0.066667
255 0.334375 0.027778 0.033333 0.059259
200 0.363542 0.027778 0.033333 0.059259
13 0.392708 0.027778 0.033333 0.059259
13 0.421875 0.027778 0.033333 0.059259
13 0.451042 0.027778 0.033333 0.059259
14 0.247917 0.565741 0.114583 0.268519
15 0.247917 0.716667 0.120312 0.023333
49 0.195833 0.744444 0.025000 0.044444
296 0.220833 0.744444 0.025000 0.044444
17 0.245833 0.744444 0.025000 0.044444
268 0.808333 0.725000 0.025000 0.044444
152 0.833333 0.725000 0.025000 0.044444
102 0.850000 0.615741 0.093750 0.129630
20 0.850000 0.697222 0.098437 0.023333
48 0.850000 0.521296 0.038333 0.068148
165 0.543229 0.748148 0.025000 0.044444
358 0.650000 0.537037 0.223958 0.333333
20 0.650000 0.720370 0.235156 0.023333
21 0.650000 0.340741 0.038333 0.068148
