440 0.237500 1.000000 0.155649 0.335641
462 0.314063 0.968783 0.143917 0.323435
360 0.401563 0.945767 0.131037 0.308710
263 0.500000 0.931481 0.117188 0.291667
423 0.598437 0.945767 0.130975 0.308631
541 0.685938 0.968783 0.143855 0.323357
394 0.762500 1.000000 0.155588 0.335564
35 0.033333 0.094444 0.037500 0.066667
65 0.070833 0.094444 0.037500 0.066667
91 0.108333 0.094444 0.037500 0.066667
91 0.145833 0.094444 0.037500 0.066667
110 0.183333 0.094444 0.037500 0.066667
36 0.220833 0.094444 0.037500 0.066667
93 0.258333 0.094444 0.037500 0.066667
130 0.295833 0.094444 0.037500 0.066667
93 0.333333 0.094444 0.037500 0.066667
173 0.370833 0.094444 0.037500 0.066667
36 0.408333 0.094444 0.037500 0.066667
34 0.445833 0.094444 0.037500 0.066667
66 0.483333 0.094444 0.037500 0.066667
184 0.520833 0.094444 0.037500 0.066667
132 0.558333 0.094444 0.037500 0.066667
131 0.595833 0.094444 0.037500 0.066667
12 0.334375 0.027778 0.033333 0.059259
214 0.363542 0.027778 0.033333 0.059259
13 0.392708 0.027778 0.033333 0.059259
13 0.421875 0.027778 0.033333 0.059259
13 0.451042 0.027778 0.033333 0.059259
14 0.247917 0.565741 0.114583 0.268519
15 0.247917 0.716667 0.120312 0.023333
104 0.195833 0.744444 0.025000 0.044444
80 0.220833 0.744444 0.025000 0.044444
276 0.571875 0.734259 0.025000 0.044444
149 0.650000 0.587963 0.166667 0.203704
20 0.650000 0.706481 0.175000 0.023333
150 0.650000 0.456481 0.038333 0.068148
134 0.403125 0.729630 0.025000 0.044444
148 0.428125 0.729630 0.025000 0.044444
79 0.453125 0.729630 0.025000 0.044444
382 0.450000 0.583333 0.104167 0.203704
20 0.450000 0.701852 0.109375 0.023333
48 0.450000 0.451852 0.038333 0.068148
483 0.740625 0.739815 0.025000 0.044444
274 0.765625 0.739815 0.025000 0.044444
314 0.790625 0.739815 0.025000 0.044444
17 0.815625 0.739815 0.025000 0.044444
446 0.852604 0.551852 0.234375 0.287037
20 0.852604 0.712037 0.246094 0.023333
48 0.852604 0.378704 0.038333 0.068148
