376 0.314063 0.986111 0.143917 0.323435
391 0.401563 0.953704 0.131037 0.308710
457 0.500000 0.935185 0.117188 0.291667
1 0.598437 0.953704 0.130975 0.308631
518 0.685938 0.986111 0.143855 0.323357
64 0.033333 0.094444 0.037500 0.066667
65 0.070833 0.094444 0.037500 0.066667
67 0.108333 0.094444 0.037500 0.066667
130 0.145833 0.094444 0.037500 0.066667
35 0.183333 0.094444 0.037500 0.066667
67 0.220833 0.094444 0.037500 0.066667
4 0.258333 0.094444 0.037500 0.066667
91 0.295833 0.094444 0.037500 0.066667
67 0.333333 0.094444 0.037500 0.066667
37 0.370833 0.094444 0.037500 0.066667
67 0.408333 0.094444 0.037500 0.066667
35 0.445833 0.094444 0.037500 0.066667
129 0.483333 0.094444 0.037500 0.066667
129 0.520833 0.094444 0.037500 0.066667
37 0.558333 0.094444 0.037500 0.066667
163 0.595833 0.094444 0.037500 0.066667
93 0.633333 0.094444 0.037500 0.066667
35 0.670833 0.094444 0.037500 0.066667
173 0.708333 0.094444 0.037500 0.066667
12 0.334375 0.027778 0.033333 0.059259
13 0.363542 0.027778 0.033333 0.059259
13 0.392708 0.027778 0.033333 0.059259
13 0.421875 0.027778 0.033333 0.059259
13 0.451042 0.027778 0.033333 0.059259
14 0.247917 0.565741 0.114583 0.268519
15 0.247917 0.716667 0.120312 0.023333
187 0.195833 0.744444 0.025000 0.044444
123 0.220833 0.744444 0.025000 0.044444
175 0.245833 0.744444 0.025000 0.044444
425 0.423958 0.706481 0.025000 0.044444
207 0.448958 0.706481 0.025000 0.044444
70 0.473958 0.706481 0.025000 0.044444
146 0.498958 0.706481 0.025000 0.044444
71 0.450000 0.569444 0.062500 0.185185
20 0.450000 0.678704 0.065625 0.023333
72 0.450000 0.447222 0.038333 0.068148
435 0.608333 0.711111 0.025000 0.044444
378 0.633333 0.711111 0.025000 0.044444
206 0.650000 0.523148 0.093750 0.287037
20 0.650000 0.683333 0.098437 0.023333
82 0.650000 0.350000 0.038333 0.068148
44 0.818750 0.706481 0.025000 0.044444
275 0.843750 0.706481 0.025000 0.044444
57 0.850000 0.601852 0.072917 0.120370
20 0.850000 0.678704 0.076563 0.023333
48 0.850000 0.512037 0.038333 0.068148
