407 0.237500 1.000000 0.155649 0.335641
192 0.314063 0.968783 0.143917 0.323435
619 0.401563 0.945767 0.131037 0.308710
594 0.500000 0.931481 0.117188 0.291667
352 0.598437 0.945767 0.130975 0.308631
89 0.685938 0.968783 0.143855 0.323357
126 0.762500 1.000000 0.155588 0.335564
38 0.033333 0.094444 0.037500 0.066667
163 0.070833 0.094444 0.037500 0.066667
7 0.108333 0.094444 0.037500 0.066667
91 0.145833 0.094444 0.037500 0.066667
184 0.183333 0.094444 0.037500 0.066667
30 0.220833 0.094444 0.037500 0.066667
184 0.258333 0.094444 0.037500 0.066667
129 0.295833 0.094444 0.037500 0.066667
129 0.333333 0.094444 0.037500 0.066667
66 0.370833 0.094444 0.037500 0.066667
4 0.408333 0.094444 0.037500 0.066667
35 0.445833 0.094444 0.037500 0.066667
108 0.483333 0.094444 0.037500 0.066667
32 0.520833 0.094444 0.037500 0.066667
132 0.558333 0.094444 0.037500 0.066667
163 0.595833 0.094444 0.037500 0.066667
173 0.633333 0.094444 0.037500 0.066667
40 0.334375 0.027778 0.033333 0.059259
13 0.363542 0.027778 0.033333 0.059259
13 0.392708 0.027778 0.033333 0.059259
13 0.421875 0.027778 0.033333 0.059259
13 0.451042 0.027778 0.033333 0.059259
14 0.247917 0.565741 0.114583 0.268519
15 0.247917 0.716667 0.120312 0.023333
178 0.195833 0.744444 0.025000 0.044444
268 0.787500 0.716667 0.025000 0.044444
326 0.812500 0.716667 0.025000 0.044444
124 0.837500 0.716667 0.025000 0.044444
292 0.862500 0.716667 0.025000 0.044444
348 0.850000 0.593518 0.135417 0.157407
20 0.850000 0.688889 0.142188 0.023333
216 0.850000 0.485185 0.038333 0.068148
281 0.411979 0.735185 0.025000 0.044444
424 0.436979 0.735185 0.025000 0.044444
549 0.445833 0.621296 0.078125 0.138889
20 0.445833 0.707407 0.082031 0.023333
216 0.445833 0.522222 0.038333 0.068148
70 0.556250 0.734259 0.025000 0.044444
134 0.581250 0.734259 0.025000 0.044444
17 0.606250 0.734259 0.025000 0.044444
299 0.631250 0.734259 0.025000 0.044444
190 0.650000 0.555556 0.197917 0.268519
20 0.650000 0.706481 0.207812 0.023333
167 0.650000 0.391667 0.038333 0.068148
