634 0.182812 1.000000 0.145411 0.296825
432 0.237500 0.976852 0.136936 0.289694
59 0.303125 0.951852 0.127414 0.280350
493 0.379687 0.928704 0.116968 0.268919
90 0.456250 0.921296 0.105583 0.255387
286 0.543750 0.921296 0.105530 0.255319
419 0.620313 0.928704 0.116914 0.268851
567 0.696875 0.951852 0.127362 0.280284
639 0.762500 0.976852 0.136885 0.289630
468 0.817187 1.000000 0.145376 0.296799
184 0.033333 0.094444 0.037500 0.066667
132 0.070833 0.094444 0.037500 0.066667
32 0.108333 0.094444 0.037500 0.066667
31 0.145833 0.094444 0.037500 0.066667
93 0.183333 0.094444 0.037500 0.066667
35 0.220833 0.094444 0.037500 0.066667
110 0.258333 0.094444 0.037500 0.066667
34 0.295833 0.094444 0.037500 0.066667
130 0.333333 0.094444 0.037500 0.066667
32 0.370833 0.094444 0.037500 0.066667
28 0.408333 0.094444 0.037500 0.066667
32 0.445833 0.094444 0.037500 0.066667
38 0.483333 0.094444 0.037500 0.066667
109 0.520833 0.094444 0.037500 0.066667
186 0.334375 0.027778 0.033333 0.059259
255 0.363542 0.027778 0.033333 0.059259
13 0.392708 0.027778 0.033333 0.059259
13 0.421875 0.027778 0.033333 0.059259
13 0.451042 0.027778 0.033333 0.059259
14 0.247917 0.565741 0.114583 0.268519
15 0.247917 0.716667 0.120312 0.023333
46 0.195833 0.744444 0.025000 0.044444
307 0.220833 0.744444 0.025000 0.044444
294 0.245833 0.744444 0.025000 0.044444
187 0.270833 0.744444 0.025000 0.044444
447 0.808333 0.725000 0.025000 0.044444
305 0.833333 0.725000 0.025000 0.044444
201 0.858333 0.725000 0.025000 0.044444
47 0.850000 0.615741 0.093750 0.129630
20 0.850000 0.697222 0.098437 0.023333
48 0.850000 0.521296 0.038333 0.068148
