474 0.226563 1.000000 0.153046 0.323776
491 0.300938 0.968750 0.142404 0.313332
602 0.379687 0.943287 0.130728 0.300556
534 0.458438 0.925926 0.118005 0.285433
559 0.541562 0.925926 0.117945 0.285357
496 0.620313 0.943287 0.130669 0.300481
194 0.693594 0.968750 0.142346 0.313258
537 0.773438 1.000000 0.152989 0.323704
173 0.033333 0.094444 0.037500 0.066667
108 0.070833 0.094444 0.037500 0.066667
35 0.108333 0.094444 0.037500 0.066667
66 0.145833 0.094444 0.037500 0.066667
108 0.183333 0.094444 0.037500 0.066667
94 0.220833 0.094444 0.037500 0.066667
65 0.258333 0.094444 0.037500 0.066667
37 0.295833 0.094444 0.037500 0.066667
11 0.334375 0.027778 0.033333 0.059259
13 0.363542 0.027778 0.033333 0.059259
13 0.392708 0.027778 0.033333 0.059259
13 0.421875 0.027778 0.033333 0.059259
13 0.451042 0.027778 0.033333 0.059259
14 0.247917 0.565741 0.114583 0.268519
15 0.247917 0.716667 0.120312 0.023333
50 0.195833 0.744444 0.025000 0.044444
74 0.220833 0.744444 0.025000 0.044444
268 0.245833 0.744444 0.025000 0.044444
406 0.808333 0.725000 0.025000 0.044444
102 0.850000 0.615741 0.093750 0.129630
20 0.850000 0.697222 0.098437 0.023333
48 0.850000 0.521296 0.038333 0.068148
165 0.548437 0.738889 0.025000 0.044444
69 0.573438 0.738889 0.025000 0.044444
239 0.598437 0.738889 0.025000 0.044444
116 0.623438 0.738889 0.025000 0.044444
169 0.613542 0.518519 0.140625 0.351852
20 0.613542 0.711111 0.147656 0.023333
170 0.597917 0.312963 0.038333 0.068148
