399 0.226563 1.000000 0.153046 0.323776
26 0.300938 0.968750 0.142404 0.313332
413 0.379687 0.943287 0.130728 0.300556
24 0.458438 0.925926 0.118005 0.285433
316 0.541562 0.925926 0.117945 0.285357
515 0.620313 0.943287 0.130669 0.300481
373 0.693594 0.968750 0.142346 0.313258
345 0.773438 1.000000 0.152989 0.323704
28 0.033333 0.094444 0.037500 0.066667
28 0.070833 0.094444 0.037500 0.066667
8 0.108333 0.094444 0.037500 0.066667
303 0.334375 0.027778 0.033333 0.059259
13 0.363542 0.027778 0.033333 0.059259
13 0.392708 0.027778 0.033333 0.059259
13 0.421875 0.027778 0.033333 0.059259
13 0.451042 0.027778 0.033333 0.059259
14 0.247917 0.565741 0.114583 0.268519
15 0.247917 0.716667 0.120312 0.023333
424 0.195833 0.744444 0.025000 0.044444
203 0.220833 0.744444 0.025000 0.044444
148 0.245833 0.744444 0.025000 0.044444
188 0.758854 0.748148 0.025000 0.044444
416 0.783854 0.748148 0.025000 0.044444
281 0.808854 0.748148 0.025000 0.044444
470 0.834375 0.562500 0.161458 0.282407
20 0.834375 0.720370 0.169531 0.023333
48 0.834375 0.391667 0.038333 0.068148
