289 0.270312 0.986111 0.149899 0.329824
127 0.357812 0.949074 0.137609 0.316375
594 0.452969 0.925926 0.124215 0.300456
25 0.547031 0.925926 0.124152 0.300376
502 0.642187 0.949074 0.137546 0.316296
399 0.729688 0.986111 0.149838 0.329746
94 0.033333 0.094444 0.037500 0.066667
4 0.070833 0.094444 0.037500 0.066667
7 0.108333 0.094444 0.037500 0.066667
64 0.145833 0.094444 0.037500 0.066667
36 0.183333 0.094444 0.037500 0.066667
132 0.220833 0.094444 0.037500 0.066667
186 0.334375 0.027778 0.033333 0.059259
13 0.363542 0.027778 0.033333 0.059259
13 0.392708 0.027778 0.033333 0.059259
13 0.421875 0.027778 0.033333 0.059259
13 0.451042 0.027778 0.033333 0.059259
14 0.247917 0.565741 0.114583 0.268519
15 0.247917 0.716667 0.120312 0.023333
168 0.195833 0.744444 0.025000 0.044444
176 0.220833 0.744444 0.025000 0.044444
227 0.245833 0.744444 0.025000 0.044444
120 0.725000 0.752778 0.025000 0.044444
481 0.750000 0.752778 0.025000 0.044444
307 0.775000 0.752778 0.025000 0.044444
424 0.800000 0.752778 0.025000 0.044444
397 0.844792 0.509259 0.250000 0.398148
20 0.844792 0.725000 0.262500 0.023333
48 0.844792 0.280556 0.038333 0.068148
