520 0.401563 0.953704 0.131037 0.308710
487 0.500000 0.925926 0.117188 0.291667
412 0.598437 0.953704 0.130975 0.308631
107 0.033333 0.094444 0.037500 0.066667
36 0.070833 0.094444 0.037500 0.066667
8 0.108333 0.094444 0.037500 0.066667
28 0.145833 0.094444 0.037500 0.066667
66 0.183333 0.094444 0.037500 0.066667
30 0.220833 0.094444 0.037500 0.066667
31 0.258333 0.094444 0.037500 0.066667
37 0.295833 0.094444 0.037500 0.066667
5 0.333333 0.094444 0.037500 0.066667
92 0.370833 0.094444 0.037500 0.066667
129 0.408333 0.094444 0.037500 0.066667
109 0.445833 0.094444 0.037500 0.066667
12 0.334375 0.027778 0.033333 0.059259
10 0.363542 0.027778 0.033333 0.059259
174 0.392708 0.027778 0.033333 0.059259
304 0.421875 0.027778 0.033333 0.059259
13 0.451042 0.027778 0.033333 0.059259
14 0.247917 0.565741 0.114583 0.268519
15 0.247917 0.716667 0.120312 0.023333
406 0.195833 0.744444 0.025000 0.044444
226 0.220833 0.744444 0.025000 0.044444
176 0.784896 0.738889 0.025000 0.044444
53 0.850000 0.509259 0.140625 0.370370
20 0.850000 0.711111 0.147656 0.023333
48 0.850000 0.294444 0.038333 0.068148
