223 0.351250 0.960648 0.137609 0.316375
224 0.449688 0.935185 0.124215 0.300456
198 0.550312 0.935185 0.124152 0.300376
225 0.648750 0.960648 0.137546 0.316296
108 0.033333 0.094444 0.037500 0.066667
40 0.334375 0.027778 0.033333 0.059259
96 0.363542 0.027778 0.033333 0.059259
13 0.392708 0.027778 0.033333 0.059259
13 0.421875 0.027778 0.033333 0.059259
13 0.451042 0.027778 0.033333 0.059259
14 0.247917 0.565741 0.114583 0.268519
15 0.247917 0.716667 0.120312 0.023333
139 0.195833 0.744444 0.025000 0.044444
156 0.220833 0.744444 0.025000 0.044444
56 0.245833 0.744444 0.025000 0.044444
138 0.270833 0.744444 0.025000 0.044444
115 0.791146 0.729630 0.025000 0.044444
155 0.816146 0.729630 0.025000 0.044444
139 0.841146 0.729630 0.025000 0.044444
221 0.845833 0.574074 0.119792 0.222222
20 0.845833 0.701852 0.125781 0.023333
48 0.845833 0.433333 0.038333 0.068148
202 0.623958 0.733333 0.025000 0.044444
226 0.648958 0.733333 0.025000 0.044444
227 0.673958 0.733333 0.025000 0.044444
228 0.698958 0.733333 0.025000 0.044444
154 0.650000 0.614815 0.062500 0.148148
20 0.650000 0.705556 0.065625 0.023333
48 0.650000 0.511111 0.038333 0.068148
