311 0.182812 1.000000 0.145411 0.296825
90 0.237500 0.976852 0.136936 0.289694
374 0.303125 0.951852 0.127414 0.280350
429 0.379687 0.928704 0.116968 0.268919
249 0.456250 0.921296 0.105583 0.255387
656 0.543750 0.921296 0.105530 0.255319
530 0.620313 0.928704 0.116914 0.268851
442 0.696875 0.951852 0.127362 0.280284
642 0.762500 0.976852 0.136885 0.289630
420 0.817187 1.000000 0.145376 0.296799
31 0.033333 0.094444 0.037500 0.066667
94 0.070833 0.094444 0.037500 0.066667
67 0.108333 0.094444 0.037500 0.066667
4 0.145833 0.094444 0.037500 0.066667
8 0.183333 0.094444 0.037500 0.066667
8 0.220833 0.094444 0.037500 0.066667
65 0.258333 0.094444 0.037500 0.066667
173 0.295833 0.094444 0.037500 0.066667
66 0.333333 0.094444 0.037500 0.066667
67 0.370833 0.094444 0.037500 0.066667
163 0.408333 0.094444 0.037500 0.066667
4 0.445833 0.094444 0.037500 0.066667
31 0.483333 0.094444 0.037500 0.066667
109 0.520833 0.094444 0.037500 0.066667
29 0.558333 0.094444 0.037500 0.066667
37 0.595833 0.094444 0.037500 0.066667
67 0.633333 0.094444 0.037500 0.066667
130 0.670833 0.094444 0.037500 0.066667
92 0.708333 0.094444 0.037500 0.066667
199 0.745833 0.094444 0.037500 0.066667
303 0.334375 0.027778 0.033333 0.059259
238 0.363542 0.027778 0.033333 0.059259
13 0.392708 0.027778 0.033333 0.059259
13 0.421875 0.027778 0.033333 0.059259
13 0.451042 0.027778 0.033333 0.059259
14 0.247917 0.565741 0.114583 0.268519
15 0.247917 0.716667 0.120312 0.023333
119 0.195833 0.744444 0.025000 0.044444
326 0.220833 0.744444 0.025000 0.044444
454 0.245833 0.744444 0.025000 0.044444
202 0.591146 0.729630 0.025000 0.044444
221 0.645833 0.574074 0.119792 0.222222
20 0.645833 0.701852 0.125781 0.023333
48 0.645833 0.433333 0.038333 0.068148
188 0.808333 0.711111 0.025000 0.044444
469 0.833333 0.711111 0.025000 0.044444
47 0.850000 0.601852 0.093750 0.129630
20 0.850000 0.683333 0.098437 0.023333
48 0.850000 0.507407 0.038333 0.068148
