339 0.226563 1.000000 0.153046 0.323776
182 0.300938 0.968750 0.142404 0.313332
374 0.379687 0.943287 0.130728 0.300556
510 0.458438 0.925926 0.118005 0.285433
543 0.541562 0.925926 0.117945 0.285357
251 0.620313 0.943287 0.130669 0.300481
490 0.693594 0.968750 0.142346 0.313258
599 0.773438 1.000000 0.152989 0.323704
129 0.033333 0.094444 0.037500 0.066667
96 0.334375 0.027778 0.033333 0.059259
95 0.363542 0.027778 0.033333 0.059259
13 0.392708 0.027778 0.033333 0.059259
13 0.421875 0.027778 0.033333 0.059259
13 0.451042 0.027778 0.033333 0.059259
14 0.247917 0.565741 0.114583 0.268519
15 0.247917 0.716667 0.120312 0.023333
153 0.195833 0.744444 0.025000 0.044444
406 0.548437 0.738889 0.025000 0.044444
73 0.573438 0.738889 0.025000 0.044444
51 0.598437 0.738889 0.025000 0.044444
169 0.613542 0.518519 0.140625 0.351852
20 0.613542 0.711111 0.147656 0.023333
48 0.597917 0.312963 0.038333 0.068148
118 0.766667 0.738889 0.025000 0.044444
69 0.791667 0.738889 0.025000 0.044444
422 0.852604 0.490741 0.182292 0.407407
20 0.852604 0.711111 0.191406 0.023333
82 0.852604 0.257407 0.038333 0.068148
