287 0.500000 0.925926 0.117188 0.291667
28 0.033333 0.094444 0.037500 0.066667
7 0.070833 0.094444 0.037500 0.066667
94 0.108333 0.094444 0.037500 0.066667
111 0.334375 0.027778 0.033333 0.059259
12 0.363542 0.027778 0.033333 0.059259
185 0.392708 0.027778 0.033333 0.059259
12 0.421875 0.027778 0.033333 0.059259
133 0.451042 0.027778 0.033333 0.059259
14 0.247917 0.565741 0.114583 0.268519
15 0.247917 0.716667 0.120312 0.023333
79 0.195833 0.744444 0.025000 0.044444
201 0.220833 0.744444 0.025000 0.044444
135 0.245833 0.744444 0.025000 0.044444
188 0.270833 0.744444 0.025000 0.044444
176 0.610937 0.720681 0.025000 0.044444
378 0.635938 0.720681 0.025000 0.044444
175 0.660937 0.720681 0.025000 0.044444
240 0.685938 0.720681 0.025000 0.044444
608 0.650000 0.616052 0.088542 0.120370
20 0.650000 0.692903 0.092969 0.023333
170 0.650000 0.526237 0.038333 0.068148
241 0.805729 0.738889 0.025000 0.044444
215 0.830729 0.738889 0.025000 0.044444
55 0.855729 0.738889 0.025000 0.044444
164 0.880729 0.738889 0.025000 0.044444
329 0.847396 0.564815 0.093750 0.259259
20 0.847396 0.711111 0.098437 0.023333
21 0.847396 0.405556 0.038333 0.068148
