33 0.314063 0.986111 0.143917 0.323435
563 0.401563 0.953704 0.131037 0.308710
438 0.500000 0.935185 0.117188 0.291667
130 0.598437 0.953704 0.130975 0.308631
637 0.685938 0.986111 0.143855 0.323357
188 0.033333 0.094444 0.037500 0.066667
75 0.070833 0.094444 0.037500 0.066667
99 0.108333 0.094444 0.037500 0.066667
162 0.145833 0.094444 0.037500 0.066667
48 0.183333 0.094444 0.037500 0.066667
139 0.220833 0.094444 0.037500 0.066667
10 0.258333 0.094444 0.037500 0.066667
138 0.295833 0.094444 0.037500 0.066667
45 0.333333 0.094444 0.037500 0.066667
118 0.370833 0.094444 0.037500 0.066667
308 0.334375 0.027778 0.033333 0.059259
13 0.363542 0.027778 0.033333 0.059259
13 0.392708 0.027778 0.033333 0.059259
13 0.421875 0.027778 0.033333 0.059259
13 0.451042 0.027778 0.033333 0.059259
14 0.247917 0.565741 0.114583 0.268519
15 0.247917 0.716667 0.120312 0.023333
59 0.195833 0.744444 0.025000 0.044444
124 0.421354 0.724074 0.025000 0.044444
407 0.446354 0.724074 0.025000 0.044444
271 0.471354 0.724074 0.025000 0.044444
127 0.450000 0.633333 0.067708 0.092593
23 0.450000 0.696296 0.071094 0.023333
61 0.450000 0.557407 0.038333 0.068148
18 0.571875 0.734259 0.025000 0.044444
26 0.596875 0.734259 0.025000 0.044444
104 0.621875 0.734259 0.025000 0.044444
192 0.646875 0.734259 0.025000 0.044444
331 0.650000 0.495370 0.166667 0.388889
23 0.650000 0.706481 0.175000 0.023333
61 0.650000 0.271296 0.038333 0.068148
171 0.818750 0.706481 0.025000 0.044444
327 0.843750 0.706481 0.025000 0.044444
19 0.868750 0.706481 0.025000 0.044444
363 0.893750 0.706481 0.025000 0.044444
265 0.850000 0.601852 0.072917 0.120370
23 0.850000 0.678704 0.076563 0.023333
61 0.850000 0.512037 0.038333 0.068148
