197 0.226563 1.000000 0.153046 0.323776
453 0.300938 0.968750 0.142404 0.313332
403 0.379687 0.943287 0.130728 0.300556
486 0.458438 0.925926 0.118005 0.285433
231 0.541562 0.925926 0.117945 0.285357
219 0.620313 0.943287 0.130669 0.300481
518 0.693594 0.968750 0.142346 0.313258
565 0.773438 1.000000 0.152989 0.323704
30 0.033333 0.094444 0.037500 0.066667
28 0.070833 0.094444 0.037500 0.066667
199 0.108333 0.094444 0.037500 0.066667
132 0.145833 0.094444 0.037500 0.066667
64 0.183333 0.094444 0.037500 0.066667
94 0.220833 0.094444 0.037500 0.066667
30 0.258333 0.094444 0.037500 0.066667
64 0.295833 0.094444 0.037500 0.066667
107 0.333333 0.094444 0.037500 0.066667
131 0.370833 0.094444 0.037500 0.066667
109 0.408333 0.094444 0.037500 0.066667
163 0.445833 0.094444 0.037500 0.066667
199 0.483333 0.094444 0.037500 0.066667
66 0.520833 0.094444 0.037500 0.066667
31 0.558333 0.094444 0.037500 0.066667
4 0.595833 0.094444 0.037500 0.066667
33 0.633333 0.094444 0.037500 0.066667
163 0.670833 0.094444 0.037500 0.066667
8 0.708333 0.094444 0.037500 0.066667
133 0.334375 0.027778 0.033333 0.059259
11 0.363542 0.027778 0.033333 0.059259
272 0.392708 0.027778 0.033333 0.059259
13 0.421875 0.027778 0.033333 0.059259
13 0.451042 0.027778 0.033333 0.059259
14 0.247917 0.565741 0.114583 0.268519
15 0.247917 0.716667 0.120312 0.023333
17 0.195833 0.744444 0.025000 0.044444
239 0.808333 0.711111 0.025000 0.044444
327 0.833333 0.711111 0.025000 0.044444
206 0.850000 0.523148 0.093750 0.287037
20 0.850000 0.683333 0.098437 0.023333
82 0.850000 0.350000 0.038333 0.068148
307 0.574479 0.725926 0.025000 0.044444
366 0.599479 0.725926 0.025000 0.044444
279 0.660417 0.561111 0.182292 0.240741
20 0.660417 0.698148 0.191406 0.023333
280 0.660417 0.411111 0.038333 0.068148
