650 0.226563 1.000000 0.153046 0.323776
494 0.300938 0.968750 0.142404 0.313332
320 0.379687 0.943287 0.130728 0.300556
488 0.458438 0.925926 0.118005 0.285433
235 0.541562 0.925926 0.117945 0.285357
651 0.620313 0.943287 0.130669 0.300481
596 0.693594 0.968750 0.142346 0.313258
521 0.773438 1.000000 0.152989 0.323704
38 0.033333 0.094444 0.037500 0.066667
6 0.070833 0.094444 0.037500 0.066667
65 0.108333 0.094444 0.037500 0.066667
5 0.145833 0.094444 0.037500 0.066667
129 0.183333 0.094444 0.037500 0.066667
67 0.220833 0.094444 0.037500 0.066667
132 0.258333 0.094444 0.037500 0.066667
36 0.295833 0.094444 0.037500 0.066667
130 0.333333 0.094444 0.037500 0.066667
107 0.370833 0.094444 0.037500 0.066667
131 0.408333 0.094444 0.037500 0.066667
29 0.445833 0.094444 0.037500 0.066667
67 0.483333 0.094444 0.037500 0.066667
36 0.520833 0.094444 0.037500 0.066667
111 0.334375 0.027778 0.033333 0.059259
255 0.363542 0.027778 0.033333 0.059259
96 0.392708 0.027778 0.033333 0.059259
143 0.421875 0.027778 0.033333 0.059259
10 0.451042 0.027778 0.033333 0.059259
14 0.247917 0.565741 0.114583 0.268519
15 0.247917 0.716667 0.120312 0.023333
291 0.195833 0.744444 0.025000 0.044444
103 0.220833 0.744444 0.025000 0.044444
114 0.245833 0.744444 0.025000 0.044444
299 0.270833 0.744444 0.025000 0.044444
122 0.395312 0.748148 0.025000 0.044444
73 0.420312 0.748148 0.025000 0.044444
401 0.445313 0.748148 0.025000 0.044444
292 0.470313 0.748148 0.025000 0.044444
482 0.450000 0.587963 0.119792 0.231481
20 0.450000 0.720370 0.125781 0.023333
216 0.450000 0.442593 0.038333 0.068148
226 0.603125 0.741667 0.025000 0.044444
217 0.644792 0.565278 0.093750 0.263889
20 0.644792 0.713889 0.098437 0.023333
158 0.644792 0.403704 0.038333 0.068148
406 0.811979 0.735185 0.025000 0.044444
549 0.845833 0.621296 0.078125 0.138889
20 0.845833 0.707407 0.082031 0.023333
216 0.845833 0.522222 0.038333 0.068148
