639 0.500000 0.925926 0.117188 0.291667
32 0.033333 0.094444 0.037500 0.066667
92 0.070833 0.094444 0.037500 0.066667
68 0.334375 0.027778 0.033333 0.059259
336 0.363542 0.027778 0.033333 0.059259
111 0.392708 0.027778 0.033333 0.059259
200 0.421875 0.027778 0.033333 0.059259
95 0.451042 0.027778 0.033333 0.059259
14 0.247917 0.565741 0.114583 0.268519
15 0.247917 0.716667 0.120312 0.023333
313 0.195833 0.744444 0.025000 0.044444
202 0.220833 0.744444 0.025000 0.044444
55 0.245833 0.744444 0.025000 0.044444
74 0.270833 0.744444 0.025000 0.044444
115 0.810938 0.698223 0.025000 0.044444
168 0.835938 0.698223 0.025000 0.044444
448 0.850000 0.593594 0.088542 0.120370
20 0.850000 0.670445 0.092969 0.023333
170 0.850000 0.503779 0.038333 0.068148
