649 0.182812 1.000000 0.145411 0.296825
612 0.237500 0.976852 0.136936 0.289694
321 0.303125 0.951852 0.127414 0.280350
597 0.379687 0.928704 0.116968 0.268919
407 0.456250 0.921296 0.105583 0.255387
360 0.543750 0.921296 0.105530 0.255319
444 0.620313 0.928704 0.116914 0.268851
443 0.696875 0.951852 0.127362 0.280284
427 0.762500 0.976852 0.136885 0.289630
550 0.817187 1.000000 0.145376 0.296799
38 0.033333 0.094444 0.037500 0.066667
93 0.070833 0.094444 0.037500 0.066667
91 0.108333 0.094444 0.037500 0.066667
91 0.145833 0.094444 0.037500 0.066667
66 0.183333 0.094444 0.037500 0.066667
163 0.220833 0.094444 0.037500 0.066667
32 0.258333 0.094444 0.037500 0.066667
110 0.295833 0.094444 0.037500 0.066667
110 0.333333 0.094444 0.037500 0.066667
34 0.370833 0.094444 0.037500 0.066667
110 0.408333 0.094444 0.037500 0.066667
30 0.445833 0.094444 0.037500 0.066667
67 0.483333 0.094444 0.037500 0.066667
28 0.520833 0.094444 0.037500 0.066667
33 0.558333 0.094444 0.037500 0.066667
131 0.595833 0.094444 0.037500 0.066667
108 0.633333 0.094444 0.037500 0.066667
131 0.670833 0.094444 0.037500 0.066667
163 0.708333 0.094444 0.037500 0.066667
185 0.334375 0.027778 0.033333 0.059259
13 0.363542 0.027778 0.033333 0.059259
13 0.392708 0.027778 0.033333 0.059259
13 0.421875 0.027778 0.033333 0.059259
13 0.451042 0.027778 0.033333 0.059259
14 0.247917 0.565741 0.114583 0.268519
15 0.247917 0.716667 0.120312 0.023333
45 0.195833 0.744444 0.025000 0.044444
241 0.220833 0.744444 0.025000 0.044444
153 0.245833 0.744444 0.025000 0.044444
292 0.270833 0.744444 0.025000 0.044444
79 0.787500 0.729630 0.025000 0.044444
41 0.812500 0.729630 0.025000 0.044444
454 0.837500 0.729630 0.025000 0.044444
16 0.862500 0.729630 0.025000 0.044444
166 0.850000 0.606481 0.135417 0.157407
20 0.850000 0.701852 0.142188 0.023333
167 0.850000 0.498148 0.038333 0.068148
138 0.543229 0.748148 0.025000 0.044444
369 0.568229 0.748148 0.025000 0.044444
358 0.650000 0.537037 0.223958 0.333333
20 0.650000 0.720370 0.235156 0.023333
21 0.650000 0.340741 0.038333 0.068148
