344 0.226563 1.000000 0.153046 0.323776
245 0.300938 0.968750 0.142404 0.313332
621 0.379687 0.943287 0.130728 0.300556
587 0.458438 0.925926 0.118005 0.285433
126 0.541562 0.925926 0.117945 0.285357
639 0.620313 0.943287 0.130669 0.300481
522 0.693594 0.968750 0.142346 0.313258
1 0.773438 1.000000 0.152989 0.323704
173 0.033333 0.094444 0.037500 0.066667
37 0.070833 0.094444 0.037500 0.066667
112 0.334375 0.027778 0.033333 0.059259
255 0.363542 0.027778 0.033333 0.059259
254 0.392708 0.027778 0.033333 0.059259
381 0.421875 0.027778 0.033333 0.059259
324 0.451042 0.027778 0.033333 0.059259
14 0.247917 0.565741 0.114583 0.268519
15 0.247917 0.716667 0.120312 0.023333
148 0.195833 0.744444 0.025000 0.044444
226 0.220833 0.744444 0.025000 0.044444
424 0.245833 0.744444 0.025000 0.044444
153 0.610937 0.729630 0.025000 0.044444
99 0.635938 0.729630 0.025000 0.044444
405 0.650000 0.578704 0.088542 0.212963
20 0.650000 0.701852 0.092969 0.023333
48 0.650000 0.442593 0.038333 0.068148
164 0.795313 0.748148 0.025000 0.044444
482 0.850000 0.587963 0.119792 0.231481
20 0.850000 0.720370 0.125781 0.023333
216 0.850000 0.442593 0.038333 0.068148
