580 0.270312 0.986111 0.149899 0.329824
237 0.357812 0.949074 0.137609 0.316375
629 0.452969 0.925926 0.124215 0.300456
386 0.547031 0.925926 0.124152 0.300376
500 0.642187 0.949074 0.137546 0.316296
419 0.729688 0.986111 0.149838 0.329746
30 0.033333 0.094444 0.037500 0.066667
109 0.070833 0.094444 0.037500 0.066667
94 0.108333 0.094444 0.037500 0.066667
92 0.145833 0.094444 0.037500 0.066667
109 0.183333 0.094444 0.037500 0.066667
91 0.220833 0.094444 0.037500 0.066667
29 0.258333 0.094444 0.037500 0.066667
110 0.295833 0.094444 0.037500 0.066667
29 0.333333 0.094444 0.037500 0.066667
37 0.370833 0.094444 0.037500 0.066667
34 0.408333 0.094444 0.037500 0.066667
94 0.445833 0.094444 0.037500 0.066667
67 0.483333 0.094444 0.037500 0.066667
34 0.520833 0.094444 0.037500 0.066667
131 0.558333 0.094444 0.037500 0.066667
28 0.595833 0.094444 0.037500 0.066667
91 0.633333 0.094444 0.037500 0.066667
173 0.670833 0.094444 0.037500 0.066667
174 0.334375 0.027778 0.033333 0.059259
9 0.363542 0.027778 0.033333 0.059259
10 0.392708 0.027778 0.033333 0.059259
290 0.421875 0.027778 0.033333 0.059259
254 0.451042 0.027778 0.033333 0.059259
14 0.247917 0.565741 0.114583 0.268519
15 0.247917 0.716667 0.120312 0.023333
402 0.195833 0.744444 0.025000 0.044444
74 0.220833 0.744444 0.025000 0.044444
54 0.245833 0.744444 0.025000 0.044444
228 0.751042 0.731481 0.025000 0.044444
19 0.850000 0.525000 0.208333 0.324074
20 0.850000 0.703704 0.218750 0.023333
21 0.850000 0.333333 0.038333 0.068148
