577 0.270312 0.986111 0.149899 0.329824
250 0.357812 0.949074 0.137609 0.316375
61 0.452969 0.925926 0.124215 0.300456
232 0.547031 0.925926 0.124152 0.300376
616 0.642187 0.949074 0.137546 0.316296
413 0.729688 0.986111 0.149838 0.329746
31 0.033333 0.094444 0.037500 0.066667
37 0.070833 0.094444 0.037500 0.066667
129 0.108333 0.094444 0.037500 0.066667
110 0.145833 0.094444 0.037500 0.066667
130 0.183333 0.094444 0.037500 0.066667
185 0.334375 0.027778 0.033333 0.059259
13 0.363542 0.027778 0.033333 0.059259
13 0.392708 0.027778 0.033333 0.059259
13 0.421875 0.027778 0.033333 0.059259
13 0.451042 0.027778 0.033333 0.059259
14 0.247917 0.565741 0.114583 0.268519
15 0.247917 0.716667 0.120312 0.023333
156 0.195833 0.744444 0.025000 0.044444
203 0.220833 0.744444 0.025000 0.044444
135 0.821354 0.731481 0.025000 0.044444
356 0.846354 0.731481 0.025000 0.044444
294 0.871354 0.731481 0.025000 0.044444
296 0.896354 0.731481 0.025000 0.044444
105 0.850000 0.640741 0.067708 0.092593
20 0.850000 0.703704 0.071094 0.023333
82 0.850000 0.564815 0.038333 0.068148
268 0.395312 0.748148 0.025000 0.044444
80 0.420312 0.748148 0.025000 0.044444
482 0.450000 0.587963 0.119792 0.231481
20 0.450000 0.720370 0.125781 0.023333
216 0.450000 0.442593 0.038333 0.068148
49 0.556250 0.734259 0.025000 0.044444
156 0.581250 0.734259 0.025000 0.044444
42 0.606250 0.734259 0.025000 0.044444
408 0.631250 0.734259 0.025000 0.044444
125 0.650000 0.555556 0.197917 0.268519
20 0.650000 0.706481 0.207812 0.023333
216 0.650000 0.391667 0.038333 0.068148
