588 0.500000 0.925926 0.117188 0.291667
131 0.033333 0.094444 0.037500 0.066667
7 0.070833 0.094444 0.037500 0.066667
65 0.108333 0.094444 0.037500 0.066667
163 0.145833 0.094444 0.037500 0.066667
199 0.183333 0.094444 0.037500 0.066667
132 0.220833 0.094444 0.037500 0.066667
110 0.258333 0.094444 0.037500 0.066667
199 0.295833 0.094444 0.037500 0.066667
68 0.334375 0.027778 0.033333 0.059259
355 0.363542 0.027778 0.033333 0.059259
303 0.392708 0.027778 0.033333 0.059259
10 0.421875 0.027778 0.033333 0.059259
13 0.451042 0.027778 0.033333 0.059259
14 0.247917 0.565741 0.114583 0.268519
15 0.247917 0.716667 0.120312 0.023333
240 0.195833 0.744444 0.025000 0.044444
371 0.220833 0.744444 0.025000 0.044444
369 0.245833 0.744444 0.025000 0.044444
425 0.808333 0.711111 0.025000 0.044444
202 0.833333 0.711111 0.025000 0.044444
371 0.858333 0.711111 0.025000 0.044444
206 0.850000 0.523148 0.093750 0.287037
20 0.850000 0.683333 0.098437 0.023333
82 0.850000 0.350000 0.038333 0.068148
327 0.611979 0.735185 0.025000 0.044444
401 0.636979 0.735185 0.025000 0.044444
115 0.661979 0.735185 0.025000 0.044444
240 0.686979 0.735185 0.025000 0.044444
549 0.645833 0.621296 0.078125 0.138889
20 0.645833 0.707407 0.082031 0.023333
216 0.645833 0.522222 0.038333 0.068148
