617 0.237500 1.000000 0.155649 0.335641
352 0.314063 0.968783 0.143917 0.323435
528 0.401563 0.945767 0.131037 0.308710
172 0.500000 0.931481 0.117188 0.291667
491 0.598437 0.945767 0.130975 0.308631
533 0.685938 0.968783 0.143855 0.323357
400 0.762500 1.000000 0.155588 0.335564
28 0.033333 0.094444 0.037500 0.066667
93 0.070833 0.094444 0.037500 0.066667
109 0.108333 0.094444 0.037500 0.066667
38 0.145833 0.094444 0.037500 0.066667
131 0.183333 0.094444 0.037500 0.066667
130 0.220833 0.094444 0.037500 0.066667
91 0.258333 0.094444 0.037500 0.066667
36 0.295833 0.094444 0.037500 0.066667
91 0.333333 0.094444 0.037500 0.066667
94 0.370833 0.094444 0.037500 0.066667
67 0.408333 0.094444 0.037500 0.066667
32 0.445833 0.094444 0.037500 0.066667
107 0.483333 0.094444 0.037500 0.066667
34 0.520833 0.094444 0.037500 0.066667
29 0.558333 0.094444 0.037500 0.066667
163 0.595833 0.094444 0.037500 0.066667
38 0.633333 0.094444 0.037500 0.066667
6 0.670833 0.094444 0.037500 0.066667
199 0.708333 0.094444 0.037500 0.066667
12 0.334375 0.027778 0.033333 0.059259
40 0.363542 0.027778 0.033333 0.059259
186 0.392708 0.027778 0.033333 0.059259
68 0.421875 0.027778 0.033333 0.059259
13 0.451042 0.027778 0.033333 0.059259
14 0.247917 0.565741 0.114583 0.268519
15 0.247917 0.716667 0.120312 0.023333
357 0.195833 0.744444 0.025000 0.044444
175 0.220833 0.744444 0.025000 0.044444
281 0.791146 0.729630 0.025000 0.044444
307 0.816146 0.729630 0.025000 0.044444
221 0.845833 0.574074 0.119792 0.222222
20 0.845833 0.701852 0.125781 0.023333
48 0.845833 0.433333 0.038333 0.068148
44 0.535417 0.729630 0.025000 0.044444
258 0.560417 0.729630 0.025000 0.044444
201 0.585417 0.729630 0.025000 0.044444
295 0.610417 0.729630 0.025000 0.044444
208 0.650000 0.546296 0.239583 0.277778
20 0.650000 0.701852 0.251562 0.023333
48 0.650000 0.377778 0.038333 0.068148
