211 0.448594 0.925926 0.124215 0.300456
412 0.557969 0.925926 0.124152 0.300376
91 0.033333 0.094444 0.037500 0.066667
132 0.070833 0.094444 0.037500 0.066667
7 0.108333 0.094444 0.037500 0.066667
37 0.145833 0.094444 0.037500 0.066667
29 0.183333 0.094444 0.037500 0.066667
6 0.220833 0.094444 0.037500 0.066667
130 0.258333 0.094444 0.037500 0.066667
91 0.295833 0.094444 0.037500 0.066667
92 0.333333 0.094444 0.037500 0.066667
29 0.370833 0.094444 0.037500 0.066667
173 0.408333 0.094444 0.037500 0.066667
64 0.445833 0.094444 0.037500 0.066667
65 0.483333 0.094444 0.037500 0.066667
109 0.520833 0.094444 0.037500 0.066667
107 0.558333 0.094444 0.037500 0.066667
66 0.595833 0.094444 0.037500 0.066667
200 0.334375 0.027778 0.033333 0.059259
238 0.363542 0.027778 0.033333 0.059259
272 0.392708 0.027778 0.033333 0.059259
9 0.421875 0.027778 0.033333 0.059259
13 0.451042 0.027778 0.033333 0.059259
14 0.247917 0.565741 0.114583 0.268519
15 0.247917 0.716667 0.120312 0.023333
69 0.195833 0.744444 0.025000 0.044444
222 0.220833 0.744444 0.025000 0.044444
148 0.810938 0.720681 0.025000 0.044444
294 0.835938 0.720681 0.025000 0.044444
54 0.860937 0.720681 0.025000 0.044444
608 0.850000 0.616052 0.088542 0.120370
20 0.850000 0.692903 0.092969 0.023333
170 0.850000 0.526237 0.038333 0.068148
