645 0.401563 0.953704 0.131037 0.308710
551 0.500000 0.925926 0.117188 0.291667
502 0.598437 0.953704 0.130975 0.308631
108 0.033333 0.094444 0.037500 0.066667
303 0.334375 0.027778 0.033333 0.059259
304 0.363542 0.027778 0.033333 0.059259
145 0.392708 0.027778 0.033333 0.059259
13 0.421875 0.027778 0.033333 0.059259
13 0.451042 0.027778 0.033333 0.059259
14 0.247917 0.565741 0.114583 0.268519
15 0.247917 0.716667 0.120312 0.023333
265 0.195833 0.744444 0.025000 0.044444
415 0.220833 0.744444 0.025000 0.044444
406 0.245833 0.744444 0.025000 0.044444
371 0.270833 0.744444 0.025000 0.044444
296 0.623958 0.733333 0.025000 0.044444
402 0.648958 0.733333 0.025000 0.044444
49 0.673958 0.733333 0.025000 0.044444
292 0.698958 0.733333 0.025000 0.044444
154 0.650000 0.614815 0.062500 0.148148
20 0.650000 0.705556 0.065625 0.023333
48 0.650000 0.511111 0.038333 0.068148
524 0.784896 0.641667 0.025000 0.044444
455 0.809896 0.641667 0.025000 0.044444
269 0.834896 0.641667 0.025000 0.044444
134 0.859896 0.641667 0.025000 0.044444
157 0.857813 0.416667 0.156250 0.361111
20 0.857813 0.613889 0.164063 0.023333
158 0.857813 0.206481 0.038333 0.068148
239 0.371875 0.724074 0.025000 0.044444
165 0.396875 0.724074 0.025000 0.044444
201 0.421875 0.724074 0.025000 0.044444
124 0.446875 0.724074 0.025000 0.044444
441 0.439583 0.563889 0.145833 0.231481
20 0.439583 0.696296 0.153125 0.023333
48 0.439583 0.418519 0.038333 0.068148
