440 0.182812 1.000000 0.145411 0.296825
63 0.237500 0.976852 0.136936 0.289694
345 0.303125 0.951852 0.127414 0.280350
619 0.379687 0.928704 0.116968 0.268919
555 0.456250 0.921296 0.105583 0.255387
560 0.543750 0.921296 0.105530 0.255319
495 0.620313 0.928704 0.116914 0.268851
420 0.696875 0.951852 0.127362 0.280284
565 0.762500 0.976852 0.136885 0.289630
449 0.817187 1.000000 0.145376 0.296799
65 0.033333 0.094444 0.037500 0.066667
93 0.070833 0.094444 0.037500 0.066667
28 0.108333 0.094444 0.037500 0.066667
35 0.145833 0.094444 0.037500 0.066667
33 0.183333 0.094444 0.037500 0.066667
35 0.220833 0.094444 0.037500 0.066667
29 0.258333 0.094444 0.037500 0.066667
34 0.295833 0.094444 0.037500 0.066667
32 0.333333 0.094444 0.037500 0.066667
131 0.370833 0.094444 0.037500 0.066667
108 0.408333 0.094444 0.037500 0.066667
110 0.445833 0.094444 0.037500 0.066667
30 0.483333 0.094444 0.037500 0.066667
5 0.520833 0.094444 0.037500 0.066667
130 0.558333 0.094444 0.037500 0.066667
145 0.334375 0.027778 0.033333 0.059259
112 0.363542 0.027778 0.033333 0.059259
238 0.392708 0.027778 0.033333 0.059259
13 0.421875 0.027778 0.033333 0.059259
13 0.451042 0.027778 0.033333 0.059259
14 0.247917 0.565741 0.114583 0.268519
15 0.247917 0.716667 0.120312 0.023333
425 0.195833 0.744444 0.025000 0.044444
416 0.220833 0.744444 0.025000 0.044444
356 0.245833 0.744444 0.025000 0.044444
328 0.270833 0.744444 0.025000 0.044444
390 0.810938 0.698223 0.025000 0.044444
176 0.835938 0.698223 0.025000 0.044444
455 0.860937 0.698223 0.025000 0.044444
454 0.885938 0.698223 0.025000 0.044444
448 0.850000 0.593594 0.088542 0.120370
20 0.850000 0.670445 0.092969 0.023333
48 0.850000 0.503779 0.038333 0.068148
