343 0.270312 0.986111 0.149899 0.329824
513 0.357812 0.949074 0.137609 0.316375
642 0.452969 0.925926 0.124215 0.300456
362 0.547031 0.925926 0.124152 0.300376
496 0.642187 0.949074 0.137546 0.316296
230 0.729688 0.986111 0.149838 0.329746
35 0.033333 0.094444 0.037500 0.066667
32 0.070833 0.094444 0.037500 0.066667
37 0.108333 0.094444 0.037500 0.066667
29 0.145833 0.094444 0.037500 0.066667
33 0.183333 0.094444 0.037500 0.066667
32 0.220833 0.094444 0.037500 0.066667
4 0.258333 0.094444 0.037500 0.066667
29 0.295833 0.094444 0.037500 0.066667
5 0.333333 0.094444 0.037500 0.066667
34 0.370833 0.094444 0.037500 0.066667
92 0.408333 0.094444 0.037500 0.066667
4 0.445833 0.094444 0.037500 0.066667
32 0.483333 0.094444 0.037500 0.066667
107 0.520833 0.094444 0.037500 0.066667
377 0.334375 0.027778 0.033333 0.059259
174 0.363542 0.027778 0.033333 0.059259
9 0.392708 0.027778 0.033333 0.059259
200 0.421875 0.027778 0.033333 0.059259
13 0.451042 0.027778 0.033333 0.059259
14 0.247917 0.565741 0.114583 0.268519
15 0.247917 0.716667 0.120312 0.023333
55 0.195833 0.744444 0.025000 0.044444
119 0.220833 0.744444 0.025000 0.044444
80 0.245833 0.744444 0.025000 0.044444
416 0.270833 0.744444 0.025000 0.044444
325 0.787500 0.720370 0.025000 0.044444
240 0.812500 0.720370 0.025000 0.044444
17 0.837500 0.720370 0.025000 0.044444
80 0.862500 0.720370 0.025000 0.044444
330 0.850000 0.583333 0.135417 0.185185
20 0.850000 0.692593 0.142188 0.023333
48 0.850000 0.461111 0.038333 0.068148
