63 0.401563 0.953704 0.131037 0.308710
1 0.500000 0.925926 0.117188 0.291667
379 0.598437 0.953704 0.130975 0.308631
94 0.033333 0.094444 0.037500 0.066667
131 0.070833 0.094444 0.037500 0.066667
37 0.108333 0.094444 0.037500 0.066667
173 0.145833 0.094444 0.037500 0.066667
33 0.183333 0.094444 0.037500 0.066667
173 0.220833 0.094444 0.037500 0.066667
65 0.258333 0.094444 0.037500 0.066667
65 0.295833 0.094444 0.037500 0.066667
10 0.334375 0.027778 0.033333 0.059259
381 0.363542 0.027778 0.033333 0.059259
200 0.392708 0.027778 0.033333 0.059259
186 0.421875 0.027778 0.033333 0.059259
254 0.451042 0.027778 0.033333 0.059259
14 0.247917 0.565741 0.114583 0.268519
15 0.247917 0.716667 0.120312 0.023333
325 0.195833 0.744444 0.025000 0.044444
414 0.220833 0.744444 0.025000 0.044444
295 0.245833 0.744444 0.025000 0.044444
204 0.270833 0.744444 0.025000 0.044444
265 0.810938 0.720681 0.025000 0.044444
51 0.835938 0.720681 0.025000 0.044444
273 0.860937 0.720681 0.025000 0.044444
608 0.850000 0.616052 0.088542 0.120370
20 0.850000 0.692903 0.092969 0.023333
82 0.850000 0.526237 0.038333 0.068148
