656 0.270312 0.986111 0.149899 0.329824
596 0.357812 0.949074 0.137609 0.316375
250 0.452969 0.925926 0.124215 0.300456
554 0.547031 0.925926 0.124152 0.300376
630 0.642187 0.949074 0.137546 0.316296
462 0.729688 0.986111 0.149838 0.329746
36 0.033333 0.094444 0.037500 0.066667
130 0.070833 0.094444 0.037500 0.066667
107 0.108333 0.094444 0.037500 0.066667
4 0.145833 0.094444 0.037500 0.066667
5 0.183333 0.094444 0.037500 0.066667
67 0.220833 0.094444 0.037500 0.066667
199 0.258333 0.094444 0.037500 0.066667
4 0.295833 0.094444 0.037500 0.066667
107 0.333333 0.094444 0.037500 0.066667
199 0.370833 0.094444 0.037500 0.066667
30 0.408333 0.094444 0.037500 0.066667
130 0.445833 0.094444 0.037500 0.066667
65 0.483333 0.094444 0.037500 0.066667
92 0.520833 0.094444 0.037500 0.066667
9 0.334375 0.027778 0.033333 0.059259
96 0.363542 0.027778 0.033333 0.059259
68 0.392708 0.027778 0.033333 0.059259
13 0.421875 0.027778 0.033333 0.059259
13 0.451042 0.027778 0.033333 0.059259
14 0.247917 0.565741 0.114583 0.268519
15 0.247917 0.716667 0.120312 0.023333
50 0.195833 0.744444 0.025000 0.044444
100 0.808333 0.706481 0.025000 0.044444
273 0.833333 0.706481 0.025000 0.044444
454 0.858333 0.706481 0.025000 0.044444
49 0.883333 0.706481 0.025000 0.044444
47 0.850000 0.597222 0.093750 0.129630
20 0.850000 0.678704 0.098437 0.023333
82 0.850000 0.502778 0.038333 0.068148
148 0.553646 0.729630 0.025000 0.044444
49 0.578646 0.729630 0.025000 0.044444
383 0.650000 0.504630 0.203125 0.361111
20 0.650000 0.701852 0.213281 0.023333
216 0.650000 0.294444 0.038333 0.068148
