39 0.351250 0.960648 0.137609 0.316375
460 0.449688 0.935185 0.124215 0.300456
561 0.550312 0.935185 0.124152 0.300376
438 0.648750 0.960648 0.137546 0.316296
118 0.033333 0.094444 0.037500 0.066667
261 0.070833 0.094444 0.037500 0.066667
177 0.108333 0.094444 0.037500 0.066667
135 0.145833 0.094444 0.037500 0.066667
163 0.183333 0.094444 0.037500 0.066667
135 0.220833 0.094444 0.037500 0.066667
117 0.258333 0.094444 0.037500 0.066667
287 0.295833 0.094444 0.037500 0.066667
139 0.333333 0.094444 0.037500 0.066667
136 0.370833 0.094444 0.037500 0.066667
100 0.408333 0.094444 0.037500 0.066667
46 0.445833 0.094444 0.037500 0.066667
140 0.483333 0.094444 0.037500 0.066667
75 0.520833 0.094444 0.037500 0.066667
100 0.558333 0.094444 0.037500 0.066667
136 0.595833 0.094444 0.037500 0.066667
100 0.633333 0.094444 0.037500 0.066667
99 0.670833 0.094444 0.037500 0.066667
43 0.708333 0.094444 0.037500 0.066667
308 0.334375 0.027778 0.033333 0.059259
189 0.363542 0.027778 0.033333 0.059259
141 0.392708 0.027778 0.033333 0.059259
120 0.421875 0.027778 0.033333 0.059259
13 0.451042 0.027778 0.033333 0.059259
14 0.247917 0.565741 0.114583 0.268519
15 0.247917 0.716667 0.120312 0.023333
21 0.195833 0.744444 0.025000 0.044444
499 0.771875 0.734259 0.025000 0.044444
551 0.850000 0.587963 0.166667 0.203704
23 0.850000 0.706481 0.175000 0.023333
552 0.850000 0.456481 0.038333 0.068148
441 0.408333 0.711111 0.025000 0.044444
152 0.433333 0.711111 0.025000 0.044444
193 0.458333 0.711111 0.025000 0.044444
125 0.483333 0.711111 0.025000 0.044444
84 0.450000 0.523148 0.093750 0.287037
23 0.450000 0.683333 0.098437 0.023333
61 0.450000 0.350000 0.038333 0.068148
80 0.597917 0.737037 0.025000 0.044444
405 0.622917 0.737037 0.025000 0.044444
249 0.644792 0.562963 0.104167 0.259259
23 0.644792 0.709259 0.109375 0.023333
57 0.644792 0.403704 0.038333 0.068148
