577 0.351250 0.960648 0.137609 0.316375
183 0.449688 0.935185 0.124215 0.300456
480 0.550312 0.935185 0.124152 0.300376
231 0.648750 0.960648 0.137546 0.316296
109 0.033333 0.094444 0.037500 0.066667
5 0.070833 0.094444 0.037500 0.066667
94 0.108333 0.094444 0.037500 0.066667
163 0.145833 0.094444 0.037500 0.066667
93 0.183333 0.094444 0.037500 0.066667
28 0.220833 0.094444 0.037500 0.066667
131 0.258333 0.094444 0.037500 0.066667
94 0.295833 0.094444 0.037500 0.066667
33 0.333333 0.094444 0.037500 0.066667
131 0.370833 0.094444 0.037500 0.066667
94 0.408333 0.094444 0.037500 0.066667
36 0.445833 0.094444 0.037500 0.066667
173 0.483333 0.094444 0.037500 0.066667
93 0.520833 0.094444 0.037500 0.066667
132 0.558333 0.094444 0.037500 0.066667
163 0.595833 0.094444 0.037500 0.066667
108 0.633333 0.094444 0.037500 0.066667
38 0.670833 0.094444 0.037500 0.066667
29 0.708333 0.094444 0.037500 0.066667
30 0.745833 0.094444 0.037500 0.066667
111 0.334375 0.027778 0.033333 0.059259
255 0.363542 0.027778 0.033333 0.059259
13 0.392708 0.027778 0.033333 0.059259
13 0.421875 0.027778 0.033333 0.059259
13 0.451042 0.027778 0.033333 0.059259
14 0.247917 0.565741 0.114583 0.268519
15 0.247917 0.716667 0.120312 0.023333
204 0.195833 0.744444 0.025000 0.044444
117 0.220833 0.744444 0.025000 0.044444
222 0.245833 0.744444 0.025000 0.044444
137 0.270833 0.744444 0.025000 0.044444
295 0.610937 0.729630 0.025000 0.044444
483 0.635938 0.729630 0.025000 0.044444
314 0.660937 0.729630 0.025000 0.044444
516 0.650000 0.578704 0.088542 0.212963
20 0.650000 0.701852 0.092969 0.023333
170 0.650000 0.442593 0.038333 0.068148
43 0.758854 0.725000 0.025000 0.044444
357 0.783854 0.725000 0.025000 0.044444
259 0.808854 0.725000 0.025000 0.044444
476 0.850000 0.523148 0.192708 0.314815
20 0.850000 0.697222 0.202344 0.023333
48 0.850000 0.336111 0.038333 0.068148
204 0.387500 0.720370 0.025000 0.044444
269 0.412500 0.720370 0.025000 0.044444
17 0.437500 0.720370 0.025000 0.044444
98 0.462500 0.720370 0.025000 0.044444
330 0.450000 0.583333 0.135417 0.185185
20 0.450000 0.692593 0.142188 0.023333
331 0.450000 0.461111 0.038333 0.068148
