354 0.448594 0.925926 0.124215 0.300456
463 0.557969 0.925926 0.124152 0.300376
110 0.033333 0.094444 0.037500 0.066667
109 0.070833 0.094444 0.037500 0.066667
31 0.108333 0.094444 0.037500 0.066667
64 0.145833 0.094444 0.037500 0.066667
29 0.183333 0.094444 0.037500 0.066667
28 0.220833 0.094444 0.037500 0.066667
110 0.258333 0.094444 0.037500 0.066667
93 0.295833 0.094444 0.037500 0.066667
254 0.334375 0.027778 0.033333 0.059259
9 0.363542 0.027778 0.033333 0.059259
13 0.392708 0.027778 0.033333 0.059259
13 0.421875 0.027778 0.033333 0.059259
13 0.451042 0.027778 0.033333 0.059259
14 0.247917 0.565741 0.114583 0.268519
15 0.247917 0.716667 0.120312 0.023333
424 0.195833 0.744444 0.025000 0.044444
114 0.220833 0.744444 0.025000 0.044444
408 0.782812 0.734259 0.025000 0.044444
306 0.807813 0.734259 0.025000 0.044444
205 0.832812 0.734259 0.025000 0.044444
43 0.857813 0.734259 0.025000 0.044444
485 0.842708 0.537037 0.130208 0.305556
20 0.842708 0.706481 0.136719 0.023333
48 0.842708 0.354630 0.038333 0.068148
52 0.371875 0.734259 0.025000 0.044444
120 0.396875 0.734259 0.025000 0.044444
77 0.421875 0.734259 0.025000 0.044444
76 0.450000 0.495370 0.166667 0.388889
20 0.450000 0.706481 0.175000 0.023333
48 0.450000 0.271296 0.038333 0.068148
204 0.571875 0.724074 0.025000 0.044444
441 0.639583 0.563889 0.145833 0.231481
20 0.639583 0.696296 0.153125 0.023333
48 0.639583 0.418519 0.038333 0.068148
