638 0.193750 1.000000 0.149621 0.310807
60 0.259375 0.982716 0.140084 0.302077
650 0.332656 0.955556 0.129526 0.291092
588 0.412500 0.930247 0.117934 0.277839
2 0.500000 0.925926 0.105469 0.262500
2 0.587500 0.930247 0.117877 0.277768
407 0.667344 0.955556 0.129470 0.291021
619 0.740625 0.982716 0.140029 0.302007
432 0.806250 1.000000 0.149567 0.310740
32 0.033333 0.094444 0.037500 0.066667
67 0.070833 0.094444 0.037500 0.066667
35 0.108333 0.094444 0.037500 0.066667
109 0.145833 0.094444 0.037500 0.066667
132 0.183333 0.094444 0.037500 0.066667
38 0.220833 0.094444 0.037500 0.066667
6 0.258333 0.094444 0.037500 0.066667
173 0.295833 0.094444 0.037500 0.066667
184 0.333333 0.094444 0.037500 0.066667
91 0.370833 0.094444 0.037500 0.066667
35 0.408333 0.094444 0.037500 0.066667
34 0.445833 0.094444 0.037500 0.066667
92 0.483333 0.094444 0.037500 0.066667
35 0.520833 0.094444 0.037500 0.066667
129 0.558333 0.094444 0.037500 0.066667
109 0.595833 0.094444 0.037500 0.066667
184 0.633333 0.094444 0.037500 0.066667
199 0.670833 0.094444 0.037500 0.066667
129 0.708333 0.094444 0.037500 0.066667
113 0.334375 0.027778 0.033333 0.059259
113 0.363542 0.027778 0.033333 0.059259
9 0.392708 0.027778 0.033333 0.059259
133 0.421875 0.027778 0.033333 0.059259
13 0.451042 0.027778 0.033333 0.059259
14 0.247917 0.565741 0.114583 0.268519
15 0.247917 0.716667 0.120312 0.023333
69 0.195833 0.744444 0.025000 0.044444
314 0.220833 0.744444 0.025000 0.044444
189 0.810938 0.698223 0.025000 0.044444
80 0.835938 0.698223 0.025000 0.044444
151 0.860937 0.698223 0.025000 0.044444
448 0.850000 0.593594 0.088542 0.120370
20 0.850000 0.670445 0.092969 0.023333
82 0.850000 0.503779 0.038333 0.068148
215 0.603125 0.729630 0.025000 0.044444
222 0.628125 0.729630 0.025000 0.044444
295 0.653125 0.729630 0.025000 0.044444
416 0.678125 0.729630 0.025000 0.044444
382 0.650000 0.583333 0.104167 0.203704
20 0.650000 0.701852 0.109375 0.023333
48 0.650000 0.451852 0.038333 0.068148
265 0.353646 0.725926 0.025000 0.044444
135 0.378646 0.725926 0.025000 0.044444
447 0.403646 0.725926 0.025000 0.044444
243 0.450000 0.500926 0.203125 0.361111
20 0.450000 0.698148 0.213281 0.023333
170 0.450000 0.290741 0.038333 0.068148
