234 0.351250 0.960648 0.137609 0.316375
508 0.449688 0.935185 0.124215 0.300456
393 0.550312 0.935185 0.124152 0.300376
308 0.648750 0.960648 0.137546 0.316296
173 0.033333 0.094444 0.037500 0.066667
130 0.070833 0.094444 0.037500 0.066667
30 0.108333 0.094444 0.037500 0.066667
33 0.145833 0.094444 0.037500 0.066667
107 0.183333 0.094444 0.037500 0.066667
35 0.220833 0.094444 0.037500 0.066667
93 0.258333 0.094444 0.037500 0.066667
29 0.295833 0.094444 0.037500 0.066667
64 0.333333 0.094444 0.037500 0.066667
30 0.370833 0.094444 0.037500 0.066667
131 0.408333 0.094444 0.037500 0.066667
6 0.445833 0.094444 0.037500 0.066667
4 0.483333 0.094444 0.037500 0.066667
36 0.520833 0.094444 0.037500 0.066667
130 0.558333 0.094444 0.037500 0.066667
110 0.595833 0.094444 0.037500 0.066667
33 0.633333 0.094444 0.037500 0.066667
272 0.334375 0.027778 0.033333 0.059259
13 0.363542 0.027778 0.033333 0.059259
13 0.392708 0.027778 0.033333 0.059259
13 0.421875 0.027778 0.033333 0.059259
13 0.451042 0.027778 0.033333 0.059259
14 0.247917 0.565741 0.114583 0.268519
15 0.247917 0.716667 0.120312 0.023333
401 0.195833 0.744444 0.025000 0.044444
151 0.810938 0.698223 0.025000 0.044444
222 0.835938 0.698223 0.025000 0.044444
204 0.860937 0.698223 0.025000 0.044444
448 0.850000 0.593594 0.088542 0.120370
20 0.850000 0.670445 0.092969 0.023333
170 0.850000 0.503779 0.038333 0.068148
292 0.571875 0.734259 0.025000 0.044444
293 0.596875 0.734259 0.025000 0.044444
97 0.621875 0.734259 0.025000 0.044444
148 0.646875 0.734259 0.025000 0.044444
149 0.650000 0.587963 0.166667 0.203704
20 0.650000 0.706481 0.175000 0.023333
150 0.650000 0.456481 0.038333 0.068148
