62 0.226563 1.000000 0.153046 0.323776
196 0.300938 0.968750 0.142404 0.313332
452 0.379687 0.943287 0.130728 0.300556
298 0.458438 0.925926 0.118005 0.285433
655 0.541562 0.925926 0.117945 0.285357
432 0.620313 0.943287 0.130669 0.300481
432 0.693594 0.968750 0.142346 0.313258
568 0.773438 1.000000 0.152989 0.323704
35 0.033333 0.094444 0.037500 0.066667
173 0.070833 0.094444 0.037500 0.066667
8 0.108333 0.094444 0.037500 0.066667
129 0.145833 0.094444 0.037500 0.066667
131 0.183333 0.094444 0.037500 0.066667
31 0.220833 0.094444 0.037500 0.066667
65 0.258333 0.094444 0.037500 0.066667
33 0.295833 0.094444 0.037500 0.066667
31 0.333333 0.094444 0.037500 0.066667
184 0.370833 0.094444 0.037500 0.066667
355 0.334375 0.027778 0.033333 0.059259
13 0.363542 0.027778 0.033333 0.059259
13 0.392708 0.027778 0.033333 0.059259
13 0.421875 0.027778 0.033333 0.059259
13 0.451042 0.027778 0.033333 0.059259
14 0.247917 0.565741 0.114583 0.268519
15 0.247917 0.716667 0.120312 0.023333
148 0.195833 0.744444 0.025000 0.044444
56 0.220833 0.744444 0.025000 0.044444
104 0.245833 0.744444 0.025000 0.044444
45 0.608333 0.706481 0.025000 0.044444
46 0.633333 0.706481 0.025000 0.044444
69 0.658333 0.706481 0.025000 0.044444
47 0.650000 0.597222 0.093750 0.129630
20 0.650000 0.678704 0.098437 0.023333
48 0.650000 0.502778 0.038333 0.068148
51 0.766667 0.738889 0.025000 0.044444
422 0.852604 0.490741 0.182292 0.407407
20 0.852604 0.711111 0.191406 0.023333
48 0.852604 0.257407 0.038333 0.068148
367 0.356250 0.734259 0.025000 0.044444
307 0.381250 0.734259 0.025000 0.044444
50 0.406250 0.734259 0.025000 0.044444
125 0.450000 0.555556 0.197917 0.268519
20 0.450000 0.706481 0.207812 0.023333
170 0.450000 0.391667 0.038333 0.068148
