578 0.500000 0.925926 0.117188 0.291667
163 0.033333 0.094444 0.037500 0.066667
93 0.070833 0.094444 0.037500 0.066667
92 0.108333 0.094444 0.037500 0.066667
31 0.145833 0.094444 0.037500 0.066667
4 0.183333 0.094444 0.037500 0.066667
38 0.220833 0.094444 0.037500 0.066667
199 0.258333 0.094444 0.037500 0.066667
91 0.295833 0.094444 0.037500 0.066667
214 0.334375 0.027778 0.033333 0.059259
200 0.363542 0.027778 0.033333 0.059259
272 0.392708 0.027778 0.033333 0.059259
144 0.421875 0.027778 0.033333 0.059259
145 0.451042 0.027778 0.033333 0.059259
14 0.247917 0.565741 0.114583 0.268519
15 0.247917 0.716667 0.120312 0.023333
371 0.195833 0.744444 0.025000 0.044444
378 0.803125 0.729630 0.025000 0.044444
366 0.828125 0.729630 0.025000 0.044444
51 0.853125 0.729630 0.025000 0.044444
205 0.878125 0.729630 0.025000 0.044444
531 0.850000 0.583333 0.104167 0.203704
20 0.850000 0.701852 0.109375 0.023333
48 0.850000 0.451852 0.038333 0.068148
275 0.582292 0.720370 0.025000 0.044444
168 0.607292 0.720370 0.025000 0.044444
281 0.632292 0.720370 0.025000 0.044444
601 0.650000 0.546296 0.145833 0.259259
20 0.650000 0.692593 0.153125 0.023333
48 0.650000 0.387037 0.038333 0.068148
