461 0.182812 1.000000 0.145411 0.296825
288 0.237500 0.976852 0.136936 0.289694
333 0.303125 0.951852 0.127414 0.280350
584 0.379687 0.928704 0.116968 0.268919
209 0.456250 0.921296 0.105583 0.255387
525 0.543750 0.921296 0.105530 0.255319
127 0.620313 0.928704 0.116914 0.268851
248 0.696875 0.951852 0.127362 0.280284
565 0.762500 0.976852 0.136885 0.289630
605 0.817187 1.000000 0.145376 0.296799
32 0.033333 0.094444 0.037500 0.066667
107 0.070833 0.094444 0.037500 0.066667
173 0.108333 0.094444 0.037500 0.066667
94 0.145833 0.094444 0.037500 0.066667
38 0.183333 0.094444 0.037500 0.066667
37 0.220833 0.094444 0.037500 0.066667
6 0.258333 0.094444 0.037500 0.066667
91 0.295833 0.094444 0.037500 0.066667
94 0.333333 0.094444 0.037500 0.066667
5 0.370833 0.094444 0.037500 0.066667
36 0.408333 0.094444 0.037500 0.066667
107 0.445833 0.094444 0.037500 0.066667
173 0.483333 0.094444 0.037500 0.066667
36 0.520833 0.094444 0.037500 0.066667
8 0.558333 0.094444 0.037500 0.066667
93 0.595833 0.094444 0.037500 0.066667
96 0.334375 0.027778 0.033333 0.059259
39 0.363542 0.027778 0.033333 0.059259
13 0.392708 0.027778 0.033333 0.059259
13 0.421875 0.027778 0.033333 0.059259
13 0.451042 0.027778 0.033333 0.059259
14 0.247917 0.565741 0.114583 0.268519
15 0.247917 0.716667 0.120312 0.023333
222 0.195833 0.744444 0.025000 0.044444
177 0.220833 0.744444 0.025000 0.044444
328 0.245833 0.744444 0.025000 0.044444
100 0.270833 0.744444 0.025000 0.044444
46 0.803125 0.743519 0.025000 0.044444
135 0.828125 0.743519 0.025000 0.044444
368 0.850000 0.555556 0.104167 0.287037
20 0.850000 0.715741 0.109375 0.023333
48 0.850000 0.382407 0.038333 0.068148
175 0.611979 0.724074 0.025000 0.044444
315 0.645833 0.610185 0.078125 0.138889
20 0.645833 0.696296 0.082031 0.023333
48 0.645833 0.511111 0.038333 0.068148
