653 0.226563 1.000000 0.153046 0.323776
600 0.300938 0.968750 0.142404 0.313332
365 0.379687 0.943287 0.130728 0.300556
550 0.458438 0.925926 0.118005 0.285433
187 0.541562 0.925926 0.117945 0.285357
251 0.620313 0.943287 0.130669 0.300481
356 0.693594 0.968750 0.142346 0.313258
653 0.773438 1.000000 0.152989 0.323704
139 0.033333 0.094444 0.037500 0.066667
9 0.070833 0.094444 0.037500 0.066667
48 0.108333 0.094444 0.037500 0.066667
118 0.145833 0.094444 0.037500 0.066667
46 0.183333 0.094444 0.037500 0.066667
117 0.220833 0.094444 0.037500 0.066667
139 0.258333 0.094444 0.037500 0.066667
139 0.295833 0.094444 0.037500 0.066667
42 0.333333 0.094444 0.037500 0.066667
50 0.334375 0.027778 0.033333 0.059259
416 0.363542 0.027778 0.033333 0.059259
204 0.392708 0.027778 0.033333 0.059259
402 0.421875 0.027778 0.033333 0.059259
13 0.451042 0.027778 0.033333 0.059259
14 0.247917 0.565741 0.114583 0.268519
15 0.247917 0.716667 0.120312 0.023333
342 0.195833 0.744444 0.025000 0.044444
396 0.220833 0.744444 0.025000 0.044444
292 0.245833 0.744444 0.025000 0.044444
228 0.270833 0.744444 0.025000 0.044444
153 0.803125 0.733333 0.025000 0.044444
264 0.828125 0.733333 0.025000 0.044444
154 0.847396 0.605556 0.098958 0.166667
23 0.847396 0.705556 0.103906 0.023333
61 0.847396 0.492593 0.038333 0.068148
