574 0.193750 1.000000 0.149621 0.310807
556 0.259375 0.982716 0.140084 0.302077
284 0.332656 0.955556 0.129526 0.291092
505 0.412500 0.930247 0.117934 0.277839
599 0.500000 0.925926 0.105469 0.262500
412 0.587500 0.930247 0.117877 0.277768
393 0.667344 0.955556 0.129470 0.291021
427 0.740625 0.982716 0.140029 0.302007
126 0.806250 1.000000 0.149567 0.310740
65 0.033333 0.094444 0.037500 0.066667
64 0.070833 0.094444 0.037500 0.066667
93 0.108333 0.094444 0.037500 0.066667
34 0.145833 0.094444 0.037500 0.066667
67 0.183333 0.094444 0.037500 0.066667
66 0.220833 0.094444 0.037500 0.066667
29 0.258333 0.094444 0.037500 0.066667
67 0.295833 0.094444 0.037500 0.066667
36 0.333333 0.094444 0.037500 0.066667
4 0.370833 0.094444 0.037500 0.066667
254 0.334375 0.027778 0.033333 0.059259
13 0.363542 0.027778 0.033333 0.059259
13 0.392708 0.027778 0.033333 0.059259
13 0.421875 0.027778 0.033333 0.059259
13 0.451042 0.027778 0.033333 0.059259
14 0.247917 0.565741 0.114583 0.268519
15 0.247917 0.716667 0.120312 0.023333
201 0.195833 0.744444 0.025000 0.044444
56 0.220833 0.744444 0.025000 0.044444
328 0.626562 0.740741 0.025000 0.044444
291 0.651563 0.740741 0.025000 0.044444
267 0.650000 0.594444 0.057292 0.203704
20 0.650000 0.712963 0.060156 0.023333
170 0.650000 0.462963 0.038333 0.068148
165 0.340625 0.734259 0.025000 0.044444
529 0.450000 0.527778 0.229167 0.324074
20 0.450000 0.706481 0.240625 0.023333
72 0.450000 0.336111 0.038333 0.068148
52 0.797917 0.748148 0.025000 0.044444
313 0.822917 0.748148 0.025000 0.044444
281 0.847917 0.748148 0.025000 0.044444
139 0.872917 0.748148 0.025000 0.044444
179 0.850000 0.555556 0.114583 0.296296
20 0.850000 0.720370 0.120312 0.023333
170 0.850000 0.377778 0.038333 0.068148
