237 0.270312 0.986111 0.149899 0.329824
492 0.357812 0.949074 0.137609 0.316375
380 0.452969 0.925926 0.124215 0.300456
218 0.547031 0.925926 0.124152 0.300376
218 0.642187 0.949074 0.137546 0.316296
395 0.729688 0.986111 0.149838 0.329746
36 0.033333 0.094444 0.037500 0.066667
130 0.070833 0.094444 0.037500 0.066667
163 0.108333 0.094444 0.037500 0.066667
34 0.145833 0.094444 0.037500 0.066667
32 0.183333 0.094444 0.037500 0.066667
132 0.220833 0.094444 0.037500 0.066667
145 0.334375 0.027778 0.033333 0.059259
11 0.363542 0.027778 0.033333 0.059259
9 0.392708 0.027778 0.033333 0.059259
143 0.421875 0.027778 0.033333 0.059259
186 0.451042 0.027778 0.033333 0.059259
14 0.247917 0.565741 0.114583 0.268519
15 0.247917 0.716667 0.120312 0.023333
52 0.195833 0.744444 0.025000 0.044444
305 0.220833 0.744444 0.025000 0.044444
220 0.245833 0.744444 0.025000 0.044444
168 0.270833 0.744444 0.025000 0.044444
258 0.810938 0.729630 0.025000 0.044444
220 0.835938 0.729630 0.025000 0.044444
516 0.850000 0.578704 0.088542 0.212963
20 0.850000 0.701852 0.092969 0.023333
48 0.850000 0.442593 0.038333 0.068148
41 0.340625 0.734259 0.025000 0.044444
135 0.365625 0.734259 0.025000 0.044444
293 0.390625 0.734259 0.025000 0.044444
529 0.450000 0.527778 0.229167 0.324074
20 0.450000 0.706481 0.240625 0.023333
72 0.450000 0.336111 0.038333 0.068148
228 0.611979 0.735185 0.025000 0.044444
549 0.645833 0.621296 0.078125 0.138889
20 0.645833 0.707407 0.082031 0.023333
216 0.645833 0.522222 0.038333 0.068148
