249 0.401563 0.953704 0.131037 0.308710
514 0.500000 0.925926 0.117188 0.291667
598 0.598437 0.953704 0.130975 0.308631
8 0.033333 0.094444 0.037500 0.066667
130 0.070833 0.094444 0.037500 0.066667
94 0.108333 0.094444 0.037500 0.066667
8 0.145833 0.094444 0.037500 0.066667
30 0.183333 0.094444 0.037500 0.066667
29 0.220833 0.094444 0.037500 0.066667
109 0.258333 0.094444 0.037500 0.066667
28 0.295833 0.094444 0.037500 0.066667
132 0.333333 0.094444 0.037500 0.066667
199 0.370833 0.094444 0.037500 0.066667
93 0.408333 0.094444 0.037500 0.066667
95 0.334375 0.027778 0.033333 0.059259
133 0.363542 0.027778 0.033333 0.059259
13 0.392708 0.027778 0.033333 0.059259
13 0.421875 0.027778 0.033333 0.059259
13 0.451042 0.027778 0.033333 0.059259
14 0.247917 0.565741 0.114583 0.268519
15 0.247917 0.716667 0.120312 0.023333
416 0.195833 0.744444 0.025000 0.044444
281 0.220833 0.744444 0.025000 0.044444
242 0.245833 0.744444 0.025000 0.044444
187 0.270833 0.744444 0.025000 0.044444
165 0.592708 0.645113 0.025000 0.044444
140 0.650000 0.517335 0.125000 0.166667
20 0.650000 0.617335 0.131250 0.023333
216 0.650000 0.404372 0.038333 0.068148
43 0.797917 0.748148 0.025000 0.044444
483 0.822917 0.748148 0.025000 0.044444
179 0.850000 0.555556 0.114583 0.296296
20 0.850000 0.720370 0.120312 0.023333
48 0.850000 0.377778 0.038333 0.068148
