60 0.448594 0.925926 0.124215 0.300456
429 0.557969 0.925926 0.124152 0.300376
184 0.033333 0.094444 0.037500 0.066667
34 0.070833 0.094444 0.037500 0.066667
34 0.108333 0.094444 0.037500 0.066667
131 0.145833 0.094444 0.037500 0.066667
64 0.183333 0.094444 0.037500 0.066667
36 0.220833 0.094444 0.037500 0.066667
36 0.258333 0.094444 0.037500 0.066667
255 0.334375 0.027778 0.033333 0.059259
200 0.363542 0.027778 0.033333 0.059259
186 0.392708 0.027778 0.033333 0.059259
11 0.421875 0.027778 0.033333 0.059259
13 0.451042 0.027778 0.033333 0.059259
14 0.247917 0.565741 0.114583 0.268519
15 0.247917 0.716667 0.120312 0.023333
215 0.195833 0.744444 0.025000 0.044444
189 0.220833 0.744444 0.025000 0.044444
177 0.245833 0.744444 0.025000 0.044444
416 0.803125 0.743519 0.025000 0.044444
368 0.850000 0.555556 0.104167 0.287037
20 0.850000 0.715741 0.109375 0.023333
48 0.850000 0.382407 0.038333 0.068148
