385 0.226563 1.000000 0.153046 0.323776
562 0.300938 0.968750 0.142404 0.313332
624 0.379687 0.943287 0.130728 0.300556
70 0.458438 0.925926 0.118005 0.285433
453 0.541562 0.925926 0.117945 0.285357
598 0.620313 0.943287 0.130669 0.300481
608 0.693594 0.968750 0.142346 0.313258
482 0.773438 1.000000 0.152989 0.323704
116 0.033333 0.094444 0.037500 0.066667
48 0.070833 0.094444 0.037500 0.066667
178 0.108333 0.094444 0.037500 0.066667
10 0.145833 0.094444 0.037500 0.066667
116 0.183333 0.094444 0.037500 0.066667
45 0.220833 0.094444 0.037500 0.066667
164 0.258333 0.094444 0.037500 0.066667
164 0.295833 0.094444 0.037500 0.066667
43 0.333333 0.094444 0.037500 0.066667
188 0.370833 0.094444 0.037500 0.066667
135 0.408333 0.094444 0.037500 0.066667
118 0.445833 0.094444 0.037500 0.066667
100 0.483333 0.094444 0.037500 0.066667
141 0.334375 0.027778 0.033333 0.059259
13 0.363542 0.027778 0.033333 0.059259
13 0.392708 0.027778 0.033333 0.059259
13 0.421875 0.027778 0.033333 0.059259
13 0.451042 0.027778 0.033333 0.059259
14 0.247917 0.565741 0.114583 0.268519
15 0.247917 0.716667 0.120312 0.023333
330 0.195833 0.744444 0.025000 0.044444
406 0.220833 0.744444 0.025000 0.044444
81 0.564062 0.751852 0.025000 0.044444
304 0.589063 0.751852 0.025000 0.044444
205 0.614062 0.751852 0.025000 0.044444
384 0.650000 0.540741 0.182292 0.333333
23 0.650000 0.724074 0.191406 0.023333
61 0.650000 0.344444 0.038333 0.068148
20 0.771875 0.734259 0.025000 0.044444
362 0.796875 0.734259 0.025000 0.044444
441 0.821875 0.734259 0.025000 0.044444
331 0.850000 0.495370 0.166667 0.388889
23 0.850000 0.706481 0.175000 0.023333
61 0.850000 0.271296 0.038333 0.068148
83 0.384896 0.738889 0.025000 0.044444
414 0.450000 0.509259 0.140625 0.370370
23 0.450000 0.711111 0.147656 0.023333
222 0.450000 0.294444 0.038333 0.068148
