598 0.182812 1.000000 0.145411 0.296825
237 0.237500 0.976852 0.136936 0.289694
351 0.303125 0.951852 0.127414 0.280350
321 0.379687 0.928704 0.116968 0.268919
162 0.456250 0.921296 0.105583 0.255387
467 0.543750 0.921296 0.105530 0.255319
536 0.620313 0.928704 0.116914 0.268851
537 0.696875 0.951852 0.127362 0.280284
421 0.762500 0.976852 0.136885 0.289630
468 0.817187 1.000000 0.145376 0.296799
29 0.033333 0.094444 0.037500 0.066667
29 0.070833 0.094444 0.037500 0.066667
108 0.108333 0.094444 0.037500 0.066667
108 0.145833 0.094444 0.037500 0.066667
173 0.183333 0.094444 0.037500 0.066667
324 0.334375 0.027778 0.033333 0.059259
111 0.363542 0.027778 0.033333 0.059259
290 0.392708 0.027778 0.033333 0.059259
214 0.421875 0.027778 0.033333 0.059259
13 0.451042 0.027778 0.033333 0.059259
14 0.247917 0.565741 0.114583 0.268519
15 0.247917 0.716667 0.120312 0.023333
326 0.195833 0.744444 0.025000 0.044444
119 0.220833 0.744444 0.025000 0.044444
74 0.787500 0.716667 0.025000 0.044444
165 0.812500 0.716667 0.025000 0.044444
203 0.837500 0.716667 0.025000 0.044444
348 0.850000 0.593518 0.135417 0.157407
20 0.850000 0.688889 0.142188 0.023333
216 0.850000 0.485185 0.038333 0.068148
