83 0.193750 1.000000 0.149621 0.310807
572 0.259375 0.982716 0.140084 0.302077
656 0.332656 0.955556 0.129526 0.291092
374 0.412500 0.930247 0.117934 0.277839
384 0.500000 0.925926 0.105469 0.262500
635 0.587500 0.930247 0.117877 0.277768
262 0.667344 0.955556 0.129470 0.291021
501 0.740625 0.982716 0.140029 0.302007
438 0.806250 1.000000 0.149567 0.310740
132 0.033333 0.094444 0.037500 0.066667
8 0.070833 0.094444 0.037500 0.066667
95 0.334375 0.027778 0.033333 0.059259
13 0.363542 0.027778 0.033333 0.059259
13 0.392708 0.027778 0.033333 0.059259
13 0.421875 0.027778 0.033333 0.059259
13 0.451042 0.027778 0.033333 0.059259
14 0.247917 0.565741 0.114583 0.268519
15 0.247917 0.716667 0.120312 0.023333
156 0.195833 0.744444 0.025000 0.044444
115 0.220833 0.744444 0.025000 0.044444
165 0.784896 0.738889 0.025000 0.044444
53 0.850000 0.509259 0.140625 0.370370
20 0.850000 0.711111 0.147656 0.023333
48 0.850000 0.294444 0.038333 0.068148
204 0.618750 0.706481 0.025000 0.044444
57 0.650000 0.601852 0.072917 0.120370
20 0.650000 0.678704 0.076563 0.023333
48 0.650000 0.512037 0.038333 0.068148
