421 0.226563 1.000000 0.153046 0.323776
637 0.300938 0.968750 0.142404 0.313332
550 0.379687 0.943287 0.130728 0.300556
647 0.458438 0.925926 0.118005 0.285433
502 0.541562 0.925926 0.117945 0.285357
420 0.620313 0.943287 0.130669 0.300481
565 0.693594 0.968750 0.142346 0.313258
578 0.773438 1.000000 0.152989 0.323704
31 0.033333 0.094444 0.037500 0.066667
163 0.070833 0.094444 0.037500 0.066667
29 0.108333 0.094444 0.037500 0.066667
64 0.145833 0.094444 0.037500 0.066667
6 0.183333 0.094444 0.037500 0.066667
34 0.220833 0.094444 0.037500 0.066667
93 0.258333 0.094444 0.037500 0.066667
108 0.295833 0.094444 0.037500 0.066667
65 0.333333 0.094444 0.037500 0.066667
7 0.370833 0.094444 0.037500 0.066667
29 0.408333 0.094444 0.037500 0.066667
65 0.445833 0.094444 0.037500 0.066667
214 0.334375 0.027778 0.033333 0.059259
13 0.363542 0.027778 0.033333 0.059259
13 0.392708 0.027778 0.033333 0.059259
13 0.421875 0.027778 0.033333 0.059259
13 0.451042 0.027778 0.033333 0.059259
14 0.247917 0.565741 0.114583 0.268519
15 0.247917 0.716667 0.120312 0.023333
228 0.195833 0.744444 0.025000 0.044444
378 0.220833 0.744444 0.025000 0.044444
313 0.245833 0.744444 0.025000 0.044444
277 0.270833 0.744444 0.025000 0.044444
103 0.819271 0.750926 0.025000 0.044444
257 0.847917 0.616667 0.067708 0.179630
20 0.847917 0.723148 0.071094 0.023333
48 0.847917 0.497222 0.038333 0.068148
275 0.610937 0.720681 0.025000 0.044444
608 0.650000 0.616052 0.088542 0.120370
20 0.650000 0.692903 0.092969 0.023333
170 0.650000 0.526237 0.038333 0.068148
366 0.411979 0.735185 0.025000 0.044444
18 0.436979 0.735185 0.025000 0.044444
549 0.445833 0.621296 0.078125 0.138889
20 0.445833 0.707407 0.082031 0.023333
48 0.445833 0.522222 0.038333 0.068148
