193 0.448594 0.925926 0.124215 0.300456
372 0.557969 0.925926 0.124152 0.300376
34 0.033333 0.094444 0.037500 0.066667
92 0.070833 0.094444 0.037500 0.066667
32 0.108333 0.094444 0.037500 0.066667
33 0.145833 0.094444 0.037500 0.066667
163 0.183333 0.094444 0.037500 0.066667
108 0.220833 0.094444 0.037500 0.066667
131 0.258333 0.094444 0.037500 0.066667
108 0.295833 0.094444 0.037500 0.066667
30 0.333333 0.094444 0.037500 0.066667
7 0.370833 0.094444 0.037500 0.066667
32 0.408333 0.094444 0.037500 0.066667
5 0.445833 0.094444 0.037500 0.066667
5 0.483333 0.094444 0.037500 0.066667
186 0.334375 0.027778 0.033333 0.059259
9 0.363542 0.027778 0.033333 0.059259
336 0.392708 0.027778 0.033333 0.059259
290 0.421875 0.027778 0.033333 0.059259
95 0.451042 0.027778 0.033333 0.059259
14 0.247917 0.565741 0.114583 0.268519
15 0.247917 0.716667 0.120312 0.023333
51 0.195833 0.744444 0.025000 0.044444
268 0.220833 0.744444 0.025000 0.044444
241 0.597917 0.737037 0.025000 0.044444
240 0.622917 0.737037 0.025000 0.044444
98 0.647917 0.737037 0.025000 0.044444
103 0.672917 0.737037 0.025000 0.044444
426 0.644792 0.562963 0.104167 0.259259
20 0.644792 0.709259 0.109375 0.023333
170 0.644792 0.403704 0.038333 0.068148
139 0.403125 0.741667 0.025000 0.044444
327 0.428125 0.741667 0.025000 0.044444
135 0.453125 0.741667 0.025000 0.044444
217 0.444792 0.565278 0.093750 0.263889
20 0.444792 0.713889 0.098437 0.023333
158 0.444792 0.403704 0.038333 0.068148
189 0.725000 0.752778 0.025000 0.044444
408 0.750000 0.752778 0.025000 0.044444
268 0.775000 0.752778 0.025000 0.044444
44 0.800000 0.752778 0.025000 0.044444
397 0.844792 0.509259 0.250000 0.398148
20 0.844792 0.725000 0.262500 0.023333
21 0.844792 0.280556 0.038333 0.068148
