223 0.270312 0.986111 0.149899 0.329824
518 0.357812 0.949074 0.137609 0.316375
213 0.452969 0.925926 0.124215 0.300456
379 0.547031 0.925926 0.124152 0.300376
439 0.642187 0.949074 0.137546 0.316296
514 0.729688 0.986111 0.149838 0.329746
173 0.033333 0.094444 0.037500 0.066667
11 0.334375 0.027778 0.033333 0.059259
13 0.363542 0.027778 0.033333 0.059259
13 0.392708 0.027778 0.033333 0.059259
13 0.421875 0.027778 0.033333 0.059259
13 0.451042 0.027778 0.033333 0.059259
14 0.247917 0.565741 0.114583 0.268519
15 0.247917 0.716667 0.120312 0.023333
314 0.195833 0.744444 0.025000 0.044444
114 0.220833 0.744444 0.025000 0.044444
481 0.792708 0.645113 0.025000 0.044444
435 0.817708 0.645113 0.025000 0.044444
366 0.842708 0.645113 0.025000 0.044444
140 0.850000 0.517335 0.125000 0.166667
20 0.850000 0.617335 0.131250 0.023333
48 0.850000 0.404372 0.038333 0.068148
136 0.642187 0.728704 0.025000 0.044444
396 0.670833 0.600926 0.067708 0.166667
20 0.670833 0.700926 0.071094 0.023333
158 0.670833 0.487963 0.038333 0.068148
