465 0.182812 1.000000 0.145411 0.296825
418 0.237500 0.976852 0.136936 0.289694
582 0.303125 0.951852 0.127414 0.280350
286 0.379687 0.928704 0.116968 0.268919
604 0.456250 0.921296 0.105583 0.255387
419 0.543750 0.921296 0.105530 0.255319
511 0.620313 0.928704 0.116914 0.268851
23 0.696875 0.951852 0.127362 0.280284
641 0.762500 0.976852 0.136885 0.289630
321 0.817187 1.000000 0.145376 0.296799
33 0.033333 0.094444 0.037500 0.066667
37 0.070833 0.094444 0.037500 0.066667
33 0.108333 0.094444 0.037500 0.066667
130 0.145833 0.094444 0.037500 0.066667
64 0.183333 0.094444 0.037500 0.066667
32 0.220833 0.094444 0.037500 0.066667
173 0.258333 0.094444 0.037500 0.066667
94 0.295833 0.094444 0.037500 0.066667
107 0.333333 0.094444 0.037500 0.066667
36 0.370833 0.094444 0.037500 0.066667
93 0.408333 0.094444 0.037500 0.066667
64 0.445833 0.094444 0.037500 0.066667
4 0.483333 0.094444 0.037500 0.066667
94 0.520833 0.094444 0.037500 0.066667
92 0.558333 0.094444 0.037500 0.066667
29 0.595833 0.094444 0.037500 0.066667
254 0.334375 0.027778 0.033333 0.059259
40 0.363542 0.027778 0.033333 0.059259
144 0.392708 0.027778 0.033333 0.059259
13 0.421875 0.027778 0.033333 0.059259
13 0.451042 0.027778 0.033333 0.059259
14 0.247917 0.565741 0.114583 0.268519
15 0.247917 0.716667 0.120312 0.023333
98 0.195833 0.744444 0.025000 0.044444
207 0.220833 0.744444 0.025000 0.044444
205 0.797917 0.737037 0.025000 0.044444
326 0.822917 0.737037 0.025000 0.044444
135 0.847917 0.737037 0.025000 0.044444
426 0.844792 0.562963 0.104167 0.259259
20 0.844792 0.709259 0.109375 0.023333
170 0.844792 0.403704 0.038333 0.068148
