512 0.226563 1.000000 0.153046 0.323776
648 0.300938 0.968750 0.142404 0.313332
196 0.379687 0.943287 0.130728 0.300556
650 0.458438 0.925926 0.118005 0.285433
398 0.541562 0.925926 0.117945 0.285357
589 0.620313 0.943287 0.130669 0.300481
495 0.693594 0.968750 0.142346 0.313258
244 0.773438 1.000000 0.152989 0.323704
94 0.033333 0.094444 0.037500 0.066667
36 0.070833 0.094444 0.037500 0.066667
132 0.108333 0.094444 0.037500 0.066667
8 0.145833 0.094444 0.037500 0.066667
163 0.183333 0.094444 0.037500 0.066667
36 0.220833 0.094444 0.037500 0.066667
184 0.258333 0.094444 0.037500 0.066667
5 0.295833 0.094444 0.037500 0.066667
37 0.333333 0.094444 0.037500 0.066667
92 0.370833 0.094444 0.037500 0.066667
184 0.408333 0.094444 0.037500 0.066667
132 0.445833 0.094444 0.037500 0.066667
37 0.483333 0.094444 0.037500 0.066667
32 0.520833 0.094444 0.037500 0.066667
32 0.558333 0.094444 0.037500 0.066667
6 0.595833 0.094444 0.037500 0.066667
8 0.633333 0.094444 0.037500 0.066667
109 0.670833 0.094444 0.037500 0.066667
272 0.334375 0.027778 0.033333 0.059259
13 0.363542 0.027778 0.033333 0.059259
13 0.392708 0.027778 0.033333 0.059259
13 0.421875 0.027778 0.033333 0.059259
13 0.451042 0.027778 0.033333 0.059259
14 0.247917 0.565741 0.114583 0.268519
15 0.247917 0.716667 0.120312 0.023333
189 0.195833 0.744444 0.025000 0.044444
296 0.220833 0.744444 0.025000 0.044444
156 0.245833 0.744444 0.025000 0.044444
204 0.791146 0.729630 0.025000 0.044444
221 0.845833 0.574074 0.119792 0.222222
20 0.845833 0.701852 0.125781 0.023333
48 0.845833 0.433333 0.038333 0.068148
117 0.551042 0.731481 0.025000 0.044444
307 0.576042 0.731481 0.025000 0.044444
19 0.650000 0.525000 0.208333 0.324074
20 0.650000 0.703704 0.218750 0.023333
21 0.650000 0.333333 0.038333 0.068148
78 0.397917 0.737037 0.025000 0.044444
203 0.422917 0.737037 0.025000 0.044444
55 0.447917 0.737037 0.025000 0.044444
426 0.444792 0.562963 0.104167 0.259259
20 0.444792 0.709259 0.109375 0.023333
170 0.444792 0.403704 0.038333 0.068148
