559 0.193750 1.000000 0.149621 0.310807
376 0.259375 0.982716 0.140084 0.302077
471 0.332656 0.955556 0.129526 0.291092
638 0.412500 0.930247 0.117934 0.277839
353 0.500000 0.925926 0.105469 0.262500
142 0.587500 0.930247 0.117877 0.277768
580 0.667344 0.955556 0.129470 0.291021
374 0.740625 0.982716 0.140029 0.302007
250 0.806250 1.000000 0.149567 0.310740
132 0.033333 0.094444 0.037500 0.066667
108 0.070833 0.094444 0.037500 0.066667
93 0.108333 0.094444 0.037500 0.066667
5 0.145833 0.094444 0.037500 0.066667
5 0.183333 0.094444 0.037500 0.066667
129 0.220833 0.094444 0.037500 0.066667
108 0.258333 0.094444 0.037500 0.066667
30 0.295833 0.094444 0.037500 0.066667
109 0.333333 0.094444 0.037500 0.066667
35 0.370833 0.094444 0.037500 0.066667
35 0.408333 0.094444 0.037500 0.066667
28 0.445833 0.094444 0.037500 0.066667
67 0.483333 0.094444 0.037500 0.066667
34 0.520833 0.094444 0.037500 0.066667
8 0.558333 0.094444 0.037500 0.066667
32 0.595833 0.094444 0.037500 0.066667
68 0.334375 0.027778 0.033333 0.059259
272 0.363542 0.027778 0.033333 0.059259
13 0.392708 0.027778 0.033333 0.059259
13 0.421875 0.027778 0.033333 0.059259
13 0.451042 0.027778 0.033333 0.059259
14 0.247917 0.565741 0.114583 0.268519
15 0.247917 0.716667 0.120312 0.023333
269 0.195833 0.744444 0.025000 0.044444
240 0.808333 0.725000 0.025000 0.044444
47 0.850000 0.615741 0.093750 0.129630
20 0.850000 0.697222 0.098437 0.023333
48 0.850000 0.521296 0.038333 0.068148
425 0.387500 0.729630 0.025000 0.044444
188 0.412500 0.729630 0.025000 0.044444
166 0.450000 0.606481 0.135417 0.157407
20 0.450000 0.701852 0.142188 0.023333
331 0.450000 0.498148 0.038333 0.068148
117 0.608333 0.711111 0.025000 0.044444
483 0.633333 0.711111 0.025000 0.044444
124 0.658333 0.711111 0.025000 0.044444
16 0.683333 0.711111 0.025000 0.044444
47 0.650000 0.601852 0.093750 0.129630
20 0.650000 0.683333 0.098437 0.023333
48 0.650000 0.507407 0.038333 0.068148
