580 0.237500 1.000000 0.155649 0.335641
490 0.314063 0.968783 0.143917 0.323435
517 0.401563 0.945767 0.131037 0.308710
362 0.500000 0.931481 0.117188 0.291667
574 0.598437 0.945767 0.130975 0.308631
495 0.685938 0.968783 0.143855 0.323357
562 0.762500 1.000000 0.155588 0.335564
199 0.033333 0.094444 0.037500 0.066667
66 0.070833 0.094444 0.037500 0.066667
132 0.108333 0.094444 0.037500 0.066667
107 0.145833 0.094444 0.037500 0.066667
91 0.183333 0.094444 0.037500 0.066667
28 0.220833 0.094444 0.037500 0.066667
37 0.258333 0.094444 0.037500 0.066667
6 0.295833 0.094444 0.037500 0.066667
37 0.333333 0.094444 0.037500 0.066667
67 0.370833 0.094444 0.037500 0.066667
110 0.408333 0.094444 0.037500 0.066667
66 0.445833 0.094444 0.037500 0.066667
32 0.483333 0.094444 0.037500 0.066667
66 0.520833 0.094444 0.037500 0.066667
93 0.558333 0.094444 0.037500 0.066667
107 0.595833 0.094444 0.037500 0.066667
96 0.334375 0.027778 0.033333 0.059259
381 0.363542 0.027778 0.033333 0.059259
355 0.392708 0.027778 0.033333 0.059259
13 0.421875 0.027778 0.033333 0.059259
13 0.451042 0.027778 0.033333 0.059259
14 0.247917 0.565741 0.114583 0.268519
15 0.247917 0.716667 0.120312 0.023333
313 0.195833 0.744444 0.025000 0.044444
69 0.220833 0.744444 0.025000 0.044444
275 0.245833 0.744444 0.025000 0.044444
276 0.391146 0.729630 0.025000 0.044444
328 0.416146 0.729630 0.025000 0.044444
307 0.441146 0.729630 0.025000 0.044444
221 0.445833 0.574074 0.119792 0.222222
20 0.445833 0.701852 0.125781 0.023333
48 0.445833 0.433333 0.038333 0.068148
408 0.642187 0.728704 0.025000 0.044444
356 0.667188 0.728704 0.025000 0.044444
41 0.692187 0.728704 0.025000 0.044444
396 0.670833 0.600926 0.067708 0.166667
20 0.670833 0.700926 0.071094 0.023333
158 0.670833 0.487963 0.038333 0.068148
41 0.787500 0.720370 0.025000 0.044444
369 0.812500 0.720370 0.025000 0.044444
103 0.837500 0.720370 0.025000 0.044444
330 0.850000 0.583333 0.135417 0.185185
20 0.850000 0.692593 0.142188 0.023333
48 0.850000 0.461111 0.038333 0.068148
