209 0.448594 0.925926 0.124215 0.300456
404 0.557969 0.925926 0.124152 0.300376
67 0.033333 0.094444 0.037500 0.066667
4 0.070833 0.094444 0.037500 0.066667
29 0.108333 0.094444 0.037500 0.066667
93 0.145833 0.094444 0.037500 0.066667
91 0.183333 0.094444 0.037500 0.066667
4 0.220833 0.094444 0.037500 0.066667
184 0.258333 0.094444 0.037500 0.066667
28 0.295833 0.094444 0.037500 0.066667
93 0.333333 0.094444 0.037500 0.066667
92 0.370833 0.094444 0.037500 0.066667
6 0.408333 0.094444 0.037500 0.066667
110 0.445833 0.094444 0.037500 0.066667
35 0.483333 0.094444 0.037500 0.066667
37 0.520833 0.094444 0.037500 0.066667
36 0.558333 0.094444 0.037500 0.066667
28 0.595833 0.094444 0.037500 0.066667
8 0.633333 0.094444 0.037500 0.066667
94 0.670833 0.094444 0.037500 0.066667
113 0.334375 0.027778 0.033333 0.059259
12 0.363542 0.027778 0.033333 0.059259
377 0.392708 0.027778 0.033333 0.059259
9 0.421875 0.027778 0.033333 0.059259
13 0.451042 0.027778 0.033333 0.059259
14 0.247917 0.565741 0.114583 0.268519
15 0.247917 0.716667 0.120312 0.023333
239 0.195833 0.744444 0.025000 0.044444
337 0.577083 0.729630 0.025000 0.044444
464 0.650000 0.601852 0.156250 0.166667
20 0.650000 0.701852 0.164063 0.023333
48 0.650000 0.488889 0.038333 0.068148
325 0.740625 0.734259 0.025000 0.044444
529 0.850000 0.527778 0.229167 0.324074
20 0.850000 0.706481 0.240625 0.023333
72 0.850000 0.336111 0.038333 0.068148
