245 0.193750 1.000000 0.149621 0.310807
182 0.259375 0.982716 0.140084 0.302077
591 0.332656 0.955556 0.129526 0.291092
526 0.412500 0.930247 0.117934 0.277839
212 0.500000 0.925926 0.105469 0.262500
182 0.587500 0.930247 0.117877 0.277768
352 0.667344 0.955556 0.129470 0.291021
320 0.740625 0.982716 0.140029 0.302007
235 0.806250 1.000000 0.149567 0.310740
108 0.033333 0.094444 0.037500 0.066667
132 0.070833 0.094444 0.037500 0.066667
93 0.108333 0.094444 0.037500 0.066667
199 0.145833 0.094444 0.037500 0.066667
199 0.183333 0.094444 0.037500 0.066667
129 0.220833 0.094444 0.037500 0.066667
91 0.258333 0.094444 0.037500 0.066667
184 0.295833 0.094444 0.037500 0.066667
129 0.333333 0.094444 0.037500 0.066667
32 0.370833 0.094444 0.037500 0.066667
107 0.408333 0.094444 0.037500 0.066667
34 0.445833 0.094444 0.037500 0.066667
65 0.483333 0.094444 0.037500 0.066667
377 0.334375 0.027778 0.033333 0.059259
111 0.363542 0.027778 0.033333 0.059259
13 0.392708 0.027778 0.033333 0.059259
13 0.421875 0.027778 0.033333 0.059259
13 0.451042 0.027778 0.033333 0.059259
14 0.247917 0.565741 0.114583 0.268519
15 0.247917 0.716667 0.120312 0.023333
137 0.195833 0.744444 0.025000 0.044444
327 0.220833 0.744444 0.025000 0.044444
222 0.787500 0.729630 0.025000 0.044444
139 0.812500 0.729630 0.025000 0.044444
166 0.850000 0.606481 0.135417 0.157407
20 0.850000 0.701852 0.142188 0.023333
331 0.850000 0.498148 0.038333 0.068148
139 0.623958 0.706481 0.025000 0.044444
71 0.650000 0.569444 0.062500 0.185185
20 0.650000 0.678704 0.065625 0.023333
72 0.650000 0.447222 0.038333 0.068148
