472 0.448594 0.925926 0.124215 0.300456
492 0.557969 0.925926 0.124152 0.300376
94 0.033333 0.094444 0.037500 0.066667
199 0.070833 0.094444 0.037500 0.066667
33 0.108333 0.094444 0.037500 0.066667
36 0.145833 0.094444 0.037500 0.066667
110 0.183333 0.094444 0.037500 0.066667
254 0.334375 0.027778 0.033333 0.059259
39 0.363542 0.027778 0.033333 0.059259
68 0.392708 0.027778 0.033333 0.059259
200 0.421875 0.027778 0.033333 0.059259
13 0.451042 0.027778 0.033333 0.059259
14 0.247917 0.565741 0.114583 0.268519
15 0.247917 0.716667 0.120312 0.023333
406 0.195833 0.744444 0.025000 0.044444
435 0.771875 0.734259 0.025000 0.044444
483 0.796875 0.734259 0.025000 0.044444
18 0.821875 0.734259 0.025000 0.044444
149 0.850000 0.587963 0.166667 0.203704
20 0.850000 0.706481 0.175000 0.023333
150 0.850000 0.456481 0.038333 0.068148
227 0.548437 0.729630 0.025000 0.044444
151 0.573438 0.729630 0.025000 0.044444
155 0.598437 0.729630 0.025000 0.044444
152 0.623438 0.729630 0.025000 0.044444
278 0.660417 0.476852 0.234375 0.416667
20 0.660417 0.701852 0.246094 0.023333
170 0.660417 0.238889 0.038333 0.068148
