489 0.182812 1.000000 0.145411 0.296825
234 0.237500 0.976852 0.136936 0.289694
213 0.303125 0.951852 0.127414 0.280350
636 0.379687 0.928704 0.116968 0.268919
443 0.456250 0.921296 0.105583 0.255387
372 0.543750 0.921296 0.105530 0.255319
287 0.620313 0.928704 0.116914 0.268851
591 0.696875 0.951852 0.127362 0.280284
545 0.762500 0.976852 0.136885 0.289630
364 0.817187 1.000000 0.145376 0.296799
199 0.033333 0.094444 0.037500 0.066667
92 0.070833 0.094444 0.037500 0.066667
5 0.108333 0.094444 0.037500 0.066667
109 0.145833 0.094444 0.037500 0.066667
163 0.183333 0.094444 0.037500 0.066667
7 0.220833 0.094444 0.037500 0.066667
66 0.258333 0.094444 0.037500 0.066667
67 0.295833 0.094444 0.037500 0.066667
30 0.333333 0.094444 0.037500 0.066667
185 0.334375 0.027778 0.033333 0.059259
12 0.363542 0.027778 0.033333 0.059259
13 0.392708 0.027778 0.033333 0.059259
13 0.421875 0.027778 0.033333 0.059259
13 0.451042 0.027778 0.033333 0.059259
14 0.247917 0.565741 0.114583 0.268519
15 0.247917 0.716667 0.120312 0.023333
367 0.195833 0.744444 0.025000 0.044444
281 0.419271 0.750926 0.025000 0.044444
118 0.444271 0.750926 0.025000 0.044444
78 0.469271 0.750926 0.025000 0.044444
257 0.447917 0.616667 0.067708 0.179630
20 0.447917 0.723148 0.071094 0.023333
48 0.447917 0.497222 0.038333 0.068148
55 0.803125 0.733333 0.025000 0.044444
319 0.847396 0.605556 0.098958 0.166667
20 0.847396 0.705556 0.103906 0.023333
48 0.847396 0.492593 0.038333 0.068148
55 0.605729 0.738889 0.025000 0.044444
329 0.647396 0.564815 0.093750 0.259259
20 0.647396 0.711111 0.098437 0.023333
21 0.647396 0.405556 0.038333 0.068148
