479 0.270312 0.986111 0.149899 0.329824
335 0.357812 0.949074 0.137609 0.316375
610 0.452969 0.925926 0.124215 0.300456
92 0.547031 0.925926 0.124152 0.300376
91 0.642187 0.949074 0.137546 0.316296
570 0.729688 0.986111 0.149838 0.329746
98 0.033333 0.094444 0.037500 0.066667
180 0.334375 0.027778 0.033333 0.059259
49 0.363542 0.027778 0.033333 0.059259
13 0.392708 0.027778 0.033333 0.059259
13 0.421875 0.027778 0.033333 0.059259
13 0.451042 0.027778 0.033333 0.059259
14 0.247917 0.565741 0.114583 0.268519
15 0.247917 0.716667 0.120312 0.023333
110 0.195833 0.744444 0.025000 0.044444
170 0.746875 0.729630 0.025000 0.044444
229 0.865625 0.495370 0.247917 0.379630
23 0.865625 0.701852 0.260312 0.023333
61 0.865625 0.275926 0.038333 0.068148
