557 0.401563 0.953704 0.131037 0.308710
547 0.500000 0.925926 0.117188 0.291667
632 0.598437 0.953704 0.130975 0.308631
173 0.033333 0.094444 0.037500 0.066667
28 0.070833 0.094444 0.037500 0.066667
5 0.108333 0.094444 0.037500 0.066667
93 0.145833 0.094444 0.037500 0.066667
110 0.183333 0.094444 0.037500 0.066667
129 0.220833 0.094444 0.037500 0.066667
173 0.258333 0.094444 0.037500 0.066667
173 0.295833 0.094444 0.037500 0.066667
110 0.333333 0.094444 0.037500 0.066667
109 0.370833 0.094444 0.037500 0.066667
107 0.408333 0.094444 0.037500 0.066667
109 0.445833 0.094444 0.037500 0.066667
129 0.483333 0.094444 0.037500 0.066667
32 0.520833 0.094444 0.037500 0.066667
68 0.334375 0.027778 0.033333 0.059259
186 0.363542 0.027778 0.033333 0.059259
12 0.392708 0.027778 0.033333 0.059259
95 0.421875 0.027778 0.033333 0.059259
40 0.451042 0.027778 0.033333 0.059259
14 0.247917 0.565741 0.114583 0.268519
15 0.247917 0.716667 0.120312 0.023333
155 0.195833 0.744444 0.025000 0.044444
454 0.220833 0.744444 0.025000 0.044444
295 0.245833 0.744444 0.025000 0.044444
148 0.740625 0.734259 0.025000 0.044444
529 0.850000 0.527778 0.229167 0.324074
20 0.850000 0.706481 0.240625 0.023333
72 0.850000 0.336111 0.038333 0.068148
