427 0.182812 1.000000 0.145411 0.296825
598 0.237500 0.976852 0.136936 0.289694
456 0.303125 0.951852 0.127414 0.280350
534 0.379687 0.928704 0.116968 0.268919
563 0.456250 0.921296 0.105583 0.255387
23 0.543750 0.921296 0.105530 0.255319
515 0.620313 0.928704 0.116914 0.268851
60 0.696875 0.951852 0.127362 0.280284
380 0.762500 0.976852 0.136885 0.289630
23 0.817187 1.000000 0.145376 0.296799
5 0.033333 0.094444 0.037500 0.066667
110 0.070833 0.094444 0.037500 0.066667
94 0.108333 0.094444 0.037500 0.066667
108 0.145833 0.094444 0.037500 0.066667
29 0.183333 0.094444 0.037500 0.066667
66 0.220833 0.094444 0.037500 0.066667
91 0.258333 0.094444 0.037500 0.066667
33 0.295833 0.094444 0.037500 0.066667
255 0.334375 0.027778 0.033333 0.059259
12 0.363542 0.027778 0.033333 0.059259
13 0.392708 0.027778 0.033333 0.059259
13 0.421875 0.027778 0.033333 0.059259
13 0.451042 0.027778 0.033333 0.059259
14 0.247917 0.565741 0.114583 0.268519
15 0.247917 0.716667 0.120312 0.023333
220 0.195833 0.744444 0.025000 0.044444
73 0.821354 0.731481 0.025000 0.044444
103 0.846354 0.731481 0.025000 0.044444
115 0.871354 0.731481 0.025000 0.044444
425 0.896354 0.731481 0.025000 0.044444
105 0.850000 0.640741 0.067708 0.092593
20 0.850000 0.703704 0.071094 0.023333
82 0.850000 0.564815 0.038333 0.068148
103 0.608333 0.711111 0.025000 0.044444
123 0.633333 0.711111 0.025000 0.044444
206 0.650000 0.523148 0.093750 0.287037
20 0.650000 0.683333 0.098437 0.023333
82 0.650000 0.350000 0.038333 0.068148
