286 0.226563 1.000000 0.153046 0.323776
59 0.300938 0.968750 0.142404 0.313332
172 0.379687 0.943287 0.130728 0.300556
419 0.458438 0.925926 0.118005 0.285433
301 0.541562 0.925926 0.117945 0.285357
473 0.620313 0.943287 0.130669 0.300481
230 0.693594 0.968750 0.142346 0.313258
647 0.773438 1.000000 0.152989 0.323704
29 0.033333 0.094444 0.037500 0.066667
107 0.070833 0.094444 0.037500 0.066667
37 0.108333 0.094444 0.037500 0.066667
66 0.145833 0.094444 0.037500 0.066667
94 0.183333 0.094444 0.037500 0.066667
66 0.220833 0.094444 0.037500 0.066667
66 0.258333 0.094444 0.037500 0.066667
4 0.295833 0.094444 0.037500 0.066667
35 0.333333 0.094444 0.037500 0.066667
29 0.370833 0.094444 0.037500 0.066667
68 0.334375 0.027778 0.033333 0.059259
133 0.363542 0.027778 0.033333 0.059259
200 0.392708 0.027778 0.033333 0.059259
13 0.421875 0.027778 0.033333 0.059259
13 0.451042 0.027778 0.033333 0.059259
14 0.247917 0.565741 0.114583 0.268519
15 0.247917 0.716667 0.120312 0.023333
73 0.195833 0.744444 0.025000 0.044444
367 0.621354 0.731481 0.025000 0.044444
50 0.646354 0.731481 0.025000 0.044444
105 0.650000 0.640741 0.067708 0.092593
20 0.650000 0.703704 0.071094 0.023333
82 0.650000 0.564815 0.038333 0.068148
294 0.751042 0.743519 0.025000 0.044444
327 0.776042 0.743519 0.025000 0.044444
266 0.801042 0.743519 0.025000 0.044444
338 0.850000 0.509259 0.208333 0.379630
20 0.850000 0.715741 0.218750 0.023333
48 0.850000 0.289815 0.038333 0.068148
