573 0.351250 0.960648 0.137609 0.316375
545 0.449688 0.935185 0.124215 0.300456
285 0.550312 0.935185 0.124152 0.300376
342 0.648750 0.960648 0.137546 0.316296
129 0.033333 0.094444 0.037500 0.066667
174 0.334375 0.027778 0.033333 0.059259
143 0.363542 0.027778 0.033333 0.059259
13 0.392708 0.027778 0.033333 0.059259
13 0.421875 0.027778 0.033333 0.059259
13 0.451042 0.027778 0.033333 0.059259
14 0.247917 0.565741 0.114583 0.268519
15 0.247917 0.716667 0.120312 0.023333
46 0.195833 0.744444 0.025000 0.044444
73 0.220833 0.744444 0.025000 0.044444
337 0.818750 0.706481 0.025000 0.044444
57 0.850000 0.601852 0.072917 0.120370
20 0.850000 0.678704 0.076563 0.023333
48 0.850000 0.512037 0.038333 0.068148
70 0.556250 0.734259 0.025000 0.044444
116 0.581250 0.734259 0.025000 0.044444
281 0.606250 0.734259 0.025000 0.044444
75 0.631250 0.734259 0.025000 0.044444
125 0.650000 0.555556 0.197917 0.268519
20 0.650000 0.706481 0.207812 0.023333
170 0.650000 0.391667 0.038333 0.068148
