407 0.314063 0.986111 0.143917 0.323435
89 0.401563 0.953704 0.131037 0.308710
610 0.500000 0.935185 0.117188 0.291667
486 0.598437 0.953704 0.130975 0.308631
428 0.685938 0.986111 0.143855 0.323357
38 0.033333 0.094444 0.037500 0.066667
6 0.070833 0.094444 0.037500 0.066667
304 0.334375 0.027778 0.033333 0.059259
39 0.363542 0.027778 0.033333 0.059259
68 0.392708 0.027778 0.033333 0.059259
13 0.421875 0.027778 0.033333 0.059259
13 0.451042 0.027778 0.033333 0.059259
14 0.247917 0.565741 0.114583 0.268519
15 0.247917 0.716667 0.120312 0.023333
69 0.195833 0.744444 0.025000 0.044444
46 0.220833 0.744444 0.025000 0.044444
41 0.245833 0.744444 0.025000 0.044444
146 0.270833 0.744444 0.025000 0.044444
120 0.621354 0.724074 0.025000 0.044444
146 0.646354 0.724074 0.025000 0.044444
260 0.650000 0.633333 0.067708 0.092593
20 0.650000 0.696296 0.071094 0.023333
48 0.650000 0.557407 0.038333 0.068148
117 0.753646 0.729630 0.025000 0.044444
50 0.778646 0.729630 0.025000 0.044444
176 0.803646 0.729630 0.025000 0.044444
305 0.828646 0.729630 0.025000 0.044444
383 0.850000 0.504630 0.203125 0.361111
20 0.850000 0.701852 0.213281 0.023333
216 0.850000 0.294444 0.038333 0.068148
