612 0.182812 1.000000 0.145411 0.296825
354 0.237500 0.976852 0.136936 0.289694
25 0.303125 0.951852 0.127414 0.280350
646 0.379687 0.928704 0.116968 0.268919
578 0.456250 0.921296 0.105583 0.255387
231 0.543750 0.921296 0.105530 0.255319
246 0.620313 0.928704 0.116914 0.268851
210 0.696875 0.951852 0.127362 0.280284
646 0.762500 0.976852 0.136885 0.289630
646 0.817187 1.000000 0.145376 0.296799
4 0.033333 0.094444 0.037500 0.066667
108 0.070833 0.094444 0.037500 0.066667
64 0.108333 0.094444 0.037500 0.066667
184 0.145833 0.094444 0.037500 0.066667
109 0.183333 0.094444 0.037500 0.066667
67 0.220833 0.094444 0.037500 0.066667
4 0.258333 0.094444 0.037500 0.066667
65 0.295833 0.094444 0.037500 0.066667
132 0.333333 0.094444 0.037500 0.066667
32 0.370833 0.094444 0.037500 0.066667
36 0.408333 0.094444 0.037500 0.066667
6 0.445833 0.094444 0.037500 0.066667
34 0.483333 0.094444 0.037500 0.066667
35 0.520833 0.094444 0.037500 0.066667
92 0.558333 0.094444 0.037500 0.066667
7 0.595833 0.094444 0.037500 0.066667
336 0.334375 0.027778 0.033333 0.059259
113 0.363542 0.027778 0.033333 0.059259
9 0.392708 0.027778 0.033333 0.059259
13 0.421875 0.027778 0.033333 0.059259
13 0.451042 0.027778 0.033333 0.059259
14 0.247917 0.565741 0.114583 0.268519
15 0.247917 0.716667 0.120312 0.023333
314 0.195833 0.744444 0.025000 0.044444
202 0.220833 0.744444 0.025000 0.044444
424 0.245833 0.744444 0.025000 0.044444
156 0.748438 0.729630 0.025000 0.044444
435 0.773438 0.729630 0.025000 0.044444
278 0.860417 0.476852 0.234375 0.416667
20 0.860417 0.701852 0.246094 0.023333
170 0.860417 0.238889 0.038333 0.068148
347 0.553646 0.725926 0.025000 0.044444
292 0.578646 0.725926 0.025000 0.044444
366 0.603646 0.725926 0.025000 0.044444
243 0.650000 0.500926 0.203125 0.361111
20 0.650000 0.698148 0.213281 0.023333
170 0.650000 0.290741 0.038333 0.068148
