90 0.401563 0.953704 0.131037 0.308710
653 0.500000 0.925926 0.117188 0.291667
363 0.598437 0.953704 0.130975 0.308631
199 0.033333 0.094444 0.037500 0.066667
6 0.070833 0.094444 0.037500 0.066667
93 0.108333 0.094444 0.037500 0.066667
66 0.145833 0.094444 0.037500 0.066667
66 0.183333 0.094444 0.037500 0.066667
7 0.220833 0.094444 0.037500 0.066667
28 0.258333 0.094444 0.037500 0.066667
109 0.295833 0.094444 0.037500 0.066667
37 0.333333 0.094444 0.037500 0.066667
94 0.370833 0.094444 0.037500 0.066667
145 0.334375 0.027778 0.033333 0.059259
113 0.363542 0.027778 0.033333 0.059259
9 0.392708 0.027778 0.033333 0.059259
324 0.421875 0.027778 0.033333 0.059259
355 0.451042 0.027778 0.033333 0.059259
14 0.247917 0.565741 0.114583 0.268519
15 0.247917 0.716667 0.120312 0.023333
259 0.195833 0.744444 0.025000 0.044444
74 0.220833 0.744444 0.025000 0.044444
299 0.245833 0.744444 0.025000 0.044444
16 0.808333 0.711111 0.025000 0.044444
175 0.833333 0.711111 0.025000 0.044444
101 0.858333 0.711111 0.025000 0.044444
378 0.883333 0.711111 0.025000 0.044444
47 0.850000 0.601852 0.093750 0.129630
20 0.850000 0.683333 0.098437 0.023333
82 0.850000 0.507407 0.038333 0.068148
18 0.525000 0.752778 0.025000 0.044444
397 0.644792 0.509259 0.250000 0.398148
20 0.644792 0.725000 0.262500 0.023333
48 0.644792 0.280556 0.038333 0.068148
