195 0.182812 1.000000 0.145411 0.296825
639 0.237500 0.976852 0.136936 0.289694
308 0.303125 0.951852 0.127414 0.280350
451 0.379687 0.928704 0.116968 0.268919
656 0.456250 0.921296 0.105583 0.255387
534 0.543750 0.921296 0.105530 0.255319
458 0.620313 0.928704 0.116914 0.268851
3 0.696875 0.951852 0.127362 0.280284
58 0.762500 0.976852 0.136885 0.289630
182 0.817187 1.000000 0.145376 0.296799
109 0.033333 0.094444 0.037500 0.066667
173 0.070833 0.094444 0.037500 0.066667
184 0.108333 0.094444 0.037500 0.066667
91 0.145833 0.094444 0.037500 0.066667
130 0.183333 0.094444 0.037500 0.066667
109 0.220833 0.094444 0.037500 0.066667
130 0.258333 0.094444 0.037500 0.066667
7 0.295833 0.094444 0.037500 0.066667
163 0.333333 0.094444 0.037500 0.066667
94 0.370833 0.094444 0.037500 0.066667
66 0.408333 0.094444 0.037500 0.066667
110 0.445833 0.094444 0.037500 0.066667
132 0.483333 0.094444 0.037500 0.066667
110 0.520833 0.094444 0.037500 0.066667
112 0.334375 0.027778 0.033333 0.059259
185 0.363542 0.027778 0.033333 0.059259
13 0.392708 0.027778 0.033333 0.059259
13 0.421875 0.027778 0.033333 0.059259
13 0.451042 0.027778 0.033333 0.059259
14 0.247917 0.565741 0.114583 0.268519
15 0.247917 0.716667 0.120312 0.023333
52 0.195833 0.744444 0.025000 0.044444
256 0.220833 0.744444 0.025000 0.044444
50 0.842188 0.728704 0.025000 0.044444
153 0.867188 0.728704 0.025000 0.044444
203 0.892187 0.728704 0.025000 0.044444
396 0.870833 0.600926 0.067708 0.166667
20 0.870833 0.700926 0.071094 0.023333
158 0.870833 0.487963 0.038333 0.068148
