433 0.226563 1.000000 0.153046 0.323776
258 0.300938 0.968750 0.142404 0.313332
654 0.379687 0.943287 0.130728 0.300556
486 0.458438 0.925926 0.118005 0.285433
319 0.541562 0.925926 0.117945 0.285357
336 0.620313 0.943287 0.130669 0.300481
483 0.693594 0.968750 0.142346 0.313258
489 0.773438 1.000000 0.152989 0.323704
177 0.033333 0.094444 0.037500 0.066667
188 0.070833 0.094444 0.037500 0.066667
163 0.108333 0.094444 0.037500 0.066667
178 0.145833 0.094444 0.037500 0.066667
10 0.183333 0.094444 0.037500 0.066667
287 0.220833 0.094444 0.037500 0.066667
47 0.258333 0.094444 0.037500 0.066667
117 0.295833 0.094444 0.037500 0.066667
117 0.333333 0.094444 0.037500 0.066667
188 0.370833 0.094444 0.037500 0.066667
44 0.408333 0.094444 0.037500 0.066667
9 0.445833 0.094444 0.037500 0.066667
99 0.483333 0.094444 0.037500 0.066667
41 0.520833 0.094444 0.037500 0.066667
117 0.558333 0.094444 0.037500 0.066667
135 0.595833 0.094444 0.037500 0.066667
180 0.334375 0.027778 0.033333 0.059259
141 0.363542 0.027778 0.033333 0.059259
13 0.392708 0.027778 0.033333 0.059259
13 0.421875 0.027778 0.033333 0.059259
13 0.451042 0.027778 0.033333 0.059259
14 0.247917 0.565741 0.114583 0.268519
15 0.247917 0.716667 0.120312 0.023333
338 0.195833 0.744444 0.025000 0.044444
431 0.220833 0.744444 0.025000 0.044444
206 0.803125 0.741667 0.025000 0.044444
481 0.844792 0.565278 0.093750 0.263889
23 0.844792 0.713889 0.098437 0.023333
114 0.844792 0.403704 0.038333 0.068148
