90 0.351250 0.960648 0.137609 0.316375
318 0.449688 0.935185 0.124215 0.300456
637 0.550312 0.935185 0.124152 0.300376
224 0.648750 0.960648 0.137546 0.316296
30 0.033333 0.094444 0.037500 0.066667
31 0.070833 0.094444 0.037500 0.066667
163 0.108333 0.094444 0.037500 0.066667
38 0.145833 0.094444 0.037500 0.066667
184 0.183333 0.094444 0.037500 0.066667
64 0.220833 0.094444 0.037500 0.066667
67 0.258333 0.094444 0.037500 0.066667
94 0.295833 0.094444 0.037500 0.066667
199 0.333333 0.094444 0.037500 0.066667
173 0.370833 0.094444 0.037500 0.066667
107 0.408333 0.094444 0.037500 0.066667
68 0.334375 0.027778 0.033333 0.059259
11 0.363542 0.027778 0.033333 0.059259
255 0.392708 0.027778 0.033333 0.059259
13 0.421875 0.027778 0.033333 0.059259
13 0.451042 0.027778 0.033333 0.059259
14 0.247917 0.565741 0.114583 0.268519
15 0.247917 0.716667 0.120312 0.023333
276 0.195833 0.744444 0.025000 0.044444
390 0.220833 0.744444 0.025000 0.044444
347 0.245833 0.744444 0.025000 0.044444
415 0.270833 0.744444 0.025000 0.044444
228 0.777083 0.729630 0.025000 0.044444
52 0.802083 0.729630 0.025000 0.044444
464 0.850000 0.601852 0.156250 0.166667
20 0.850000 0.701852 0.164063 0.023333
170 0.850000 0.488889 0.038333 0.068148
