341 0.193750 1.000000 0.149621 0.310807
413 0.259375 0.982716 0.140084 0.302077
653 0.332656 0.955556 0.129526 0.291092
513 0.412500 0.930247 0.117934 0.277839
285 0.500000 0.925926 0.105469 0.262500
465 0.587500 0.930247 0.117877 0.277768
472 0.667344 0.955556 0.129470 0.291021
578 0.740625 0.982716 0.140029 0.302007
323 0.806250 1.000000 0.149567 0.310740
92 0.033333 0.094444 0.037500 0.066667
35 0.070833 0.094444 0.037500 0.066667
129 0.108333 0.094444 0.037500 0.066667
303 0.334375 0.027778 0.033333 0.059259
13 0.363542 0.027778 0.033333 0.059259
13 0.392708 0.027778 0.033333 0.059259
13 0.421875 0.027778 0.033333 0.059259
13 0.451042 0.027778 0.033333 0.059259
14 0.247917 0.565741 0.114583 0.268519
15 0.247917 0.716667 0.120312 0.023333
45 0.195833 0.744444 0.025000 0.044444
134 0.220833 0.744444 0.025000 0.044444
187 0.408333 0.711111 0.025000 0.044444
299 0.433333 0.711111 0.025000 0.044444
206 0.450000 0.523148 0.093750 0.287037
20 0.450000 0.683333 0.098437 0.023333
82 0.450000 0.350000 0.038333 0.068148
50 0.574479 0.725926 0.025000 0.044444
189 0.599479 0.725926 0.025000 0.044444
279 0.660417 0.561111 0.182292 0.240741
20 0.660417 0.698148 0.191406 0.023333
48 0.660417 0.411111 0.038333 0.068148
123 0.811979 0.735185 0.025000 0.044444
226 0.836979 0.735185 0.025000 0.044444
292 0.861979 0.735185 0.025000 0.044444
549 0.845833 0.621296 0.078125 0.138889
20 0.845833 0.707407 0.082031 0.023333
216 0.845833 0.522222 0.038333 0.068148
