59 0.500000 0.925926 0.117188 0.291667
34 0.033333 0.094444 0.037500 0.066667
110 0.070833 0.094444 0.037500 0.066667
38 0.108333 0.094444 0.037500 0.066667
28 0.145833 0.094444 0.037500 0.066667
28 0.183333 0.094444 0.037500 0.066667
199 0.220833 0.094444 0.037500 0.066667
173 0.258333 0.094444 0.037500 0.066667
29 0.295833 0.094444 0.037500 0.066667
109 0.333333 0.094444 0.037500 0.066667
8 0.370833 0.094444 0.037500 0.066667
36 0.408333 0.094444 0.037500 0.066667
200 0.334375 0.027778 0.033333 0.059259
13 0.363542 0.027778 0.033333 0.059259
13 0.392708 0.027778 0.033333 0.059259
13 0.421875 0.027778 0.033333 0.059259
13 0.451042 0.027778 0.033333 0.059259
14 0.247917 0.565741 0.114583 0.268519
15 0.247917 0.716667 0.120312 0.023333
18 0.195833 0.744444 0.025000 0.044444
240 0.220833 0.744444 0.025000 0.044444
264 0.245833 0.744444 0.025000 0.044444
114 0.270833 0.744444 0.025000 0.044444
306 0.810938 0.729630 0.025000 0.044444
256 0.835938 0.729630 0.025000 0.044444
17 0.860937 0.729630 0.025000 0.044444
123 0.885938 0.729630 0.025000 0.044444
405 0.850000 0.578704 0.088542 0.212963
20 0.850000 0.701852 0.092969 0.023333
170 0.850000 0.442593 0.038333 0.068148
49 0.423958 0.706481 0.025000 0.044444
71 0.450000 0.569444 0.062500 0.185185
20 0.450000 0.678704 0.065625 0.023333
72 0.450000 0.447222 0.038333 0.068148
366 0.556250 0.743519 0.025000 0.044444
215 0.581250 0.743519 0.025000 0.044444
151 0.606250 0.743519 0.025000 0.044444
297 0.670833 0.583333 0.239583 0.231481
20 0.670833 0.715741 0.251562 0.023333
48 0.670833 0.437963 0.038333 0.068148
