488 0.270312 0.986111 0.149899 0.329824
194 0.357812 0.949074 0.137609 0.316375
522 0.452969 0.925926 0.124215 0.300456
490 0.547031 0.925926 0.124152 0.300376
595 0.642187 0.949074 0.137546 0.316296
323 0.729688 0.986111 0.149838 0.329746
32 0.033333 0.094444 0.037500 0.066667
6 0.070833 0.094444 0.037500 0.066667
28 0.108333 0.094444 0.037500 0.066667
109 0.145833 0.094444 0.037500 0.066667
131 0.183333 0.094444 0.037500 0.066667
29 0.220833 0.094444 0.037500 0.066667
29 0.258333 0.094444 0.037500 0.066667
93 0.295833 0.094444 0.037500 0.066667
30 0.333333 0.094444 0.037500 0.066667
35 0.370833 0.094444 0.037500 0.066667
92 0.408333 0.094444 0.037500 0.066667
5 0.445833 0.094444 0.037500 0.066667
199 0.483333 0.094444 0.037500 0.066667
200 0.334375 0.027778 0.033333 0.059259
255 0.363542 0.027778 0.033333 0.059259
13 0.392708 0.027778 0.033333 0.059259
13 0.421875 0.027778 0.033333 0.059259
13 0.451042 0.027778 0.033333 0.059259
14 0.247917 0.565741 0.114583 0.268519
15 0.247917 0.716667 0.120312 0.023333
114 0.195833 0.744444 0.025000 0.044444
168 0.220833 0.744444 0.025000 0.044444
54 0.245833 0.744444 0.025000 0.044444
97 0.792708 0.645113 0.025000 0.044444
139 0.817708 0.645113 0.025000 0.044444
273 0.842708 0.645113 0.025000 0.044444
140 0.850000 0.517335 0.125000 0.166667
20 0.850000 0.617335 0.131250 0.023333
48 0.850000 0.404372 0.038333 0.068148
97 0.584896 0.641667 0.025000 0.044444
204 0.609896 0.641667 0.025000 0.044444
157 0.657812 0.416667 0.156250 0.361111
20 0.657812 0.613889 0.164063 0.023333
158 0.657812 0.206481 0.038333 0.068148
