459 0.401563 0.953704 0.131037 0.308710
525 0.500000 0.925926 0.117188 0.291667
236 0.598437 0.953704 0.130975 0.308631
108 0.033333 0.094444 0.037500 0.066667
129 0.070833 0.094444 0.037500 0.066667
173 0.108333 0.094444 0.037500 0.066667
36 0.145833 0.094444 0.037500 0.066667
4 0.183333 0.094444 0.037500 0.066667
163 0.220833 0.094444 0.037500 0.066667
131 0.258333 0.094444 0.037500 0.066667
109 0.295833 0.094444 0.037500 0.066667
96 0.334375 0.027778 0.033333 0.059259
186 0.363542 0.027778 0.033333 0.059259
13 0.392708 0.027778 0.033333 0.059259
13 0.421875 0.027778 0.033333 0.059259
13 0.451042 0.027778 0.033333 0.059259
14 0.247917 0.565741 0.114583 0.268519
15 0.247917 0.716667 0.120312 0.023333
146 0.195833 0.744444 0.025000 0.044444
275 0.220833 0.744444 0.025000 0.044444
378 0.245833 0.744444 0.025000 0.044444
99 0.270833 0.744444 0.025000 0.044444
146 0.603125 0.733333 0.025000 0.044444
147 0.628125 0.733333 0.025000 0.044444
319 0.647396 0.605556 0.098958 0.166667
20 0.647396 0.705556 0.103906 0.023333
48 0.647396 0.492593 0.038333 0.068148
414 0.735417 0.729630 0.025000 0.044444
51 0.760417 0.729630 0.025000 0.044444
208 0.850000 0.546296 0.239583 0.277778
20 0.850000 0.701852 0.251562 0.023333
48 0.850000 0.377778 0.038333 0.068148
