197 0.226563 1.000000 0.153046 0.323776
194 0.300938 0.968750 0.142404 0.313332
363 0.379687 0.943287 0.130728 0.300556
318 0.458438 0.925926 0.118005 0.285433
437 0.541562 0.925926 0.117945 0.285357
539 0.620313 0.943287 0.130669 0.300481
657 0.693594 0.968750 0.142346 0.313258
518 0.773438 1.000000 0.152989 0.323704
132 0.033333 0.094444 0.037500 0.066667
129 0.070833 0.094444 0.037500 0.066667
28 0.108333 0.094444 0.037500 0.066667
34 0.145833 0.094444 0.037500 0.066667
107 0.183333 0.094444 0.037500 0.066667
30 0.220833 0.094444 0.037500 0.066667
31 0.258333 0.094444 0.037500 0.066667
130 0.295833 0.094444 0.037500 0.066667
64 0.333333 0.094444 0.037500 0.066667
94 0.370833 0.094444 0.037500 0.066667
108 0.408333 0.094444 0.037500 0.066667
67 0.445833 0.094444 0.037500 0.066667
31 0.483333 0.094444 0.037500 0.066667
37 0.520833 0.094444 0.037500 0.066667
107 0.558333 0.094444 0.037500 0.066667
38 0.595833 0.094444 0.037500 0.066667
144 0.334375 0.027778 0.033333 0.059259
255 0.363542 0.027778 0.033333 0.059259
13 0.392708 0.027778 0.033333 0.059259
13 0.421875 0.027778 0.033333 0.059259
13 0.451042 0.027778 0.033333 0.059259
14 0.247917 0.565741 0.114583 0.268519
15 0.247917 0.716667 0.120312 0.023333
151 0.195833 0.744444 0.025000 0.044444
189 0.220833 0.744444 0.025000 0.044444
104 0.245833 0.744444 0.025000 0.044444
51 0.611979 0.735185 0.025000 0.044444
293 0.636979 0.735185 0.025000 0.044444
18 0.661979 0.735185 0.025000 0.044444
483 0.686979 0.735185 0.025000 0.044444
549 0.645833 0.621296 0.078125 0.138889
20 0.645833 0.707407 0.082031 0.023333
48 0.645833 0.522222 0.038333 0.068148
205 0.753646 0.725926 0.025000 0.044444
239 0.778646 0.725926 0.025000 0.044444
292 0.803646 0.725926 0.025000 0.044444
74 0.828646 0.725926 0.025000 0.044444
243 0.850000 0.500926 0.203125 0.361111
20 0.850000 0.698148 0.213281 0.023333
170 0.850000 0.290741 0.038333 0.068148
