423 0.401563 0.953704 0.131037 0.308710
548 0.500000 0.925926 0.117188 0.291667
438 0.598437 0.953704 0.130975 0.308631
92 0.033333 0.094444 0.037500 0.066667
8 0.070833 0.094444 0.037500 0.066667
173 0.108333 0.094444 0.037500 0.066667
93 0.145833 0.094444 0.037500 0.066667
109 0.183333 0.094444 0.037500 0.066667
40 0.334375 0.027778 0.033333 0.059259
254 0.363542 0.027778 0.033333 0.059259
9 0.392708 0.027778 0.033333 0.059259
112 0.421875 0.027778 0.033333 0.059259
304 0.451042 0.027778 0.033333 0.059259
14 0.247917 0.565741 0.114583 0.268519
15 0.247917 0.716667 0.120312 0.023333
120 0.195833 0.744444 0.025000 0.044444
156 0.220833 0.744444 0.025000 0.044444
469 0.245833 0.744444 0.025000 0.044444
314 0.270833 0.744444 0.025000 0.044444
73 0.577083 0.729630 0.025000 0.044444
464 0.650000 0.601852 0.156250 0.166667
20 0.650000 0.701852 0.164063 0.023333
170 0.650000 0.488889 0.038333 0.068148
378 0.808333 0.711111 0.025000 0.044444
80 0.833333 0.711111 0.025000 0.044444
269 0.858333 0.711111 0.025000 0.044444
206 0.850000 0.523148 0.093750 0.287037
20 0.850000 0.683333 0.098437 0.023333
48 0.850000 0.350000 0.038333 0.068148
