301 0.448594 0.925926 0.124215 0.300456
633 0.557969 0.925926 0.124152 0.300376
173 0.033333 0.094444 0.037500 0.066667
163 0.070833 0.094444 0.037500 0.066667
29 0.108333 0.094444 0.037500 0.066667
64 0.145833 0.094444 0.037500 0.066667
129 0.183333 0.094444 0.037500 0.066667
93 0.220833 0.094444 0.037500 0.066667
94 0.258333 0.094444 0.037500 0.066667
30 0.295833 0.094444 0.037500 0.066667
64 0.333333 0.094444 0.037500 0.066667
65 0.370833 0.094444 0.037500 0.066667
199 0.408333 0.094444 0.037500 0.066667
6 0.445833 0.094444 0.037500 0.066667
34 0.483333 0.094444 0.037500 0.066667
199 0.520833 0.094444 0.037500 0.066667
65 0.558333 0.094444 0.037500 0.066667
131 0.595833 0.094444 0.037500 0.066667
9 0.334375 0.027778 0.033333 0.059259
238 0.363542 0.027778 0.033333 0.059259
13 0.392708 0.027778 0.033333 0.059259
13 0.421875 0.027778 0.033333 0.059259
13 0.451042 0.027778 0.033333 0.059259
14 0.247917 0.565741 0.114583 0.268519
15 0.247917 0.716667 0.120312 0.023333
299 0.195833 0.744444 0.025000 0.044444
152 0.220833 0.744444 0.025000 0.044444
226 0.758854 0.748148 0.025000 0.044444
123 0.783854 0.748148 0.025000 0.044444
78 0.808854 0.748148 0.025000 0.044444
470 0.834375 0.562500 0.161458 0.282407
20 0.834375 0.720370 0.169531 0.023333
170 0.834375 0.391667 0.038333 0.068148
401 0.597917 0.748148 0.025000 0.044444
152 0.622917 0.748148 0.025000 0.044444
179 0.650000 0.555556 0.114583 0.296296
20 0.650000 0.720370 0.120312 0.023333
170 0.650000 0.377778 0.038333 0.068148
