323 0.226563 1.000000 0.153046 0.323776
589 0.300938 0.968750 0.142404 0.313332
555 0.379687 0.943287 0.130728 0.300556
236 0.458438 0.925926 0.118005 0.285433
427 0.541562 0.925926 0.117945 0.285357
571 0.620313 0.943287 0.130669 0.300481
192 0.693594 0.968750 0.142346 0.313258
232 0.773438 1.000000 0.152989 0.323704
108 0.033333 0.094444 0.037500 0.066667
107 0.070833 0.094444 0.037500 0.066667
113 0.334375 0.027778 0.033333 0.059259
95 0.363542 0.027778 0.033333 0.059259
377 0.392708 0.027778 0.033333 0.059259
272 0.421875 0.027778 0.033333 0.059259
144 0.451042 0.027778 0.033333 0.059259
14 0.247917 0.565741 0.114583 0.268519
15 0.247917 0.716667 0.120312 0.023333
56 0.195833 0.744444 0.025000 0.044444
275 0.774479 0.725926 0.025000 0.044444
256 0.799479 0.725926 0.025000 0.044444
55 0.824479 0.725926 0.025000 0.044444
279 0.860417 0.561111 0.182292 0.240741
20 0.860417 0.698148 0.191406 0.023333
48 0.860417 0.411111 0.038333 0.068148
