262 0.270312 0.986111 0.149899 0.329824
520 0.357812 0.949074 0.137609 0.316375
569 0.452969 0.925926 0.124215 0.300456
342 0.547031 0.925926 0.124152 0.300376
539 0.642187 0.949074 0.137546 0.316296
477 0.729688 0.986111 0.149838 0.329746
30 0.033333 0.094444 0.037500 0.066667
107 0.070833 0.094444 0.037500 0.066667
8 0.108333 0.094444 0.037500 0.066667
5 0.145833 0.094444 0.037500 0.066667
8 0.183333 0.094444 0.037500 0.066667
132 0.220833 0.094444 0.037500 0.066667
66 0.258333 0.094444 0.037500 0.066667
33 0.295833 0.094444 0.037500 0.066667
4 0.333333 0.094444 0.037500 0.066667
30 0.370833 0.094444 0.037500 0.066667
6 0.408333 0.094444 0.037500 0.066667
107 0.445833 0.094444 0.037500 0.066667
132 0.483333 0.094444 0.037500 0.066667
108 0.520833 0.094444 0.037500 0.066667
34 0.558333 0.094444 0.037500 0.066667
109 0.595833 0.094444 0.037500 0.066667
92 0.633333 0.094444 0.037500 0.066667
35 0.670833 0.094444 0.037500 0.066667
132 0.708333 0.094444 0.037500 0.066667
214 0.334375 0.027778 0.033333 0.059259
13 0.363542 0.027778 0.033333 0.059259
13 0.392708 0.027778 0.033333 0.059259
13 0.421875 0.027778 0.033333 0.059259
13 0.451042 0.027778 0.033333 0.059259
14 0.247917 0.565741 0.114583 0.268519
15 0.247917 0.716667 0.120312 0.023333
187 0.195833 0.744444 0.025000 0.044444
134 0.220833 0.744444 0.025000 0.044444
70 0.245833 0.744444 0.025000 0.044444
259 0.270833 0.744444 0.025000 0.044444
277 0.784896 0.641667 0.025000 0.044444
157 0.857813 0.416667 0.156250 0.361111
20 0.857813 0.613889 0.164063 0.023333
158 0.857813 0.206481 0.038333 0.068148
