248 0.193750 1.000000 0.149621 0.310807
410 0.259375 0.982716 0.140084 0.302077
341 0.332656 0.955556 0.129526 0.291092
3 0.412500 0.930247 0.117934 0.277839
26 0.500000 0.925926 0.105469 0.262500
198 0.587500 0.930247 0.117877 0.277768
346 0.667344 0.955556 0.129470 0.291021
636 0.740625 0.982716 0.140029 0.302007
398 0.806250 1.000000 0.149567 0.310740
5 0.033333 0.094444 0.037500 0.066667
92 0.070833 0.094444 0.037500 0.066667
65 0.108333 0.094444 0.037500 0.066667
30 0.145833 0.094444 0.037500 0.066667
30 0.183333 0.094444 0.037500 0.066667
94 0.220833 0.094444 0.037500 0.066667
34 0.258333 0.094444 0.037500 0.066667
4 0.295833 0.094444 0.037500 0.066667
184 0.333333 0.094444 0.037500 0.066667
131 0.370833 0.094444 0.037500 0.066667
35 0.408333 0.094444 0.037500 0.066667
33 0.445833 0.094444 0.037500 0.066667
38 0.483333 0.094444 0.037500 0.066667
30 0.520833 0.094444 0.037500 0.066667
184 0.558333 0.094444 0.037500 0.066667
4 0.595833 0.094444 0.037500 0.066667
129 0.633333 0.094444 0.037500 0.066667
66 0.670833 0.094444 0.037500 0.066667
238 0.334375 0.027778 0.033333 0.059259
255 0.363542 0.027778 0.033333 0.059259
13 0.392708 0.027778 0.033333 0.059259
13 0.421875 0.027778 0.033333 0.059259
13 0.451042 0.027778 0.033333 0.059259
14 0.247917 0.565741 0.114583 0.268519
15 0.247917 0.716667 0.120312 0.023333
483 0.195833 0.744444 0.025000 0.044444
274 0.577083 0.729630 0.025000 0.044444
464 0.650000 0.601852 0.156250 0.166667
20 0.650000 0.701852 0.164063 0.023333
48 0.650000 0.488889 0.038333 0.068148
425 0.421354 0.731481 0.025000 0.044444
175 0.446354 0.731481 0.025000 0.044444
105 0.450000 0.640741 0.067708 0.092593
20 0.450000 0.703704 0.071094 0.023333
82 0.450000 0.564815 0.038333 0.068148
138 0.811979 0.724074 0.025000 0.044444
315 0.845833 0.610185 0.078125 0.138889
20 0.845833 0.696296 0.082031 0.023333
48 0.845833 0.511111 0.038333 0.068148
