341 0.270312 0.986111 0.149899 0.329824
436 0.357812 0.949074 0.137609 0.316375
515 0.452969 0.925926 0.124215 0.300456
196 0.547031 0.925926 0.124152 0.300376
391 0.642187 0.949074 0.137546 0.316296
578 0.729688 0.986111 0.149838 0.329746
7 0.033333 0.094444 0.037500 0.066667
29 0.070833 0.094444 0.037500 0.066667
7 0.108333 0.094444 0.037500 0.066667
107 0.145833 0.094444 0.037500 0.066667
8 0.183333 0.094444 0.037500 0.066667
37 0.220833 0.094444 0.037500 0.066667
132 0.258333 0.094444 0.037500 0.066667
129 0.295833 0.094444 0.037500 0.066667
131 0.333333 0.094444 0.037500 0.066667
35 0.370833 0.094444 0.037500 0.066667
173 0.408333 0.094444 0.037500 0.066667
33 0.445833 0.094444 0.037500 0.066667
95 0.334375 0.027778 0.033333 0.059259
324 0.363542 0.027778 0.033333 0.059259
95 0.392708 0.027778 0.033333 0.059259
13 0.421875 0.027778 0.033333 0.059259
13 0.451042 0.027778 0.033333 0.059259
14 0.247917 0.565741 0.114583 0.268519
15 0.247917 0.716667 0.120312 0.023333
70 0.195833 0.744444 0.025000 0.044444
51 0.220833 0.744444 0.025000 0.044444
46 0.795313 0.748148 0.025000 0.044444
273 0.820313 0.748148 0.025000 0.044444
97 0.845312 0.748148 0.025000 0.044444
482 0.850000 0.587963 0.119792 0.231481
20 0.850000 0.720370 0.125781 0.023333
216 0.850000 0.442593 0.038333 0.068148
