444 0.193750 1.000000 0.149621 0.310807
466 0.259375 0.982716 0.140084 0.302077
631 0.332656 0.955556 0.129526 0.291092
557 0.412500 0.930247 0.117934 0.277839
83 0.500000 0.925926 0.105469 0.262500
593 0.587500 0.930247 0.117877 0.277768
427 0.667344 0.955556 0.129470 0.291021
534 0.740625 0.982716 0.140029 0.302007
501 0.806250 1.000000 0.149567 0.310740
94 0.033333 0.094444 0.037500 0.066667
184 0.070833 0.094444 0.037500 0.066667
32 0.108333 0.094444 0.037500 0.066667
67 0.145833 0.094444 0.037500 0.066667
130 0.183333 0.094444 0.037500 0.066667
4 0.220833 0.094444 0.037500 0.066667
31 0.258333 0.094444 0.037500 0.066667
93 0.295833 0.094444 0.037500 0.066667
93 0.333333 0.094444 0.037500 0.066667
10 0.334375 0.027778 0.033333 0.059259
13 0.363542 0.027778 0.033333 0.059259
13 0.392708 0.027778 0.033333 0.059259
13 0.421875 0.027778 0.033333 0.059259
13 0.451042 0.027778 0.033333 0.059259
14 0.247917 0.565741 0.114583 0.268519
15 0.247917 0.716667 0.120312 0.023333
77 0.195833 0.744444 0.025000 0.044444
178 0.220833 0.744444 0.025000 0.044444
277 0.245833 0.744444 0.025000 0.044444
177 0.803125 0.743519 0.025000 0.044444
368 0.850000 0.555556 0.104167 0.287037
20 0.850000 0.715741 0.109375 0.023333
48 0.850000 0.382407 0.038333 0.068148
