412 0.193750 1.000000 0.149621 0.310807
302 0.259375 0.982716 0.140084 0.302077
309 0.332656 0.955556 0.129526 0.291092
538 0.412500 0.930247 0.117934 0.277839
551 0.500000 0.925926 0.105469 0.262500
312 0.587500 0.930247 0.117877 0.277768
161 0.667344 0.955556 0.129470 0.291021
359 0.740625 0.982716 0.140029 0.302007
646 0.806250 1.000000 0.149567 0.310740
109 0.033333 0.094444 0.037500 0.066667
199 0.070833 0.094444 0.037500 0.066667
64 0.108333 0.094444 0.037500 0.066667
107 0.145833 0.094444 0.037500 0.066667
37 0.183333 0.094444 0.037500 0.066667
132 0.220833 0.094444 0.037500 0.066667
37 0.258333 0.094444 0.037500 0.066667
129 0.295833 0.094444 0.037500 0.066667
34 0.333333 0.094444 0.037500 0.066667
66 0.370833 0.094444 0.037500 0.066667
91 0.408333 0.094444 0.037500 0.066667
64 0.445833 0.094444 0.037500 0.066667
66 0.483333 0.094444 0.037500 0.066667
64 0.520833 0.094444 0.037500 0.066667
91 0.558333 0.094444 0.037500 0.066667
32 0.595833 0.094444 0.037500 0.066667
163 0.633333 0.094444 0.037500 0.066667
37 0.670833 0.094444 0.037500 0.066667
35 0.708333 0.094444 0.037500 0.066667
290 0.334375 0.027778 0.033333 0.059259
324 0.363542 0.027778 0.033333 0.059259
13 0.392708 0.027778 0.033333 0.059259
13 0.421875 0.027778 0.033333 0.059259
13 0.451042 0.027778 0.033333 0.059259
14 0.247917 0.565741 0.114583 0.268519
15 0.247917 0.716667 0.120312 0.023333
135 0.195833 0.744444 0.025000 0.044444
187 0.220833 0.744444 0.025000 0.044444
265 0.245833 0.744444 0.025000 0.044444
295 0.746875 0.729630 0.025000 0.044444
16 0.771875 0.729630 0.025000 0.044444
178 0.796875 0.729630 0.025000 0.044444
177 0.821875 0.729630 0.025000 0.044444
121 0.865625 0.495370 0.247917 0.379630
20 0.865625 0.701852 0.260312 0.023333
48 0.865625 0.275926 0.038333 0.068148
