345 0.226563 1.000000 0.153046 0.323776
317 0.300938 0.968750 0.142404 0.313332
647 0.379687 0.943287 0.130728 0.300556
232 0.458438 0.925926 0.118005 0.285433
650 0.541562 0.925926 0.117945 0.285357
509 0.620313 0.943287 0.130669 0.300481
23 0.693594 0.968750 0.142346 0.313258
475 0.773438 1.000000 0.152989 0.323704
109 0.033333 0.094444 0.037500 0.066667
93 0.070833 0.094444 0.037500 0.066667
184 0.108333 0.094444 0.037500 0.066667
66 0.145833 0.094444 0.037500 0.066667
5 0.183333 0.094444 0.037500 0.066667
38 0.220833 0.094444 0.037500 0.066667
67 0.258333 0.094444 0.037500 0.066667
7 0.295833 0.094444 0.037500 0.066667
130 0.333333 0.094444 0.037500 0.066667
93 0.370833 0.094444 0.037500 0.066667
31 0.408333 0.094444 0.037500 0.066667
32 0.445833 0.094444 0.037500 0.066667
95 0.334375 0.027778 0.033333 0.059259
254 0.363542 0.027778 0.033333 0.059259
13 0.392708 0.027778 0.033333 0.059259
13 0.421875 0.027778 0.033333 0.059259
13 0.451042 0.027778 0.033333 0.059259
14 0.247917 0.565741 0.114583 0.268519
15 0.247917 0.716667 0.120312 0.023333
269 0.195833 0.744444 0.025000 0.044444
202 0.220833 0.744444 0.025000 0.044444
46 0.577083 0.729630 0.025000 0.044444
98 0.602083 0.729630 0.025000 0.044444
402 0.627083 0.729630 0.025000 0.044444
239 0.652083 0.729630 0.025000 0.044444
464 0.650000 0.601852 0.156250 0.166667
20 0.650000 0.701852 0.164063 0.023333
170 0.650000 0.488889 0.038333 0.068148
269 0.771875 0.734259 0.025000 0.044444
228 0.796875 0.734259 0.025000 0.044444
454 0.821875 0.734259 0.025000 0.044444
118 0.846875 0.734259 0.025000 0.044444
76 0.850000 0.495370 0.166667 0.388889
20 0.850000 0.706481 0.175000 0.023333
48 0.850000 0.271296 0.038333 0.068148
294 0.384896 0.641667 0.025000 0.044444
17 0.409896 0.641667 0.025000 0.044444
296 0.434896 0.641667 0.025000 0.044444
157 0.457812 0.416667 0.156250 0.361111
20 0.457812 0.613889 0.164063 0.023333
158 0.457812 0.206481 0.038333 0.068148
