490 0.448594 0.925926 0.124215 0.300456
600 0.557969 0.925926 0.124152 0.300376
7 0.033333 0.094444 0.037500 0.066667
12 0.334375 0.027778 0.033333 0.059259
144 0.363542 0.027778 0.033333 0.059259
96 0.392708 0.027778 0.033333 0.059259
12 0.421875 0.027778 0.033333 0.059259
13 0.451042 0.027778 0.033333 0.059259
14 0.247917 0.565741 0.114583 0.268519
15 0.247917 0.716667 0.120312 0.023333
305 0.195833 0.744444 0.025000 0.044444
325 0.220833 0.744444 0.025000 0.044444
347 0.245833 0.744444 0.025000 0.044444
326 0.808333 0.711111 0.025000 0.044444
269 0.833333 0.711111 0.025000 0.044444
122 0.858333 0.711111 0.025000 0.044444
294 0.883333 0.711111 0.025000 0.044444
206 0.850000 0.523148 0.093750 0.287037
20 0.850000 0.683333 0.098437 0.023333
82 0.850000 0.350000 0.038333 0.068148
202 0.584896 0.738889 0.025000 0.044444
53 0.650000 0.509259 0.140625 0.370370
20 0.650000 0.711111 0.147656 0.023333
48 0.650000 0.294444 0.038333 0.068148
