511 0.270312 0.986111 0.149899 0.329824
360 0.357812 0.949074 0.137609 0.316375
647 0.452969 0.925926 0.124215 0.300456
182 0.547031 0.925926 0.124152 0.300376
88 0.642187 0.949074 0.137546 0.316296
288 0.729688 0.986111 0.149838 0.329746
67 0.033333 0.094444 0.037500 0.066667
67 0.070833 0.094444 0.037500 0.066667
36 0.108333 0.094444 0.037500 0.066667
34 0.145833 0.094444 0.037500 0.066667
93 0.183333 0.094444 0.037500 0.066667
91 0.220833 0.094444 0.037500 0.066667
107 0.258333 0.094444 0.037500 0.066667
33 0.295833 0.094444 0.037500 0.066667
6 0.333333 0.094444 0.037500 0.066667
199 0.370833 0.094444 0.037500 0.066667
28 0.408333 0.094444 0.037500 0.066667
199 0.445833 0.094444 0.037500 0.066667
8 0.483333 0.094444 0.037500 0.066667
38 0.520833 0.094444 0.037500 0.066667
132 0.558333 0.094444 0.037500 0.066667
303 0.334375 0.027778 0.033333 0.059259
174 0.363542 0.027778 0.033333 0.059259
254 0.392708 0.027778 0.033333 0.059259
13 0.421875 0.027778 0.033333 0.059259
13 0.451042 0.027778 0.033333 0.059259
14 0.247917 0.565741 0.114583 0.268519
15 0.247917 0.716667 0.120312 0.023333
296 0.195833 0.744444 0.025000 0.044444
204 0.220833 0.744444 0.025000 0.044444
306 0.245833 0.744444 0.025000 0.044444
435 0.808333 0.711111 0.025000 0.044444
54 0.833333 0.711111 0.025000 0.044444
17 0.858333 0.711111 0.025000 0.044444
148 0.883333 0.711111 0.025000 0.044444
47 0.850000 0.601852 0.093750 0.129630
20 0.850000 0.683333 0.098437 0.023333
48 0.850000 0.507407 0.038333 0.068148
