312 0.237500 1.000000 0.155649 0.335641
286 0.314063 0.968783 0.143917 0.323435
521 0.401563 0.945767 0.131037 0.308710
423 0.500000 0.931481 0.117188 0.291667
580 0.598437 0.945767 0.130975 0.308631
563 0.685938 0.968783 0.143855 0.323357
552 0.762500 1.000000 0.155588 0.335564
67 0.033333 0.094444 0.037500 0.066667
173 0.070833 0.094444 0.037500 0.066667
66 0.108333 0.094444 0.037500 0.066667
110 0.145833 0.094444 0.037500 0.066667
173 0.183333 0.094444 0.037500 0.066667
130 0.220833 0.094444 0.037500 0.066667
109 0.258333 0.094444 0.037500 0.066667
173 0.295833 0.094444 0.037500 0.066667
35 0.333333 0.094444 0.037500 0.066667
64 0.370833 0.094444 0.037500 0.066667
94 0.408333 0.094444 0.037500 0.066667
200 0.334375 0.027778 0.033333 0.059259
111 0.363542 0.027778 0.033333 0.059259
13 0.392708 0.027778 0.033333 0.059259
13 0.421875 0.027778 0.033333 0.059259
13 0.451042 0.027778 0.033333 0.059259
14 0.247917 0.565741 0.114583 0.268519
15 0.247917 0.716667 0.120312 0.023333
100 0.195833 0.744444 0.025000 0.044444
139 0.220833 0.744444 0.025000 0.044444
201 0.245833 0.744444 0.025000 0.044444
266 0.426562 0.740741 0.025000 0.044444
41 0.451562 0.740741 0.025000 0.044444
176 0.476563 0.740741 0.025000 0.044444
306 0.501562 0.740741 0.025000 0.044444
267 0.450000 0.594444 0.057292 0.203704
20 0.450000 0.712963 0.060156 0.023333
170 0.450000 0.462963 0.038333 0.068148
425 0.805729 0.757407 0.025000 0.044444
46 0.830729 0.757407 0.025000 0.044444
274 0.855729 0.757407 0.025000 0.044444
164 0.880729 0.757407 0.025000 0.044444
141 0.852604 0.583333 0.104167 0.259259
20 0.852604 0.729630 0.109375 0.023333
170 0.852604 0.424074 0.038333 0.068148
266 0.605729 0.738889 0.025000 0.044444
329 0.647396 0.564815 0.093750 0.259259
20 0.647396 0.711111 0.098437 0.023333
21 0.647396 0.405556 0.038333 0.068148
