346 0.270312 0.986111 0.149899 0.329824
584 0.357812 0.949074 0.137609 0.316375
642 0.452969 0.925926 0.124215 0.300456
389 0.547031 0.925926 0.124152 0.300376
650 0.642187 0.949074 0.137546 0.316296
420 0.729688 0.986111 0.149838 0.329746
6 0.033333 0.094444 0.037500 0.066667
129 0.070833 0.094444 0.037500 0.066667
108 0.108333 0.094444 0.037500 0.066667
131 0.145833 0.094444 0.037500 0.066667
108 0.183333 0.094444 0.037500 0.066667
36 0.220833 0.094444 0.037500 0.066667
91 0.258333 0.094444 0.037500 0.066667
132 0.295833 0.094444 0.037500 0.066667
130 0.333333 0.094444 0.037500 0.066667
35 0.370833 0.094444 0.037500 0.066667
7 0.408333 0.094444 0.037500 0.066667
184 0.445833 0.094444 0.037500 0.066667
129 0.483333 0.094444 0.037500 0.066667
38 0.520833 0.094444 0.037500 0.066667
32 0.558333 0.094444 0.037500 0.066667
110 0.595833 0.094444 0.037500 0.066667
29 0.633333 0.094444 0.037500 0.066667
111 0.334375 0.027778 0.033333 0.059259
12 0.363542 0.027778 0.033333 0.059259
272 0.392708 0.027778 0.033333 0.059259
9 0.421875 0.027778 0.033333 0.059259
13 0.451042 0.027778 0.033333 0.059259
14 0.247917 0.565741 0.114583 0.268519
15 0.247917 0.716667 0.120312 0.023333
146 0.195833 0.744444 0.025000 0.044444
242 0.220833 0.744444 0.025000 0.044444
153 0.245833 0.744444 0.025000 0.044444
402 0.808333 0.711111 0.025000 0.044444
47 0.850000 0.601852 0.093750 0.129630
20 0.850000 0.683333 0.098437 0.023333
82 0.850000 0.507407 0.038333 0.068148
