532 0.182812 1.000000 0.145411 0.296825
544 0.237500 0.976852 0.136936 0.289694
459 0.303125 0.951852 0.127414 0.280350
341 0.379687 0.928704 0.116968 0.268919
625 0.456250 0.921296 0.105583 0.255387
229 0.543750 0.921296 0.105530 0.255319
458 0.620313 0.928704 0.116914 0.268851
563 0.696875 0.951852 0.127362 0.280284
545 0.762500 0.976852 0.136885 0.289630
218 0.817187 1.000000 0.145376 0.296799
199 0.033333 0.094444 0.037500 0.066667
94 0.070833 0.094444 0.037500 0.066667
110 0.108333 0.094444 0.037500 0.066667
34 0.145833 0.094444 0.037500 0.066667
28 0.183333 0.094444 0.037500 0.066667
38 0.220833 0.094444 0.037500 0.066667
184 0.258333 0.094444 0.037500 0.066667
28 0.295833 0.094444 0.037500 0.066667
109 0.333333 0.094444 0.037500 0.066667
110 0.370833 0.094444 0.037500 0.066667
255 0.334375 0.027778 0.033333 0.059259
13 0.363542 0.027778 0.033333 0.059259
13 0.392708 0.027778 0.033333 0.059259
13 0.421875 0.027778 0.033333 0.059259
13 0.451042 0.027778 0.033333 0.059259
14 0.247917 0.565741 0.114583 0.268519
15 0.247917 0.716667 0.120312 0.023333
43 0.195833 0.744444 0.025000 0.044444
415 0.220833 0.744444 0.025000 0.044444
136 0.810938 0.729630 0.025000 0.044444
454 0.835938 0.729630 0.025000 0.044444
177 0.860937 0.729630 0.025000 0.044444
306 0.885938 0.729630 0.025000 0.044444
516 0.850000 0.578704 0.088542 0.212963
20 0.850000 0.701852 0.092969 0.023333
21 0.850000 0.442593 0.038333 0.068148
50 0.587500 0.716667 0.025000 0.044444
348 0.650000 0.593518 0.135417 0.157407
20 0.650000 0.688889 0.142188 0.023333
48 0.650000 0.485185 0.038333 0.068148
