547 0.448594 0.925926 0.124215 0.300456
558 0.557969 0.925926 0.124152 0.300376
164 0.033333 0.094444 0.037500 0.066667
44 0.070833 0.094444 0.037500 0.066667
46 0.108333 0.094444 0.037500 0.066667
77 0.145833 0.094444 0.037500 0.066667
162 0.183333 0.094444 0.037500 0.066667
97 0.220833 0.094444 0.037500 0.066667
75 0.258333 0.094444 0.037500 0.066667
117 0.295833 0.094444 0.037500 0.066667
163 0.333333 0.094444 0.037500 0.066667
99 0.370833 0.094444 0.037500 0.066667
10 0.408333 0.094444 0.037500 0.066667
42 0.445833 0.094444 0.037500 0.066667
47 0.483333 0.094444 0.037500 0.066667
120 0.334375 0.027778 0.033333 0.059259
289 0.363542 0.027778 0.033333 0.059259
341 0.392708 0.027778 0.033333 0.059259
49 0.421875 0.027778 0.033333 0.059259
13 0.451042 0.027778 0.033333 0.059259
14 0.247917 0.565741 0.114583 0.268519
15 0.247917 0.716667 0.120312 0.023333
361 0.195833 0.744444 0.025000 0.044444
59 0.220833 0.744444 0.025000 0.044444
166 0.608333 0.711111 0.025000 0.044444
535 0.633333 0.711111 0.025000 0.044444
17 0.658333 0.711111 0.025000 0.044444
362 0.683333 0.711111 0.025000 0.044444
84 0.650000 0.523148 0.093750 0.287037
23 0.650000 0.683333 0.098437 0.023333
24 0.650000 0.350000 0.038333 0.068148
17 0.797917 0.748148 0.025000 0.044444
362 0.822917 0.748148 0.025000 0.044444
545 0.850000 0.555556 0.114583 0.296296
23 0.850000 0.720370 0.120312 0.023333
57 0.850000 0.377778 0.038333 0.068148
