637 0.448594 0.925926 0.124215 0.300456
364 0.557969 0.925926 0.124152 0.300376
29 0.033333 0.094444 0.037500 0.066667
131 0.070833 0.094444 0.037500 0.066667
381 0.334375 0.027778 0.033333 0.059259
11 0.363542 0.027778 0.033333 0.059259
13 0.392708 0.027778 0.033333 0.059259
13 0.421875 0.027778 0.033333 0.059259
13 0.451042 0.027778 0.033333 0.059259
14 0.247917 0.565741 0.114583 0.268519
15 0.247917 0.716667 0.120312 0.023333
276 0.195833 0.744444 0.025000 0.044444
295 0.784896 0.738889 0.025000 0.044444
258 0.809896 0.738889 0.025000 0.044444
367 0.834896 0.738889 0.025000 0.044444
53 0.850000 0.509259 0.140625 0.370370
20 0.850000 0.711111 0.147656 0.023333
48 0.850000 0.294444 0.038333 0.068148
