344 0.401563 0.953704 0.131037 0.308710
490 0.500000 0.925926 0.117188 0.291667
3 0.598437 0.953704 0.130975 0.308631
92 0.033333 0.094444 0.037500 0.066667
4 0.070833 0.094444 0.037500 0.066667
65 0.108333 0.094444 0.037500 0.066667
184 0.145833 0.094444 0.037500 0.066667
109 0.183333 0.094444 0.037500 0.066667
37 0.220833 0.094444 0.037500 0.066667
94 0.258333 0.094444 0.037500 0.066667
163 0.295833 0.094444 0.037500 0.066667
31 0.333333 0.094444 0.037500 0.066667
95 0.334375 0.027778 0.033333 0.059259
336 0.363542 0.027778 0.033333 0.059259
12 0.392708 0.027778 0.033333 0.059259
186 0.421875 0.027778 0.033333 0.059259
145 0.451042 0.027778 0.033333 0.059259
14 0.247917 0.565741 0.114583 0.268519
15 0.247917 0.716667 0.120312 0.023333
269 0.195833 0.744444 0.025000 0.044444
124 0.220833 0.744444 0.025000 0.044444
43 0.245833 0.744444 0.025000 0.044444
265 0.270833 0.744444 0.025000 0.044444
75 0.587500 0.729630 0.025000 0.044444
166 0.650000 0.606481 0.135417 0.157407
20 0.650000 0.701852 0.142188 0.023333
167 0.650000 0.498148 0.038333 0.068148
177 0.795313 0.748148 0.025000 0.044444
49 0.820313 0.748148 0.025000 0.044444
482 0.850000 0.587963 0.119792 0.231481
20 0.850000 0.720370 0.125781 0.023333
216 0.850000 0.442593 0.038333 0.068148
