320 0.448594 0.925926 0.124215 0.300456
393 0.557969 0.925926 0.124152 0.300376
199 0.033333 0.094444 0.037500 0.066667
37 0.070833 0.094444 0.037500 0.066667
132 0.108333 0.094444 0.037500 0.066667
29 0.145833 0.094444 0.037500 0.066667
32 0.183333 0.094444 0.037500 0.066667
28 0.220833 0.094444 0.037500 0.066667
199 0.258333 0.094444 0.037500 0.066667
109 0.295833 0.094444 0.037500 0.066667
93 0.333333 0.094444 0.037500 0.066667
66 0.370833 0.094444 0.037500 0.066667
29 0.408333 0.094444 0.037500 0.066667
32 0.445833 0.094444 0.037500 0.066667
108 0.483333 0.094444 0.037500 0.066667
92 0.520833 0.094444 0.037500 0.066667
66 0.558333 0.094444 0.037500 0.066667
107 0.595833 0.094444 0.037500 0.066667
163 0.633333 0.094444 0.037500 0.066667
38 0.670833 0.094444 0.037500 0.066667
34 0.708333 0.094444 0.037500 0.066667
95 0.334375 0.027778 0.033333 0.059259
185 0.363542 0.027778 0.033333 0.059259
214 0.392708 0.027778 0.033333 0.059259
185 0.421875 0.027778 0.033333 0.059259
13 0.451042 0.027778 0.033333 0.059259
14 0.247917 0.565741 0.114583 0.268519
15 0.247917 0.716667 0.120312 0.023333
296 0.195833 0.744444 0.025000 0.044444
371 0.787500 0.729630 0.025000 0.044444
123 0.812500 0.729630 0.025000 0.044444
268 0.837500 0.729630 0.025000 0.044444
276 0.862500 0.729630 0.025000 0.044444
166 0.850000 0.606481 0.135417 0.157407
20 0.850000 0.701852 0.142188 0.023333
331 0.850000 0.498148 0.038333 0.068148
425 0.403125 0.743519 0.025000 0.044444
51 0.428125 0.743519 0.025000 0.044444
368 0.450000 0.555556 0.104167 0.287037
20 0.450000 0.715741 0.109375 0.023333
331 0.450000 0.382407 0.038333 0.068148
69 0.611979 0.735185 0.025000 0.044444
281 0.636979 0.735185 0.025000 0.044444
176 0.661979 0.735185 0.025000 0.044444
118 0.686979 0.735185 0.025000 0.044444
549 0.645833 0.621296 0.078125 0.138889
20 0.645833 0.707407 0.082031 0.023333
216 0.645833 0.522222 0.038333 0.068148
