622 0.182812 1.000000 0.145411 0.296825
262 0.237500 0.976852 0.136936 0.289694
364 0.303125 0.951852 0.127414 0.280350
142 0.379687 0.928704 0.116968 0.268919
391 0.456250 0.921296 0.105583 0.255387
449 0.543750 0.921296 0.105530 0.255319
628 0.620313 0.928704 0.116914 0.268851
493 0.696875 0.951852 0.127362 0.280284
193 0.762500 0.976852 0.136885 0.289630
285 0.817187 1.000000 0.145376 0.296799
130 0.033333 0.094444 0.037500 0.066667
29 0.070833 0.094444 0.037500 0.066667
66 0.108333 0.094444 0.037500 0.066667
9 0.334375 0.027778 0.033333 0.059259
13 0.363542 0.027778 0.033333 0.059259
13 0.392708 0.027778 0.033333 0.059259
13 0.421875 0.027778 0.033333 0.059259
13 0.451042 0.027778 0.033333 0.059259
14 0.247917 0.565741 0.114583 0.268519
15 0.247917 0.716667 0.120312 0.023333
401 0.195833 0.744444 0.025000 0.044444
268 0.220833 0.744444 0.025000 0.044444
273 0.621354 0.731481 0.025000 0.044444
101 0.646354 0.731481 0.025000 0.044444
105 0.650000 0.640741 0.067708 0.092593
20 0.650000 0.703704 0.071094 0.023333
82 0.650000 0.564815 0.038333 0.068148
371 0.818750 0.706481 0.025000 0.044444
269 0.843750 0.706481 0.025000 0.044444
293 0.868750 0.706481 0.025000 0.044444
152 0.893750 0.706481 0.025000 0.044444
57 0.850000 0.601852 0.072917 0.120370
20 0.850000 0.678704 0.076563 0.023333
48 0.850000 0.512037 0.038333 0.068148
70 0.356250 0.734259 0.025000 0.044444
281 0.381250 0.734259 0.025000 0.044444
125 0.450000 0.555556 0.197917 0.268519
20 0.450000 0.706481 0.207812 0.023333
48 0.450000 0.391667 0.038333 0.068148
