159 0.500000 0.925926 0.117188 0.291667
31 0.033333 0.094444 0.037500 0.066667
131 0.070833 0.094444 0.037500 0.066667
91 0.108333 0.094444 0.037500 0.066667
173 0.145833 0.094444 0.037500 0.066667
110 0.183333 0.094444 0.037500 0.066667
28 0.220833 0.094444 0.037500 0.066667
6 0.258333 0.094444 0.037500 0.066667
65 0.295833 0.094444 0.037500 0.066667
108 0.333333 0.094444 0.037500 0.066667
34 0.370833 0.094444 0.037500 0.066667
199 0.408333 0.094444 0.037500 0.066667
93 0.445833 0.094444 0.037500 0.066667
163 0.483333 0.094444 0.037500 0.066667
68 0.334375 0.027778 0.033333 0.059259
113 0.363542 0.027778 0.033333 0.059259
13 0.392708 0.027778 0.033333 0.059259
13 0.421875 0.027778 0.033333 0.059259
13 0.451042 0.027778 0.033333 0.059259
14 0.247917 0.565741 0.114583 0.268519
15 0.247917 0.716667 0.120312 0.023333
135 0.195833 0.744444 0.025000 0.044444
187 0.810938 0.698223 0.025000 0.044444
124 0.835938 0.698223 0.025000 0.044444
50 0.860937 0.698223 0.025000 0.044444
401 0.885938 0.698223 0.025000 0.044444
448 0.850000 0.593594 0.088542 0.120370
20 0.850000 0.670445 0.092969 0.023333
170 0.850000 0.503779 0.038333 0.068148
241 0.608333 0.711111 0.025000 0.044444
206 0.650000 0.523148 0.093750 0.287037
20 0.650000 0.683333 0.098437 0.023333
82 0.650000 0.350000 0.038333 0.068148
