433 0.226563 1.000000 0.153046 0.323776
513 0.300938 0.968750 0.142404 0.313332
523 0.379687 0.943287 0.130728 0.300556
450 0.458438 0.925926 0.118005 0.285433
196 0.541562 0.925926 0.117945 0.285357
493 0.620313 0.943287 0.130669 0.300481
491 0.693594 0.968750 0.142346 0.313258
641 0.773438 1.000000 0.152989 0.323704
36 0.033333 0.094444 0.037500 0.066667
91 0.070833 0.094444 0.037500 0.066667
66 0.108333 0.094444 0.037500 0.066667
5 0.145833 0.094444 0.037500 0.066667
94 0.183333 0.094444 0.037500 0.066667
92 0.220833 0.094444 0.037500 0.066667
33 0.258333 0.094444 0.037500 0.066667
30 0.295833 0.094444 0.037500 0.066667
38 0.333333 0.094444 0.037500 0.066667
109 0.370833 0.094444 0.037500 0.066667
36 0.408333 0.094444 0.037500 0.066667
131 0.445833 0.094444 0.037500 0.066667
108 0.483333 0.094444 0.037500 0.066667
109 0.520833 0.094444 0.037500 0.066667
36 0.558333 0.094444 0.037500 0.066667
33 0.595833 0.094444 0.037500 0.066667
93 0.633333 0.094444 0.037500 0.066667
35 0.670833 0.094444 0.037500 0.066667
64 0.708333 0.094444 0.037500 0.066667
95 0.334375 0.027778 0.033333 0.059259
381 0.363542 0.027778 0.033333 0.059259
144 0.392708 0.027778 0.033333 0.059259
214 0.421875 0.027778 0.033333 0.059259
143 0.451042 0.027778 0.033333 0.059259
14 0.247917 0.565741 0.114583 0.268519
15 0.247917 0.716667 0.120312 0.023333
258 0.195833 0.744444 0.025000 0.044444
326 0.220833 0.744444 0.025000 0.044444
122 0.245833 0.744444 0.025000 0.044444
204 0.803125 0.729630 0.025000 0.044444
524 0.828125 0.729630 0.025000 0.044444
326 0.853125 0.729630 0.025000 0.044444
531 0.850000 0.583333 0.104167 0.203704
20 0.850000 0.701852 0.109375 0.023333
48 0.850000 0.451852 0.038333 0.068148
120 0.587500 0.716667 0.025000 0.044444
348 0.650000 0.593518 0.135417 0.157407
20 0.650000 0.688889 0.142188 0.023333
48 0.650000 0.485185 0.038333 0.068148
