575 0.351250 0.960648 0.137609 0.316375
436 0.449688 0.935185 0.124215 0.300456
575 0.550312 0.935185 0.124152 0.300376
617 0.648750 0.960648 0.137546 0.316296
109 0.033333 0.094444 0.037500 0.066667
30 0.070833 0.094444 0.037500 0.066667
67 0.108333 0.094444 0.037500 0.066667
6 0.145833 0.094444 0.037500 0.066667
200 0.334375 0.027778 0.033333 0.059259
13 0.363542 0.027778 0.033333 0.059259
13 0.392708 0.027778 0.033333 0.059259
13 0.421875 0.027778 0.033333 0.059259
13 0.451042 0.027778 0.033333 0.059259
14 0.247917 0.565741 0.114583 0.268519
15 0.247917 0.716667 0.120312 0.023333
176 0.195833 0.744444 0.025000 0.044444
291 0.220833 0.744444 0.025000 0.044444
134 0.245833 0.744444 0.025000 0.044444
49 0.740625 0.739815 0.025000 0.044444
337 0.765625 0.739815 0.025000 0.044444
43 0.790625 0.739815 0.025000 0.044444
207 0.815625 0.739815 0.025000 0.044444
446 0.852604 0.551852 0.234375 0.287037
20 0.852604 0.712037 0.246094 0.023333
48 0.852604 0.378704 0.038333 0.068148
189 0.535417 0.729630 0.025000 0.044444
146 0.560417 0.729630 0.025000 0.044444
208 0.650000 0.546296 0.239583 0.277778
20 0.650000 0.701852 0.251562 0.023333
48 0.650000 0.377778 0.038333 0.068148
