581 0.314063 0.986111 0.143917 0.323435
463 0.401563 0.953704 0.131037 0.308710
312 0.500000 0.935185 0.117188 0.291667
567 0.598437 0.953704 0.130975 0.308631
419 0.685938 0.986111 0.143855 0.323357
129 0.033333 0.094444 0.037500 0.066667
31 0.070833 0.094444 0.037500 0.066667
7 0.108333 0.094444 0.037500 0.066667
37 0.145833 0.094444 0.037500 0.066667
4 0.183333 0.094444 0.037500 0.066667
132 0.220833 0.094444 0.037500 0.066667
33 0.258333 0.094444 0.037500 0.066667
65 0.295833 0.094444 0.037500 0.066667
28 0.333333 0.094444 0.037500 0.066667
33 0.370833 0.094444 0.037500 0.066667
91 0.408333 0.094444 0.037500 0.066667
32 0.445833 0.094444 0.037500 0.066667
38 0.483333 0.094444 0.037500 0.066667
65 0.520833 0.094444 0.037500 0.066667
272 0.334375 0.027778 0.033333 0.059259
145 0.363542 0.027778 0.033333 0.059259
133 0.392708 0.027778 0.033333 0.059259
144 0.421875 0.027778 0.033333 0.059259
13 0.451042 0.027778 0.033333 0.059259
14 0.247917 0.565741 0.114583 0.268519
15 0.247917 0.716667 0.120312 0.023333
241 0.195833 0.744444 0.025000 0.044444
292 0.220833 0.744444 0.025000 0.044444
291 0.245833 0.744444 0.025000 0.044444
202 0.270833 0.744444 0.025000 0.044444
55 0.608333 0.706481 0.025000 0.044444
41 0.633333 0.706481 0.025000 0.044444
47 0.650000 0.597222 0.093750 0.129630
20 0.650000 0.678704 0.098437 0.023333
48 0.650000 0.502778 0.038333 0.068148
204 0.803125 0.729630 0.025000 0.044444
56 0.828125 0.729630 0.025000 0.044444
531 0.850000 0.583333 0.104167 0.203704
20 0.850000 0.701852 0.109375 0.023333
48 0.850000 0.451852 0.038333 0.068148
202 0.353646 0.729630 0.025000 0.044444
56 0.378646 0.729630 0.025000 0.044444
156 0.403646 0.729630 0.025000 0.044444
383 0.450000 0.504630 0.203125 0.361111
20 0.450000 0.701852 0.213281 0.023333
216 0.450000 0.294444 0.038333 0.068148
