387 0.351250 0.960648 0.137609 0.316375
629 0.449688 0.935185 0.124215 0.300456
1 0.550312 0.935185 0.124152 0.300376
362 0.648750 0.960648 0.137546 0.316296
64 0.033333 0.094444 0.037500 0.066667
108 0.070833 0.094444 0.037500 0.066667
5 0.108333 0.094444 0.037500 0.066667
28 0.145833 0.094444 0.037500 0.066667
65 0.183333 0.094444 0.037500 0.066667
94 0.220833 0.094444 0.037500 0.066667
32 0.258333 0.094444 0.037500 0.066667
108 0.295833 0.094444 0.037500 0.066667
109 0.333333 0.094444 0.037500 0.066667
91 0.370833 0.094444 0.037500 0.066667
38 0.408333 0.094444 0.037500 0.066667
30 0.445833 0.094444 0.037500 0.066667
29 0.483333 0.094444 0.037500 0.066667
107 0.520833 0.094444 0.037500 0.066667
255 0.334375 0.027778 0.033333 0.059259
381 0.363542 0.027778 0.033333 0.059259
133 0.392708 0.027778 0.033333 0.059259
13 0.421875 0.027778 0.033333 0.059259
13 0.451042 0.027778 0.033333 0.059259
14 0.247917 0.565741 0.114583 0.268519
15 0.247917 0.716667 0.120312 0.023333
147 0.195833 0.744444 0.025000 0.044444
203 0.220833 0.744444 0.025000 0.044444
371 0.245833 0.744444 0.025000 0.044444
293 0.270833 0.744444 0.025000 0.044444
136 0.821354 0.724074 0.025000 0.044444
49 0.846354 0.724074 0.025000 0.044444
406 0.871354 0.724074 0.025000 0.044444
260 0.850000 0.633333 0.067708 0.092593
20 0.850000 0.696296 0.071094 0.023333
48 0.850000 0.557407 0.038333 0.068148
