525 0.448594 0.925926 0.124215 0.300456
460 0.557969 0.925926 0.124152 0.300376
7 0.033333 0.094444 0.037500 0.066667
109 0.070833 0.094444 0.037500 0.066667
130 0.108333 0.094444 0.037500 0.066667
37 0.145833 0.094444 0.037500 0.066667
65 0.183333 0.094444 0.037500 0.066667
4 0.220833 0.094444 0.037500 0.066667
184 0.258333 0.094444 0.037500 0.066667
184 0.295833 0.094444 0.037500 0.066667
30 0.333333 0.094444 0.037500 0.066667
28 0.370833 0.094444 0.037500 0.066667
35 0.408333 0.094444 0.037500 0.066667
8 0.445833 0.094444 0.037500 0.066667
36 0.483333 0.094444 0.037500 0.066667
130 0.520833 0.094444 0.037500 0.066667
8 0.558333 0.094444 0.037500 0.066667
129 0.595833 0.094444 0.037500 0.066667
5 0.633333 0.094444 0.037500 0.066667
185 0.334375 0.027778 0.033333 0.059259
40 0.363542 0.027778 0.033333 0.059259
13 0.392708 0.027778 0.033333 0.059259
13 0.421875 0.027778 0.033333 0.059259
13 0.451042 0.027778 0.033333 0.059259
14 0.247917 0.565741 0.114583 0.268519
15 0.247917 0.716667 0.120312 0.023333
524 0.195833 0.744444 0.025000 0.044444
207 0.220833 0.744444 0.025000 0.044444
120 0.245833 0.744444 0.025000 0.044444
115 0.270833 0.744444 0.025000 0.044444
114 0.810938 0.729630 0.025000 0.044444
202 0.835938 0.729630 0.025000 0.044444
97 0.860937 0.729630 0.025000 0.044444
177 0.885938 0.729630 0.025000 0.044444
405 0.850000 0.578704 0.088542 0.212963
20 0.850000 0.701852 0.092969 0.023333
48 0.850000 0.442593 0.038333 0.068148
264 0.351042 0.743519 0.025000 0.044444
207 0.376042 0.743519 0.025000 0.044444
78 0.401042 0.743519 0.025000 0.044444
151 0.426042 0.743519 0.025000 0.044444
338 0.450000 0.509259 0.208333 0.379630
20 0.450000 0.715741 0.218750 0.023333
216 0.450000 0.289815 0.038333 0.068148
17 0.553646 0.729630 0.025000 0.044444
80 0.578646 0.729630 0.025000 0.044444
295 0.603646 0.729630 0.025000 0.044444
188 0.628646 0.729630 0.025000 0.044444
383 0.650000 0.504630 0.203125 0.361111
20 0.650000 0.701852 0.213281 0.023333
216 0.650000 0.294444 0.038333 0.068148
