502 0.448594 0.925926 0.124215 0.300456
495 0.557969 0.925926 0.124152 0.300376
132 0.033333 0.094444 0.037500 0.066667
131 0.070833 0.094444 0.037500 0.066667
7 0.108333 0.094444 0.037500 0.066667
37 0.145833 0.094444 0.037500 0.066667
4 0.183333 0.094444 0.037500 0.066667
94 0.220833 0.094444 0.037500 0.066667
31 0.258333 0.094444 0.037500 0.066667
110 0.295833 0.094444 0.037500 0.066667
91 0.333333 0.094444 0.037500 0.066667
6 0.370833 0.094444 0.037500 0.066667
9 0.334375 0.027778 0.033333 0.059259
304 0.363542 0.027778 0.033333 0.059259
13 0.392708 0.027778 0.033333 0.059259
13 0.421875 0.027778 0.033333 0.059259
13 0.451042 0.027778 0.033333 0.059259
14 0.247917 0.565741 0.114583 0.268519
15 0.247917 0.716667 0.120312 0.023333
242 0.195833 0.744444 0.025000 0.044444
101 0.220833 0.744444 0.025000 0.044444
80 0.245833 0.744444 0.025000 0.044444
276 0.608333 0.711111 0.025000 0.044444
104 0.633333 0.711111 0.025000 0.044444
49 0.658333 0.711111 0.025000 0.044444
206 0.650000 0.523148 0.093750 0.287037
20 0.650000 0.683333 0.098437 0.023333
48 0.650000 0.350000 0.038333 0.068148
101 0.753646 0.729630 0.025000 0.044444
203 0.778646 0.729630 0.025000 0.044444
383 0.850000 0.504630 0.203125 0.361111
20 0.850000 0.701852 0.213281 0.023333
216 0.850000 0.294444 0.038333 0.068148
