513 0.270312 0.986111 0.149899 0.329824
562 0.357812 0.949074 0.137609 0.316375
387 0.452969 0.925926 0.124215 0.300456
350 0.547031 0.925926 0.124152 0.300376
603 0.642187 0.949074 0.137546 0.316296
385 0.729688 0.986111 0.149838 0.329746
109 0.033333 0.094444 0.037500 0.066667
131 0.070833 0.094444 0.037500 0.066667
6 0.108333 0.094444 0.037500 0.066667
29 0.145833 0.094444 0.037500 0.066667
32 0.183333 0.094444 0.037500 0.066667
8 0.220833 0.094444 0.037500 0.066667
108 0.258333 0.094444 0.037500 0.066667
107 0.295833 0.094444 0.037500 0.066667
94 0.333333 0.094444 0.037500 0.066667
163 0.370833 0.094444 0.037500 0.066667
66 0.408333 0.094444 0.037500 0.066667
64 0.445833 0.094444 0.037500 0.066667
110 0.483333 0.094444 0.037500 0.066667
4 0.520833 0.094444 0.037500 0.066667
32 0.558333 0.094444 0.037500 0.066667
186 0.334375 0.027778 0.033333 0.059259
40 0.363542 0.027778 0.033333 0.059259
143 0.392708 0.027778 0.033333 0.059259
9 0.421875 0.027778 0.033333 0.059259
13 0.451042 0.027778 0.033333 0.059259
14 0.247917 0.565741 0.114583 0.268519
15 0.247917 0.716667 0.120312 0.023333
406 0.195833 0.744444 0.025000 0.044444
136 0.220833 0.744444 0.025000 0.044444
307 0.771875 0.724074 0.025000 0.044444
168 0.796875 0.724074 0.025000 0.044444
441 0.839583 0.563889 0.145833 0.231481
20 0.839583 0.696296 0.153125 0.023333
170 0.839583 0.418519 0.038333 0.068148
