595 0.193750 1.000000 0.149621 0.310807
632 0.259375 0.982716 0.140084 0.302077
318 0.332656 0.955556 0.129526 0.291092
407 0.412500 0.930247 0.117934 0.277839
394 0.500000 0.925926 0.105469 0.262500
642 0.587500 0.930247 0.117877 0.277768
487 0.667344 0.955556 0.129470 0.291021
323 0.740625 0.982716 0.140029 0.302007
518 0.806250 1.000000 0.149567 0.310740
131 0.033333 0.094444 0.037500 0.066667
29 0.070833 0.094444 0.037500 0.066667
107 0.108333 0.094444 0.037500 0.066667
65 0.145833 0.094444 0.037500 0.066667
109 0.183333 0.094444 0.037500 0.066667
92 0.220833 0.094444 0.037500 0.066667
31 0.258333 0.094444 0.037500 0.066667
31 0.295833 0.094444 0.037500 0.066667
199 0.333333 0.094444 0.037500 0.066667
173 0.370833 0.094444 0.037500 0.066667
4 0.408333 0.094444 0.037500 0.066667
107 0.445833 0.094444 0.037500 0.066667
29 0.483333 0.094444 0.037500 0.066667
130 0.520833 0.094444 0.037500 0.066667
91 0.558333 0.094444 0.037500 0.066667
6 0.595833 0.094444 0.037500 0.066667
110 0.633333 0.094444 0.037500 0.066667
184 0.670833 0.094444 0.037500 0.066667
143 0.334375 0.027778 0.033333 0.059259
13 0.363542 0.027778 0.033333 0.059259
13 0.392708 0.027778 0.033333 0.059259
13 0.421875 0.027778 0.033333 0.059259
13 0.451042 0.027778 0.033333 0.059259
14 0.247917 0.565741 0.114583 0.268519
15 0.247917 0.716667 0.120312 0.023333
264 0.195833 0.744444 0.025000 0.044444
416 0.220833 0.744444 0.025000 0.044444
306 0.245833 0.744444 0.025000 0.044444
268 0.740625 0.739815 0.025000 0.044444
78 0.765625 0.739815 0.025000 0.044444
291 0.790625 0.739815 0.025000 0.044444
74 0.815625 0.739815 0.025000 0.044444
446 0.852604 0.551852 0.234375 0.287037
20 0.852604 0.712037 0.246094 0.023333
48 0.852604 0.378704 0.038333 0.068148
