546 0.448594 0.925926 0.124215 0.300456
434 0.557969 0.925926 0.124152 0.300376
109 0.033333 0.094444 0.037500 0.066667
28 0.070833 0.094444 0.037500 0.066667
109 0.108333 0.094444 0.037500 0.066667
37 0.145833 0.094444 0.037500 0.066667
7 0.183333 0.094444 0.037500 0.066667
7 0.220833 0.094444 0.037500 0.066667
67 0.258333 0.094444 0.037500 0.066667
64 0.295833 0.094444 0.037500 0.066667
4 0.333333 0.094444 0.037500 0.066667
173 0.370833 0.094444 0.037500 0.066667
36 0.408333 0.094444 0.037500 0.066667
31 0.445833 0.094444 0.037500 0.066667
5 0.483333 0.094444 0.037500 0.066667
65 0.520833 0.094444 0.037500 0.066667
65 0.558333 0.094444 0.037500 0.066667
95 0.334375 0.027778 0.033333 0.059259
113 0.363542 0.027778 0.033333 0.059259
174 0.392708 0.027778 0.033333 0.059259
39 0.421875 0.027778 0.033333 0.059259
13 0.451042 0.027778 0.033333 0.059259
14 0.247917 0.565741 0.114583 0.268519
15 0.247917 0.716667 0.120312 0.023333
100 0.195833 0.744444 0.025000 0.044444
207 0.220833 0.744444 0.025000 0.044444
41 0.245833 0.744444 0.025000 0.044444
258 0.725000 0.752778 0.025000 0.044444
397 0.844792 0.509259 0.250000 0.398148
20 0.844792 0.725000 0.262500 0.023333
21 0.844792 0.280556 0.038333 0.068148
