322 0.270312 0.986111 0.149899 0.329824
436 0.357812 0.949074 0.137609 0.316375
197 0.452969 0.925926 0.124215 0.300456
628 0.547031 0.925926 0.124152 0.300376
172 0.642187 0.949074 0.137546 0.316296
1 0.729688 0.986111 0.149838 0.329746
184 0.033333 0.094444 0.037500 0.066667
65 0.070833 0.094444 0.037500 0.066667
173 0.108333 0.094444 0.037500 0.066667
8 0.145833 0.094444 0.037500 0.066667
12 0.334375 0.027778 0.033333 0.059259
144 0.363542 0.027778 0.033333 0.059259
12 0.392708 0.027778 0.033333 0.059259
13 0.421875 0.027778 0.033333 0.059259
13 0.451042 0.027778 0.033333 0.059259
14 0.247917 0.565741 0.114583 0.268519
15 0.247917 0.716667 0.120312 0.023333
265 0.195833 0.744444 0.025000 0.044444
134 0.220833 0.744444 0.025000 0.044444
228 0.245833 0.744444 0.025000 0.044444
202 0.751042 0.743519 0.025000 0.044444
338 0.850000 0.509259 0.208333 0.379630
20 0.850000 0.715741 0.218750 0.023333
48 0.850000 0.289815 0.038333 0.068148
