343 0.448594 0.925926 0.124215 0.300456
468 0.557969 0.925926 0.124152 0.300376
29 0.033333 0.094444 0.037500 0.066667
64 0.070833 0.094444 0.037500 0.066667
184 0.108333 0.094444 0.037500 0.066667
33 0.145833 0.094444 0.037500 0.066667
94 0.183333 0.094444 0.037500 0.066667
33 0.220833 0.094444 0.037500 0.066667
91 0.258333 0.094444 0.037500 0.066667
37 0.295833 0.094444 0.037500 0.066667
163 0.333333 0.094444 0.037500 0.066667
93 0.370833 0.094444 0.037500 0.066667
28 0.408333 0.094444 0.037500 0.066667
67 0.445833 0.094444 0.037500 0.066667
130 0.483333 0.094444 0.037500 0.066667
64 0.520833 0.094444 0.037500 0.066667
64 0.558333 0.094444 0.037500 0.066667
163 0.595833 0.094444 0.037500 0.066667
34 0.633333 0.094444 0.037500 0.066667
109 0.670833 0.094444 0.037500 0.066667
36 0.708333 0.094444 0.037500 0.066667
37 0.745833 0.094444 0.037500 0.066667
96 0.334375 0.027778 0.033333 0.059259
13 0.363542 0.027778 0.033333 0.059259
13 0.392708 0.027778 0.033333 0.059259
13 0.421875 0.027778 0.033333 0.059259
13 0.451042 0.027778 0.033333 0.059259
14 0.247917 0.565741 0.114583 0.268519
15 0.247917 0.716667 0.120312 0.023333
205 0.195833 0.744444 0.025000 0.044444
356 0.220833 0.744444 0.025000 0.044444
18 0.245833 0.744444 0.025000 0.044444
367 0.270833 0.744444 0.025000 0.044444
52 0.591146 0.729630 0.025000 0.044444
115 0.616146 0.729630 0.025000 0.044444
221 0.645833 0.574074 0.119792 0.222222
20 0.645833 0.701852 0.125781 0.023333
48 0.645833 0.433333 0.038333 0.068148
469 0.748438 0.738889 0.025000 0.044444
294 0.773438 0.738889 0.025000 0.044444
169 0.813542 0.518519 0.140625 0.351852
20 0.813542 0.711111 0.147656 0.023333
170 0.797917 0.312963 0.038333 0.068148
