250 0.193750 1.000000 0.149621 0.310807
403 0.259375 0.982716 0.140084 0.302077
37 0.332656 0.955556 0.129526 0.291092
133 0.412500 0.930247 0.117934 0.277839
563 0.500000 0.925926 0.105469 0.262500
158 0.587500 0.930247 0.117877 0.277768
620 0.667344 0.955556 0.129470 0.291021
419 0.740625 0.982716 0.140029 0.302007
519 0.806250 1.000000 0.149567 0.310740
135 0.033333 0.094444 0.037500 0.066667
261 0.070833 0.094444 0.037500 0.066667
177 0.108333 0.094444 0.037500 0.066667
136 0.145833 0.094444 0.037500 0.066667
287 0.183333 0.094444 0.037500 0.066667
10 0.220833 0.094444 0.037500 0.066667
9 0.258333 0.094444 0.037500 0.066667
177 0.295833 0.094444 0.037500 0.066667
41 0.333333 0.094444 0.037500 0.066667
47 0.370833 0.094444 0.037500 0.066667
100 0.408333 0.094444 0.037500 0.066667
120 0.334375 0.027778 0.033333 0.059259
204 0.363542 0.027778 0.033333 0.059259
12 0.392708 0.027778 0.033333 0.059259
278 0.421875 0.027778 0.033333 0.059259
375 0.451042 0.027778 0.033333 0.059259
14 0.247917 0.565741 0.114583 0.268519
15 0.247917 0.716667 0.120312 0.023333
370 0.195833 0.744444 0.025000 0.044444
108 0.220833 0.744444 0.025000 0.044444
20 0.245833 0.744444 0.025000 0.044444
499 0.270833 0.744444 0.025000 0.044444
62 0.558854 0.748148 0.025000 0.044444
406 0.583854 0.748148 0.025000 0.044444
239 0.608854 0.748148 0.025000 0.044444
454 0.634375 0.562500 0.161458 0.282407
23 0.634375 0.720370 0.169531 0.023333
61 0.634375 0.391667 0.038333 0.068148
143 0.766667 0.738889 0.025000 0.044444
65 0.852604 0.490741 0.182292 0.407407
23 0.852604 0.711111 0.191406 0.023333
61 0.852604 0.257407 0.038333 0.068148
