321 0.351250 0.960648 0.137609 0.316375
624 0.449688 0.935185 0.124215 0.300456
559 0.550312 0.935185 0.124152 0.300376
619 0.648750 0.960648 0.137546 0.316296
129 0.033333 0.094444 0.037500 0.066667
35 0.070833 0.094444 0.037500 0.066667
163 0.108333 0.094444 0.037500 0.066667
129 0.145833 0.094444 0.037500 0.066667
8 0.183333 0.094444 0.037500 0.066667
30 0.220833 0.094444 0.037500 0.066667
132 0.258333 0.094444 0.037500 0.066667
107 0.295833 0.094444 0.037500 0.066667
38 0.333333 0.094444 0.037500 0.066667
66 0.370833 0.094444 0.037500 0.066667
36 0.408333 0.094444 0.037500 0.066667
214 0.334375 0.027778 0.033333 0.059259
111 0.363542 0.027778 0.033333 0.059259
11 0.392708 0.027778 0.033333 0.059259
13 0.421875 0.027778 0.033333 0.059259
13 0.451042 0.027778 0.033333 0.059259
14 0.247917 0.565741 0.114583 0.268519
15 0.247917 0.716667 0.120312 0.023333
366 0.195833 0.744444 0.025000 0.044444
277 0.220833 0.744444 0.025000 0.044444
328 0.348437 0.729630 0.025000 0.044444
151 0.373437 0.729630 0.025000 0.044444
18 0.398438 0.729630 0.025000 0.044444
278 0.460417 0.476852 0.234375 0.416667
20 0.460417 0.701852 0.246094 0.023333
170 0.460417 0.238889 0.038333 0.068148
307 0.597917 0.737037 0.025000 0.044444
390 0.622917 0.737037 0.025000 0.044444
306 0.647917 0.737037 0.025000 0.044444
426 0.644792 0.562963 0.104167 0.259259
20 0.644792 0.709259 0.109375 0.023333
170 0.644792 0.403704 0.038333 0.068148
406 0.740625 0.739815 0.025000 0.044444
446 0.852604 0.551852 0.234375 0.287037
20 0.852604 0.712037 0.246094 0.023333
48 0.852604 0.378704 0.038333 0.068148
