393 0.193750 1.000000 0.149621 0.310807
35 0.259375 0.982716 0.140084 0.302077
547 0.332656 0.955556 0.129526 0.291092
358 0.412500 0.930247 0.117934 0.277839
334 0.500000 0.925926 0.105469 0.262500
245 0.587500 0.930247 0.117877 0.277768
266 0.667344 0.955556 0.129470 0.291021
94 0.740625 0.982716 0.140029 0.302007
317 0.806250 1.000000 0.149567 0.310740
97 0.033333 0.094444 0.037500 0.066667
76 0.070833 0.094444 0.037500 0.066667
98 0.108333 0.094444 0.037500 0.066667
75 0.145833 0.094444 0.037500 0.066667
261 0.183333 0.094444 0.037500 0.066667
261 0.220833 0.094444 0.037500 0.066667
97 0.258333 0.094444 0.037500 0.066667
122 0.334375 0.027778 0.033333 0.059259
13 0.363542 0.027778 0.033333 0.059259
13 0.392708 0.027778 0.033333 0.059259
13 0.421875 0.027778 0.033333 0.059259
13 0.451042 0.027778 0.033333 0.059259
14 0.247917 0.565741 0.114583 0.268519
15 0.247917 0.716667 0.120312 0.023333
271 0.195833 0.744444 0.025000 0.044444
407 0.220833 0.744444 0.025000 0.044444
236 0.245833 0.744444 0.025000 0.044444
363 0.805729 0.738889 0.025000 0.044444
152 0.830729 0.738889 0.025000 0.044444
376 0.847396 0.564815 0.093750 0.259259
23 0.847396 0.711111 0.098437 0.023333
169 0.847396 0.405556 0.038333 0.068148
