335 0.193750 1.000000 0.149621 0.310807
493 0.259375 0.982716 0.140084 0.302077
252 0.332656 0.955556 0.129526 0.291092
427 0.412500 0.930247 0.117934 0.277839
300 0.500000 0.925926 0.105469 0.262500
578 0.587500 0.930247 0.117877 0.277768
218 0.667344 0.955556 0.129470 0.291021
643 0.740625 0.982716 0.140029 0.302007
465 0.806250 1.000000 0.149567 0.310740
29 0.033333 0.094444 0.037500 0.066667
36 0.070833 0.094444 0.037500 0.066667
5 0.108333 0.094444 0.037500 0.066667
6 0.145833 0.094444 0.037500 0.066667
4 0.183333 0.094444 0.037500 0.066667
29 0.220833 0.094444 0.037500 0.066667
108 0.258333 0.094444 0.037500 0.066667
107 0.295833 0.094444 0.037500 0.066667
29 0.333333 0.094444 0.037500 0.066667
199 0.370833 0.094444 0.037500 0.066667
184 0.408333 0.094444 0.037500 0.066667
32 0.445833 0.094444 0.037500 0.066667
163 0.483333 0.094444 0.037500 0.066667
93 0.520833 0.094444 0.037500 0.066667
65 0.558333 0.094444 0.037500 0.066667
36 0.595833 0.094444 0.037500 0.066667
91 0.633333 0.094444 0.037500 0.066667
9 0.334375 0.027778 0.033333 0.059259
238 0.363542 0.027778 0.033333 0.059259
113 0.392708 0.027778 0.033333 0.059259
186 0.421875 0.027778 0.033333 0.059259
13 0.451042 0.027778 0.033333 0.059259
14 0.247917 0.565741 0.114583 0.268519
15 0.247917 0.716667 0.120312 0.023333
276 0.195833 0.744444 0.025000 0.044444
454 0.220833 0.744444 0.025000 0.044444
296 0.245833 0.744444 0.025000 0.044444
103 0.610937 0.729630 0.025000 0.044444
357 0.635938 0.729630 0.025000 0.044444
226 0.660937 0.729630 0.025000 0.044444
405 0.650000 0.578704 0.088542 0.212963
20 0.650000 0.701852 0.092969 0.023333
48 0.650000 0.442593 0.038333 0.068148
119 0.811979 0.724074 0.025000 0.044444
315 0.845833 0.610185 0.078125 0.138889
20 0.845833 0.696296 0.082031 0.023333
48 0.845833 0.511111 0.038333 0.068148
