302 0.193750 1.000000 0.149621 0.310807
420 0.259375 0.982716 0.140084 0.302077
497 0.332656 0.955556 0.129526 0.291092
380 0.412500 0.930247 0.117934 0.277839
212 0.500000 0.925926 0.105469 0.262500
587 0.587500 0.930247 0.117877 0.277768
229 0.667344 0.955556 0.129470 0.291021
562 0.740625 0.982716 0.140029 0.302007
142 0.806250 1.000000 0.149567 0.310740
34 0.033333 0.094444 0.037500 0.066667
66 0.070833 0.094444 0.037500 0.066667
4 0.108333 0.094444 0.037500 0.066667
109 0.145833 0.094444 0.037500 0.066667
6 0.183333 0.094444 0.037500 0.066667
91 0.220833 0.094444 0.037500 0.066667
186 0.334375 0.027778 0.033333 0.059259
40 0.363542 0.027778 0.033333 0.059259
200 0.392708 0.027778 0.033333 0.059259
214 0.421875 0.027778 0.033333 0.059259
303 0.451042 0.027778 0.033333 0.059259
14 0.247917 0.565741 0.114583 0.268519
15 0.247917 0.716667 0.120312 0.023333
187 0.195833 0.744444 0.025000 0.044444
54 0.551042 0.731481 0.025000 0.044444
226 0.576042 0.731481 0.025000 0.044444
259 0.601042 0.731481 0.025000 0.044444
19 0.650000 0.525000 0.208333 0.324074
20 0.650000 0.703704 0.218750 0.023333
21 0.650000 0.333333 0.038333 0.068148
50 0.753646 0.725926 0.025000 0.044444
347 0.778646 0.725926 0.025000 0.044444
314 0.803646 0.725926 0.025000 0.044444
243 0.850000 0.500926 0.203125 0.361111
20 0.850000 0.698148 0.213281 0.023333
170 0.850000 0.290741 0.038333 0.068148
