576 0.182812 1.000000 0.145411 0.296825
578 0.237500 0.976852 0.136936 0.289694
429 0.303125 0.951852 0.127414 0.280350
432 0.379687 0.928704 0.116968 0.268919
626 0.456250 0.921296 0.105583 0.255387
540 0.543750 0.921296 0.105530 0.255319
395 0.620313 0.928704 0.116914 0.268851
511 0.696875 0.951852 0.127362 0.280284
162 0.762500 0.976852 0.136885 0.289630
513 0.817187 1.000000 0.145376 0.296799
30 0.033333 0.094444 0.037500 0.066667
110 0.070833 0.094444 0.037500 0.066667
36 0.108333 0.094444 0.037500 0.066667
6 0.145833 0.094444 0.037500 0.066667
36 0.183333 0.094444 0.037500 0.066667
132 0.220833 0.094444 0.037500 0.066667
129 0.258333 0.094444 0.037500 0.066667
4 0.295833 0.094444 0.037500 0.066667
32 0.333333 0.094444 0.037500 0.066667
7 0.370833 0.094444 0.037500 0.066667
129 0.408333 0.094444 0.037500 0.066667
30 0.445833 0.094444 0.037500 0.066667
29 0.483333 0.094444 0.037500 0.066667
9 0.334375 0.027778 0.033333 0.059259
272 0.363542 0.027778 0.033333 0.059259
290 0.392708 0.027778 0.033333 0.059259
9 0.421875 0.027778 0.033333 0.059259
381 0.451042 0.027778 0.033333 0.059259
14 0.247917 0.565741 0.114583 0.268519
15 0.247917 0.716667 0.120312 0.023333
116 0.195833 0.744444 0.025000 0.044444
347 0.748438 0.729630 0.025000 0.044444
278 0.860417 0.476852 0.234375 0.416667
20 0.860417 0.701852 0.246094 0.023333
170 0.860417 0.238889 0.038333 0.068148
44 0.556250 0.743519 0.025000 0.044444
227 0.581250 0.743519 0.025000 0.044444
297 0.670833 0.583333 0.239583 0.231481
20 0.670833 0.715741 0.251562 0.023333
48 0.670833 0.437963 0.038333 0.068148
