631 0.182812 1.000000 0.145411 0.296825
309 0.237500 0.976852 0.136936 0.289694
544 0.303125 0.951852 0.127414 0.280350
526 0.379687 0.928704 0.116968 0.268919
494 0.456250 0.921296 0.105583 0.255387
599 0.543750 0.921296 0.105530 0.255319
587 0.620313 0.928704 0.116914 0.268851
624 0.696875 0.951852 0.127362 0.280284
655 0.762500 0.976852 0.136885 0.289630
617 0.817187 1.000000 0.145376 0.296799
173 0.033333 0.094444 0.037500 0.066667
109 0.070833 0.094444 0.037500 0.066667
34 0.108333 0.094444 0.037500 0.066667
109 0.145833 0.094444 0.037500 0.066667
66 0.183333 0.094444 0.037500 0.066667
131 0.220833 0.094444 0.037500 0.066667
34 0.258333 0.094444 0.037500 0.066667
199 0.295833 0.094444 0.037500 0.066667
7 0.333333 0.094444 0.037500 0.066667
199 0.370833 0.094444 0.037500 0.066667
35 0.408333 0.094444 0.037500 0.066667
130 0.445833 0.094444 0.037500 0.066667
129 0.483333 0.094444 0.037500 0.066667
29 0.520833 0.094444 0.037500 0.066667
184 0.558333 0.094444 0.037500 0.066667
199 0.595833 0.094444 0.037500 0.066667
36 0.633333 0.094444 0.037500 0.066667
163 0.670833 0.094444 0.037500 0.066667
132 0.708333 0.094444 0.037500 0.066667
5 0.745833 0.094444 0.037500 0.066667
185 0.334375 0.027778 0.033333 0.059259
303 0.363542 0.027778 0.033333 0.059259
10 0.392708 0.027778 0.033333 0.059259
185 0.421875 0.027778 0.033333 0.059259
13 0.451042 0.027778 0.033333 0.059259
14 0.247917 0.565741 0.114583 0.268519
15 0.247917 0.716667 0.120312 0.023333
43 0.195833 0.744444 0.025000 0.044444
269 0.220833 0.744444 0.025000 0.044444
481 0.245833 0.744444 0.025000 0.044444
124 0.748438 0.738889 0.025000 0.044444
220 0.773438 0.738889 0.025000 0.044444
169 0.813542 0.518519 0.140625 0.351852
20 0.813542 0.711111 0.147656 0.023333
48 0.797917 0.312963 0.038333 0.068148
97 0.558854 0.748148 0.025000 0.044444
146 0.583854 0.748148 0.025000 0.044444
54 0.608854 0.748148 0.025000 0.044444
326 0.633854 0.748148 0.025000 0.044444
470 0.634375 0.562500 0.161458 0.282407
20 0.634375 0.720370 0.169531 0.023333
48 0.634375 0.391667 0.038333 0.068148
378 0.423958 0.733333 0.025000 0.044444
154 0.450000 0.614815 0.062500 0.148148
20 0.450000 0.705556 0.065625 0.023333
48 0.450000 0.511111 0.038333 0.068148
