87 0.401563 0.953704 0.131037 0.308710
567 0.500000 0.925926 0.117188 0.291667
629 0.598437 0.953704 0.130975 0.308631
94 0.033333 0.094444 0.037500 0.066667
132 0.070833 0.094444 0.037500 0.066667
65 0.108333 0.094444 0.037500 0.066667
132 0.145833 0.094444 0.037500 0.066667
199 0.183333 0.094444 0.037500 0.066667
131 0.220833 0.094444 0.037500 0.066667
36 0.258333 0.094444 0.037500 0.066667
65 0.295833 0.094444 0.037500 0.066667
107 0.333333 0.094444 0.037500 0.066667
7 0.370833 0.094444 0.037500 0.066667
6 0.408333 0.094444 0.037500 0.066667
92 0.445833 0.094444 0.037500 0.066667
92 0.483333 0.094444 0.037500 0.066667
64 0.520833 0.094444 0.037500 0.066667
31 0.558333 0.094444 0.037500 0.066667
163 0.595833 0.094444 0.037500 0.066667
129 0.633333 0.094444 0.037500 0.066667
109 0.670833 0.094444 0.037500 0.066667
40 0.334375 0.027778 0.033333 0.059259
112 0.363542 0.027778 0.033333 0.059259
174 0.392708 0.027778 0.033333 0.059259
13 0.421875 0.027778 0.033333 0.059259
13 0.451042 0.027778 0.033333 0.059259
14 0.247917 0.565741 0.114583 0.268519
15 0.247917 0.716667 0.120312 0.023333
117 0.195833 0.744444 0.025000 0.044444
44 0.220833 0.744444 0.025000 0.044444
259 0.245833 0.744444 0.025000 0.044444
268 0.270833 0.744444 0.025000 0.044444
277 0.610937 0.698223 0.025000 0.044444
401 0.635938 0.698223 0.025000 0.044444
448 0.650000 0.593594 0.088542 0.120370
20 0.650000 0.670445 0.092969 0.023333
170 0.650000 0.503779 0.038333 0.068148
168 0.348437 0.738889 0.025000 0.044444
169 0.413542 0.518519 0.140625 0.351852
20 0.413542 0.711111 0.147656 0.023333
48 0.397917 0.312963 0.038333 0.068148
306 0.725000 0.752778 0.025000 0.044444
164 0.750000 0.752778 0.025000 0.044444
115 0.775000 0.752778 0.025000 0.044444
50 0.800000 0.752778 0.025000 0.044444
397 0.844792 0.509259 0.250000 0.398148
20 0.844792 0.725000 0.262500 0.023333
48 0.844792 0.280556 0.038333 0.068148
