404 0.226563 1.000000 0.153046 0.323776
499 0.300938 0.968750 0.142404 0.313332
517 0.379687 0.943287 0.130728 0.300556
647 0.458438 0.925926 0.118005 0.285433
0 0.541562 0.925926 0.117945 0.285357
646 0.620313 0.943287 0.130669 0.300481
575 0.693594 0.968750 0.142346 0.313258
311 0.773438 1.000000 0.152989 0.323704
129 0.033333 0.094444 0.037500 0.066667
377 0.334375 0.027778 0.033333 0.059259
185 0.363542 0.027778 0.033333 0.059259
186 0.392708 0.027778 0.033333 0.059259
133 0.421875 0.027778 0.033333 0.059259
174 0.451042 0.027778 0.033333 0.059259
14 0.247917 0.565741 0.114583 0.268519
15 0.247917 0.716667 0.120312 0.023333
268 0.195833 0.744444 0.025000 0.044444
168 0.220833 0.744444 0.025000 0.044444
56 0.245833 0.744444 0.025000 0.044444
275 0.610937 0.729630 0.025000 0.044444
369 0.635938 0.729630 0.025000 0.044444
516 0.650000 0.578704 0.088542 0.212963
20 0.650000 0.701852 0.092969 0.023333
170 0.650000 0.442593 0.038333 0.068148
201 0.748438 0.729630 0.025000 0.044444
97 0.773438 0.729630 0.025000 0.044444
293 0.798437 0.729630 0.025000 0.044444
278 0.860417 0.476852 0.234375 0.416667
20 0.860417 0.701852 0.246094 0.023333
170 0.860417 0.238889 0.038333 0.068148
