456 0.500000 0.925926 0.117188 0.291667
184 0.033333 0.094444 0.037500 0.066667
254 0.334375 0.027778 0.033333 0.059259
40 0.363542 0.027778 0.033333 0.059259
200 0.392708 0.027778 0.033333 0.059259
13 0.421875 0.027778 0.033333 0.059259
13 0.451042 0.027778 0.033333 0.059259
14 0.247917 0.565741 0.114583 0.268519
15 0.247917 0.716667 0.120312 0.023333
79 0.195833 0.744444 0.025000 0.044444
226 0.753646 0.729630 0.025000 0.044444
383 0.850000 0.504630 0.203125 0.361111
20 0.850000 0.701852 0.213281 0.023333
216 0.850000 0.294444 0.038333 0.068148
435 0.556250 0.734259 0.025000 0.044444
125 0.650000 0.555556 0.197917 0.268519
20 0.650000 0.706481 0.207812 0.023333
170 0.650000 0.391667 0.038333 0.068148
