493 0.237500 1.000000 0.155649 0.335641
22 0.314063 0.968783 0.143917 0.323435
576 0.401563 0.945767 0.131037 0.308710
388 0.500000 0.931481 0.117188 0.291667
487 0.598437 0.945767 0.130975 0.308631
634 0.685938 0.968783 0.143855 0.323357
430 0.762500 1.000000 0.155588 0.335564
28 0.033333 0.094444 0.037500 0.066667
130 0.070833 0.094444 0.037500 0.066667
31 0.108333 0.094444 0.037500 0.066667
130 0.145833 0.094444 0.037500 0.066667
35 0.183333 0.094444 0.037500 0.066667
35 0.220833 0.094444 0.037500 0.066667
4 0.258333 0.094444 0.037500 0.066667
91 0.295833 0.094444 0.037500 0.066667
28 0.333333 0.094444 0.037500 0.066667
64 0.370833 0.094444 0.037500 0.066667
163 0.408333 0.094444 0.037500 0.066667
37 0.445833 0.094444 0.037500 0.066667
132 0.483333 0.094444 0.037500 0.066667
199 0.520833 0.094444 0.037500 0.066667
132 0.558333 0.094444 0.037500 0.066667
29 0.595833 0.094444 0.037500 0.066667
109 0.633333 0.094444 0.037500 0.066667
33 0.670833 0.094444 0.037500 0.066667
290 0.334375 0.027778 0.033333 0.059259
145 0.363542 0.027778 0.033333 0.059259
13 0.392708 0.027778 0.033333 0.059259
13 0.421875 0.027778 0.033333 0.059259
13 0.451042 0.027778 0.033333 0.059259
14 0.247917 0.565741 0.114583 0.268519
15 0.247917 0.716667 0.120312 0.023333
328 0.195833 0.744444 0.025000 0.044444
16 0.220833 0.744444 0.025000 0.044444
357 0.245833 0.744444 0.025000 0.044444
347 0.626562 0.740741 0.025000 0.044444
178 0.651563 0.740741 0.025000 0.044444
228 0.676562 0.740741 0.025000 0.044444
267 0.650000 0.594444 0.057292 0.203704
20 0.650000 0.712963 0.060156 0.023333
170 0.650000 0.462963 0.038333 0.068148
43 0.756250 0.734259 0.025000 0.044444
125 0.850000 0.555556 0.197917 0.268519
20 0.850000 0.706481 0.207812 0.023333
48 0.850000 0.391667 0.038333 0.068148
