197 0.351250 0.960648 0.137609 0.316375
362 0.449688 0.935185 0.124215 0.300456
263 0.550312 0.935185 0.124152 0.300376
628 0.648750 0.960648 0.137546 0.316296
130 0.033333 0.094444 0.037500 0.066667
7 0.070833 0.094444 0.037500 0.066667
28 0.108333 0.094444 0.037500 0.066667
35 0.145833 0.094444 0.037500 0.066667
32 0.183333 0.094444 0.037500 0.066667
4 0.220833 0.094444 0.037500 0.066667
8 0.258333 0.094444 0.037500 0.066667
92 0.295833 0.094444 0.037500 0.066667
131 0.333333 0.094444 0.037500 0.066667
7 0.370833 0.094444 0.037500 0.066667
199 0.408333 0.094444 0.037500 0.066667
130 0.445833 0.094444 0.037500 0.066667
5 0.483333 0.094444 0.037500 0.066667
92 0.520833 0.094444 0.037500 0.066667
131 0.558333 0.094444 0.037500 0.066667
64 0.595833 0.094444 0.037500 0.066667
145 0.334375 0.027778 0.033333 0.059259
9 0.363542 0.027778 0.033333 0.059259
113 0.392708 0.027778 0.033333 0.059259
377 0.421875 0.027778 0.033333 0.059259
13 0.451042 0.027778 0.033333 0.059259
14 0.247917 0.565741 0.114583 0.268519
15 0.247917 0.716667 0.120312 0.023333
239 0.195833 0.744444 0.025000 0.044444
146 0.220833 0.744444 0.025000 0.044444
454 0.245833 0.744444 0.025000 0.044444
275 0.621354 0.724074 0.025000 0.044444
137 0.646354 0.724074 0.025000 0.044444
135 0.671354 0.724074 0.025000 0.044444
292 0.696354 0.724074 0.025000 0.044444
260 0.650000 0.633333 0.067708 0.092593
20 0.650000 0.696296 0.071094 0.023333
48 0.650000 0.557407 0.038333 0.068148
201 0.740625 0.739815 0.025000 0.044444
189 0.765625 0.739815 0.025000 0.044444
446 0.852604 0.551852 0.234375 0.287037
20 0.852604 0.712037 0.246094 0.023333
48 0.852604 0.378704 0.038333 0.068148
