159 0.448594 0.925926 0.124215 0.300456
373 0.557969 0.925926 0.124152 0.300376
107 0.033333 0.094444 0.037500 0.066667
37 0.070833 0.094444 0.037500 0.066667
31 0.108333 0.094444 0.037500 0.066667
173 0.145833 0.094444 0.037500 0.066667
67 0.183333 0.094444 0.037500 0.066667
214 0.334375 0.027778 0.033333 0.059259
39 0.363542 0.027778 0.033333 0.059259
13 0.392708 0.027778 0.033333 0.059259
13 0.421875 0.027778 0.033333 0.059259
13 0.451042 0.027778 0.033333 0.059259
14 0.247917 0.565741 0.114583 0.268519
15 0.247917 0.716667 0.120312 0.023333
226 0.195833 0.744444 0.025000 0.044444
265 0.220833 0.744444 0.025000 0.044444
416 0.245833 0.744444 0.025000 0.044444
101 0.270833 0.744444 0.025000 0.044444
134 0.758854 0.748148 0.025000 0.044444
258 0.783854 0.748148 0.025000 0.044444
228 0.808854 0.748148 0.025000 0.044444
470 0.834375 0.562500 0.161458 0.282407
20 0.834375 0.720370 0.169531 0.023333
48 0.834375 0.391667 0.038333 0.068148
70 0.642187 0.728704 0.025000 0.044444
396 0.670833 0.600926 0.067708 0.166667
20 0.670833 0.700926 0.071094 0.023333
158 0.670833 0.487963 0.038333 0.068148
104 0.353646 0.729630 0.025000 0.044444
326 0.378646 0.729630 0.025000 0.044444
101 0.403646 0.729630 0.025000 0.044444
383 0.450000 0.504630 0.203125 0.361111
20 0.450000 0.701852 0.213281 0.023333
216 0.450000 0.294444 0.038333 0.068148
