344 0.351250 0.960648 0.137609 0.316375
349 0.449688 0.935185 0.124215 0.300456
628 0.550312 0.935185 0.124152 0.300376
562 0.648750 0.960648 0.137546 0.316296
94 0.033333 0.094444 0.037500 0.066667
163 0.070833 0.094444 0.037500 0.066667
31 0.108333 0.094444 0.037500 0.066667
31 0.145833 0.094444 0.037500 0.066667
108 0.183333 0.094444 0.037500 0.066667
93 0.220833 0.094444 0.037500 0.066667
4 0.258333 0.094444 0.037500 0.066667
92 0.295833 0.094444 0.037500 0.066667
173 0.333333 0.094444 0.037500 0.066667
130 0.370833 0.094444 0.037500 0.066667
38 0.408333 0.094444 0.037500 0.066667
238 0.334375 0.027778 0.033333 0.059259
186 0.363542 0.027778 0.033333 0.059259
13 0.392708 0.027778 0.033333 0.059259
13 0.421875 0.027778 0.033333 0.059259
13 0.451042 0.027778 0.033333 0.059259
14 0.247917 0.565741 0.114583 0.268519
15 0.247917 0.716667 0.120312 0.023333
104 0.195833 0.744444 0.025000 0.044444
78 0.803125 0.741667 0.025000 0.044444
327 0.828125 0.741667 0.025000 0.044444
217 0.844792 0.565278 0.093750 0.263889
20 0.844792 0.713889 0.098437 0.023333
158 0.844792 0.403704 0.038333 0.068148
