308 0.351250 0.960648 0.137609 0.316375
655 0.449688 0.935185 0.124215 0.300456
456 0.550312 0.935185 0.124152 0.300376
191 0.648750 0.960648 0.137546 0.316296
131 0.033333 0.094444 0.037500 0.066667
8 0.070833 0.094444 0.037500 0.066667
6 0.108333 0.094444 0.037500 0.066667
6 0.145833 0.094444 0.037500 0.066667
7 0.183333 0.094444 0.037500 0.066667
163 0.220833 0.094444 0.037500 0.066667
131 0.258333 0.094444 0.037500 0.066667
36 0.295833 0.094444 0.037500 0.066667
36 0.333333 0.094444 0.037500 0.066667
5 0.370833 0.094444 0.037500 0.066667
37 0.408333 0.094444 0.037500 0.066667
36 0.445833 0.094444 0.037500 0.066667
255 0.334375 0.027778 0.033333 0.059259
254 0.363542 0.027778 0.033333 0.059259
174 0.392708 0.027778 0.033333 0.059259
96 0.421875 0.027778 0.033333 0.059259
13 0.451042 0.027778 0.033333 0.059259
14 0.247917 0.565741 0.114583 0.268519
15 0.247917 0.716667 0.120312 0.023333
416 0.195833 0.744444 0.025000 0.044444
176 0.540625 0.734259 0.025000 0.044444
529 0.650000 0.527778 0.229167 0.324074
20 0.650000 0.706481 0.240625 0.023333
72 0.650000 0.336111 0.038333 0.068148
42 0.726042 0.729630 0.025000 0.044444
282 0.844792 0.495370 0.247917 0.379630
20 0.844792 0.701852 0.260312 0.023333
48 0.844792 0.275926 0.038333 0.068148
