264 0.448594 0.925926 0.124215 0.300456
265 0.557969 0.925926 0.124152 0.300376
42 0.033333 0.094444 0.037500 0.066667
76 0.070833 0.094444 0.037500 0.066667
253 0.334375 0.027778 0.033333 0.059259
83 0.363542 0.027778 0.033333 0.059259
261 0.392708 0.027778 0.033333 0.059259
24 0.421875 0.027778 0.033333 0.059259
24 0.451042 0.027778 0.033333 0.059259
25 0.247917 0.565741 0.114583 0.268519
26 0.247917 0.716667 0.120312 0.023333
189 0.195833 0.744444 0.025000 0.044444
199 0.220833 0.744444 0.025000 0.044444
149 0.245833 0.744444 0.025000 0.044444
266 0.270833 0.744444 0.025000 0.044444
30 0.587500 0.716667 0.025000 0.044444
186 0.612500 0.716667 0.025000 0.044444
110 0.637500 0.716667 0.025000 0.044444
267 0.650000 0.593518 0.135417 0.157407
32 0.650000 0.688889 0.142188 0.023333
33 0.650000 0.485185 0.038333 0.068148
268 0.397917 0.737037 0.025000 0.044444
34 0.422917 0.737037 0.025000 0.044444
235 0.447917 0.737037 0.025000 0.044444
269 0.444792 0.562963 0.104167 0.259259
32 0.444792 0.709259 0.109375 0.023333
38 0.444792 0.403704 0.038333 0.068148
270 0.811979 0.724074 0.025000 0.044444
271 0.836979 0.724074 0.025000 0.044444
153 0.861979 0.724074 0.025000 0.044444
169 0.845833 0.610185 0.078125 0.138889
32 0.845833 0.696296 0.082031 0.023333
33 0.845833 0.511111 0.038333 0.068148
