644 0.448594 0.925926 0.124215 0.300456
213 0.557969 0.925926 0.124152 0.300376
109 0.033333 0.094444 0.037500 0.066667
107 0.070833 0.094444 0.037500 0.066667
110 0.108333 0.094444 0.037500 0.066667
6 0.145833 0.094444 0.037500 0.066667
163 0.183333 0.094444 0.037500 0.066667
34 0.220833 0.094444 0.037500 0.066667
35 0.258333 0.094444 0.037500 0.066667
33 0.295833 0.094444 0.037500 0.066667
36 0.333333 0.094444 0.037500 0.066667
38 0.370833 0.094444 0.037500 0.066667
12 0.334375 0.027778 0.033333 0.059259
11 0.363542 0.027778 0.033333 0.059259
143 0.392708 0.027778 0.033333 0.059259
39 0.421875 0.027778 0.033333 0.059259
13 0.451042 0.027778 0.033333 0.059259
14 0.247917 0.565741 0.114583 0.268519
15 0.247917 0.716667 0.120312 0.023333
70 0.195833 0.744444 0.025000 0.044444
337 0.810938 0.720681 0.025000 0.044444
155 0.835938 0.720681 0.025000 0.044444
357 0.860937 0.720681 0.025000 0.044444
608 0.850000 0.616052 0.088542 0.120370
20 0.850000 0.692903 0.092969 0.023333
170 0.850000 0.526237 0.038333 0.068148
137 0.584896 0.641667 0.025000 0.044444
157 0.657812 0.416667 0.156250 0.361111
20 0.657812 0.613889 0.164063 0.023333
158 0.657812 0.206481 0.038333 0.068148
