400 0.351250 0.960648 0.137609 0.316375
475 0.449688 0.935185 0.124215 0.300456
565 0.550312 0.935185 0.124152 0.300376
625 0.648750 0.960648 0.137546 0.316296
110 0.033333 0.094444 0.037500 0.066667
35 0.070833 0.094444 0.037500 0.066667
110 0.108333 0.094444 0.037500 0.066667
36 0.145833 0.094444 0.037500 0.066667
131 0.183333 0.094444 0.037500 0.066667
64 0.220833 0.094444 0.037500 0.066667
65 0.258333 0.094444 0.037500 0.066667
4 0.295833 0.094444 0.037500 0.066667
130 0.333333 0.094444 0.037500 0.066667
163 0.370833 0.094444 0.037500 0.066667
94 0.408333 0.094444 0.037500 0.066667
7 0.445833 0.094444 0.037500 0.066667
67 0.483333 0.094444 0.037500 0.066667
36 0.520833 0.094444 0.037500 0.066667
65 0.558333 0.094444 0.037500 0.066667
28 0.595833 0.094444 0.037500 0.066667
130 0.633333 0.094444 0.037500 0.066667
184 0.670833 0.094444 0.037500 0.066667
173 0.708333 0.094444 0.037500 0.066667
111 0.334375 0.027778 0.033333 0.059259
272 0.363542 0.027778 0.033333 0.059259
96 0.392708 0.027778 0.033333 0.059259
13 0.421875 0.027778 0.033333 0.059259
13 0.451042 0.027778 0.033333 0.059259
14 0.247917 0.565741 0.114583 0.268519
15 0.247917 0.716667 0.120312 0.023333
435 0.195833 0.744444 0.025000 0.044444
123 0.220833 0.744444 0.025000 0.044444
50 0.743229 0.748148 0.025000 0.044444
358 0.850000 0.537037 0.223958 0.333333
20 0.850000 0.720370 0.235156 0.023333
21 0.850000 0.340741 0.038333 0.068148
49 0.556250 0.743519 0.025000 0.044444
51 0.581250 0.743519 0.025000 0.044444
297 0.670833 0.583333 0.239583 0.231481
20 0.670833 0.715741 0.251562 0.023333
48 0.670833 0.437963 0.038333 0.068148
