251 0.270312 0.986111 0.149899 0.329824
180 0.357812 0.949074 0.137609 0.316375
211 0.452969 0.925926 0.124215 0.300456
558 0.547031 0.925926 0.124152 0.300376
537 0.642187 0.949074 0.137546 0.316296
508 0.729688 0.986111 0.149838 0.329746
67 0.033333 0.094444 0.037500 0.066667
8 0.070833 0.094444 0.037500 0.066667
133 0.334375 0.027778 0.033333 0.059259
255 0.363542 0.027778 0.033333 0.059259
200 0.392708 0.027778 0.033333 0.059259
174 0.421875 0.027778 0.033333 0.059259
13 0.451042 0.027778 0.033333 0.059259
14 0.247917 0.565741 0.114583 0.268519
15 0.247917 0.716667 0.120312 0.023333
435 0.195833 0.744444 0.025000 0.044444
73 0.220833 0.744444 0.025000 0.044444
275 0.777083 0.729630 0.025000 0.044444
189 0.802083 0.729630 0.025000 0.044444
152 0.827083 0.729630 0.025000 0.044444
464 0.850000 0.601852 0.156250 0.166667
20 0.850000 0.701852 0.164063 0.023333
170 0.850000 0.488889 0.038333 0.068148
204 0.326042 0.729630 0.025000 0.044444
69 0.351042 0.729630 0.025000 0.044444
134 0.376042 0.729630 0.025000 0.044444
80 0.401042 0.729630 0.025000 0.044444
282 0.444792 0.495370 0.247917 0.379630
20 0.444792 0.701852 0.260312 0.023333
170 0.444792 0.275926 0.038333 0.068148
146 0.546875 0.729630 0.025000 0.044444
265 0.571875 0.729630 0.025000 0.044444
135 0.596875 0.729630 0.025000 0.044444
121 0.665625 0.495370 0.247917 0.379630
20 0.665625 0.701852 0.260312 0.023333
216 0.665625 0.275926 0.038333 0.068148
