564 0.314063 0.986111 0.143917 0.323435
643 0.401563 0.953704 0.131037 0.308710
462 0.500000 0.935185 0.117188 0.291667
342 0.598437 0.953704 0.130975 0.308631
343 0.685938 0.986111 0.143855 0.323357
28 0.033333 0.094444 0.037500 0.066667
290 0.334375 0.027778 0.033333 0.059259
336 0.363542 0.027778 0.033333 0.059259
272 0.392708 0.027778 0.033333 0.059259
111 0.421875 0.027778 0.033333 0.059259
255 0.451042 0.027778 0.033333 0.059259
14 0.247917 0.565741 0.114583 0.268519
15 0.247917 0.716667 0.120312 0.023333
294 0.195833 0.744444 0.025000 0.044444
207 0.220833 0.744444 0.025000 0.044444
100 0.340625 0.734259 0.025000 0.044444
347 0.365625 0.734259 0.025000 0.044444
529 0.450000 0.527778 0.229167 0.324074
20 0.450000 0.706481 0.240625 0.023333
72 0.450000 0.336111 0.038333 0.068148
155 0.611979 0.724074 0.025000 0.044444
315 0.645833 0.610185 0.078125 0.138889
20 0.645833 0.696296 0.082031 0.023333
48 0.645833 0.511111 0.038333 0.068148
51 0.756250 0.734259 0.025000 0.044444
148 0.781250 0.734259 0.025000 0.044444
42 0.806250 0.734259 0.025000 0.044444
305 0.831250 0.734259 0.025000 0.044444
190 0.850000 0.555556 0.197917 0.268519
20 0.850000 0.706481 0.207812 0.023333
72 0.850000 0.391667 0.038333 0.068148
