494 0.193750 1.000000 0.149621 0.310807
289 0.259375 0.982716 0.140084 0.302077
421 0.332656 0.955556 0.129526 0.291092
503 0.412500 0.930247 0.117934 0.277839
412 0.500000 0.925926 0.105469 0.262500
171 0.587500 0.930247 0.117877 0.277768
652 0.667344 0.955556 0.129470 0.291021
411 0.740625 0.982716 0.140029 0.302007
618 0.806250 1.000000 0.149567 0.310740
132 0.033333 0.094444 0.037500 0.066667
28 0.070833 0.094444 0.037500 0.066667
92 0.108333 0.094444 0.037500 0.066667
8 0.145833 0.094444 0.037500 0.066667
37 0.183333 0.094444 0.037500 0.066667
64 0.220833 0.094444 0.037500 0.066667
144 0.334375 0.027778 0.033333 0.059259
145 0.363542 0.027778 0.033333 0.059259
324 0.392708 0.027778 0.033333 0.059259
272 0.421875 0.027778 0.033333 0.059259
113 0.451042 0.027778 0.033333 0.059259
14 0.247917 0.565741 0.114583 0.268519
15 0.247917 0.716667 0.120312 0.023333
378 0.195833 0.744444 0.025000 0.044444
220 0.220833 0.744444 0.025000 0.044444
205 0.245833 0.744444 0.025000 0.044444
98 0.764063 0.751852 0.025000 0.044444
590 0.850000 0.540741 0.182292 0.333333
20 0.850000 0.724074 0.191406 0.023333
21 0.850000 0.344444 0.038333 0.068148
