632 0.270312 0.986111 0.149899 0.329824
128 0.357812 0.949074 0.137609 0.316375
59 0.452969 0.925926 0.124215 0.300456
619 0.547031 0.925926 0.124152 0.300376
418 0.642187 0.949074 0.137546 0.316296
224 0.729688 0.986111 0.149838 0.329746
34 0.033333 0.094444 0.037500 0.066667
131 0.070833 0.094444 0.037500 0.066667
32 0.108333 0.094444 0.037500 0.066667
130 0.145833 0.094444 0.037500 0.066667
129 0.183333 0.094444 0.037500 0.066667
107 0.220833 0.094444 0.037500 0.066667
91 0.258333 0.094444 0.037500 0.066667
29 0.295833 0.094444 0.037500 0.066667
33 0.333333 0.094444 0.037500 0.066667
7 0.370833 0.094444 0.037500 0.066667
4 0.408333 0.094444 0.037500 0.066667
144 0.334375 0.027778 0.033333 0.059259
377 0.363542 0.027778 0.033333 0.059259
377 0.392708 0.027778 0.033333 0.059259
95 0.421875 0.027778 0.033333 0.059259
9 0.451042 0.027778 0.033333 0.059259
14 0.247917 0.565741 0.114583 0.268519
15 0.247917 0.716667 0.120312 0.023333
135 0.195833 0.744444 0.025000 0.044444
50 0.220833 0.744444 0.025000 0.044444
116 0.584896 0.641667 0.025000 0.044444
202 0.609896 0.641667 0.025000 0.044444
242 0.634896 0.641667 0.025000 0.044444
356 0.659896 0.641667 0.025000 0.044444
157 0.657812 0.416667 0.156250 0.361111
20 0.657812 0.613889 0.164063 0.023333
158 0.657812 0.206481 0.038333 0.068148
435 0.735417 0.729630 0.025000 0.044444
49 0.760417 0.729630 0.025000 0.044444
208 0.850000 0.546296 0.239583 0.277778
20 0.850000 0.701852 0.251562 0.023333
48 0.850000 0.377778 0.038333 0.068148
