471 0.193750 1.000000 0.149621 0.310807
223 0.259375 0.982716 0.140084 0.302077
440 0.332656 0.955556 0.129526 0.291092
458 0.412500 0.930247 0.117934 0.277839
160 0.500000 0.925926 0.105469 0.262500
395 0.587500 0.930247 0.117877 0.277768
475 0.667344 0.955556 0.129470 0.291021
609 0.740625 0.982716 0.140029 0.302007
413 0.806250 1.000000 0.149567 0.310740
38 0.033333 0.094444 0.037500 0.066667
32 0.070833 0.094444 0.037500 0.066667
33 0.108333 0.094444 0.037500 0.066667
64 0.145833 0.094444 0.037500 0.066667
28 0.183333 0.094444 0.037500 0.066667
65 0.220833 0.094444 0.037500 0.066667
33 0.258333 0.094444 0.037500 0.066667
30 0.295833 0.094444 0.037500 0.066667
91 0.333333 0.094444 0.037500 0.066667
93 0.370833 0.094444 0.037500 0.066667
304 0.334375 0.027778 0.033333 0.059259
304 0.363542 0.027778 0.033333 0.059259
13 0.392708 0.027778 0.033333 0.059259
13 0.421875 0.027778 0.033333 0.059259
13 0.451042 0.027778 0.033333 0.059259
14 0.247917 0.565741 0.114583 0.268519
15 0.247917 0.716667 0.120312 0.023333
104 0.195833 0.744444 0.025000 0.044444
147 0.220833 0.744444 0.025000 0.044444
123 0.245833 0.744444 0.025000 0.044444
274 0.270833 0.744444 0.025000 0.044444
390 0.823958 0.706481 0.025000 0.044444
447 0.848958 0.706481 0.025000 0.044444
71 0.850000 0.569444 0.062500 0.185185
20 0.850000 0.678704 0.065625 0.023333
72 0.850000 0.447222 0.038333 0.068148
266 0.358854 0.748148 0.025000 0.044444
470 0.434375 0.562500 0.161458 0.282407
20 0.434375 0.720370 0.169531 0.023333
170 0.434375 0.391667 0.038333 0.068148
78 0.603125 0.733333 0.025000 0.044444
74 0.628125 0.733333 0.025000 0.044444
205 0.653125 0.733333 0.025000 0.044444
319 0.647396 0.605556 0.098958 0.166667
20 0.647396 0.705556 0.103906 0.023333
48 0.647396 0.492593 0.038333 0.068148
