562 0.448594 0.925926 0.124215 0.300456
393 0.557969 0.925926 0.124152 0.300376
4 0.033333 0.094444 0.037500 0.066667
163 0.070833 0.094444 0.037500 0.066667
10 0.334375 0.027778 0.033333 0.059259
96 0.363542 0.027778 0.033333 0.059259
324 0.392708 0.027778 0.033333 0.059259
13 0.421875 0.027778 0.033333 0.059259
13 0.451042 0.027778 0.033333 0.059259
14 0.247917 0.565741 0.114583 0.268519
15 0.247917 0.716667 0.120312 0.023333
69 0.195833 0.744444 0.025000 0.044444
292 0.787500 0.716667 0.025000 0.044444
348 0.850000 0.593518 0.135417 0.157407
20 0.850000 0.688889 0.142188 0.023333
48 0.850000 0.485185 0.038333 0.068148
203 0.558854 0.725000 0.025000 0.044444
414 0.583854 0.725000 0.025000 0.044444
476 0.650000 0.523148 0.192708 0.314815
20 0.650000 0.697222 0.202344 0.023333
48 0.650000 0.336111 0.038333 0.068148
