581 0.401563 0.953704 0.131037 0.308710
519 0.500000 0.925926 0.117188 0.291667
427 0.598437 0.953704 0.130975 0.308631
7 0.033333 0.094444 0.037500 0.066667
12 0.334375 0.027778 0.033333 0.059259
13 0.363542 0.027778 0.033333 0.059259
13 0.392708 0.027778 0.033333 0.059259
13 0.421875 0.027778 0.033333 0.059259
13 0.451042 0.027778 0.033333 0.059259
14 0.247917 0.565741 0.114583 0.268519
15 0.247917 0.716667 0.120312 0.023333
228 0.195833 0.744444 0.025000 0.044444
390 0.220833 0.744444 0.025000 0.044444
51 0.245833 0.744444 0.025000 0.044444
203 0.792708 0.645113 0.025000 0.044444
140 0.850000 0.517335 0.125000 0.166667
20 0.850000 0.617335 0.131250 0.023333
48 0.850000 0.404372 0.038333 0.068148
240 0.411979 0.735185 0.025000 0.044444
549 0.445833 0.621296 0.078125 0.138889
20 0.445833 0.707407 0.082031 0.023333
48 0.445833 0.522222 0.038333 0.068148
454 0.611979 0.740741 0.025000 0.044444
81 0.645833 0.626852 0.078125 0.138889
20 0.645833 0.712963 0.082031 0.023333
48 0.645833 0.527778 0.038333 0.068148
