284 0.351250 0.960648 0.137609 0.316375
461 0.449688 0.935185 0.124215 0.300456
1 0.550312 0.935185 0.124152 0.300376
58 0.648750 0.960648 0.137546 0.316296
65 0.033333 0.094444 0.037500 0.066667
8 0.070833 0.094444 0.037500 0.066667
67 0.108333 0.094444 0.037500 0.066667
199 0.145833 0.094444 0.037500 0.066667
32 0.183333 0.094444 0.037500 0.066667
163 0.220833 0.094444 0.037500 0.066667
37 0.258333 0.094444 0.037500 0.066667
5 0.295833 0.094444 0.037500 0.066667
144 0.334375 0.027778 0.033333 0.059259
185 0.363542 0.027778 0.033333 0.059259
111 0.392708 0.027778 0.033333 0.059259
13 0.421875 0.027778 0.033333 0.059259
13 0.451042 0.027778 0.033333 0.059259
14 0.247917 0.565741 0.114583 0.268519
15 0.247917 0.716667 0.120312 0.023333
241 0.195833 0.744444 0.025000 0.044444
42 0.220833 0.744444 0.025000 0.044444
151 0.245833 0.744444 0.025000 0.044444
273 0.270833 0.744444 0.025000 0.044444
293 0.426562 0.740741 0.025000 0.044444
269 0.451562 0.740741 0.025000 0.044444
296 0.476563 0.740741 0.025000 0.044444
415 0.501562 0.740741 0.025000 0.044444
267 0.450000 0.594444 0.057292 0.203704
20 0.450000 0.712963 0.060156 0.023333
170 0.450000 0.462963 0.038333 0.068148
70 0.610937 0.698223 0.025000 0.044444
51 0.635938 0.698223 0.025000 0.044444
239 0.660937 0.698223 0.025000 0.044444
448 0.650000 0.593594 0.088542 0.120370
20 0.650000 0.670445 0.092969 0.023333
170 0.650000 0.503779 0.038333 0.068148
337 0.784896 0.738889 0.025000 0.044444
177 0.809896 0.738889 0.025000 0.044444
49 0.834896 0.738889 0.025000 0.044444
53 0.850000 0.509259 0.140625 0.370370
20 0.850000 0.711111 0.147656 0.023333
48 0.850000 0.294444 0.038333 0.068148
