573 0.226563 1.000000 0.153046 0.323776
191 0.300938 0.968750 0.142404 0.313332
386 0.379687 0.943287 0.130728 0.300556
576 0.458438 0.925926 0.118005 0.285433
198 0.541562 0.925926 0.117945 0.285357
648 0.620313 0.943287 0.130669 0.300481
420 0.693594 0.968750 0.142346 0.313258
626 0.773438 1.000000 0.152989 0.323704
4 0.033333 0.094444 0.037500 0.066667
30 0.070833 0.094444 0.037500 0.066667
8 0.108333 0.094444 0.037500 0.066667
110 0.145833 0.094444 0.037500 0.066667
109 0.183333 0.094444 0.037500 0.066667
11 0.334375 0.027778 0.033333 0.059259
186 0.363542 0.027778 0.033333 0.059259
13 0.392708 0.027778 0.033333 0.059259
13 0.421875 0.027778 0.033333 0.059259
13 0.451042 0.027778 0.033333 0.059259
14 0.247917 0.565741 0.114583 0.268519
15 0.247917 0.716667 0.120312 0.023333
148 0.195833 0.744444 0.025000 0.044444
205 0.811979 0.735185 0.025000 0.044444
50 0.836979 0.735185 0.025000 0.044444
241 0.861979 0.735185 0.025000 0.044444
549 0.845833 0.621296 0.078125 0.138889
20 0.845833 0.707407 0.082031 0.023333
216 0.845833 0.522222 0.038333 0.068148
