376 0.193750 1.000000 0.149621 0.310807
642 0.259375 0.982716 0.140084 0.302077
219 0.332656 0.955556 0.129526 0.291092
503 0.412500 0.930247 0.117934 0.277839
653 0.500000 0.925926 0.105469 0.262500
289 0.587500 0.930247 0.117877 0.277768
650 0.667344 0.955556 0.129470 0.291021
387 0.740625 0.982716 0.140029 0.302007
525 0.806250 1.000000 0.149567 0.310740
31 0.033333 0.094444 0.037500 0.066667
129 0.070833 0.094444 0.037500 0.066667
108 0.108333 0.094444 0.037500 0.066667
107 0.145833 0.094444 0.037500 0.066667
173 0.183333 0.094444 0.037500 0.066667
38 0.220833 0.094444 0.037500 0.066667
184 0.258333 0.094444 0.037500 0.066667
6 0.295833 0.094444 0.037500 0.066667
37 0.333333 0.094444 0.037500 0.066667
6 0.370833 0.094444 0.037500 0.066667
31 0.408333 0.094444 0.037500 0.066667
131 0.445833 0.094444 0.037500 0.066667
272 0.334375 0.027778 0.033333 0.059259
303 0.363542 0.027778 0.033333 0.059259
13 0.392708 0.027778 0.033333 0.059259
13 0.421875 0.027778 0.033333 0.059259
13 0.451042 0.027778 0.033333 0.059259
14 0.247917 0.565741 0.114583 0.268519
15 0.247917 0.716667 0.120312 0.023333
70 0.195833 0.744444 0.025000 0.044444
114 0.220833 0.744444 0.025000 0.044444
367 0.610937 0.720681 0.025000 0.044444
608 0.650000 0.616052 0.088542 0.120370
20 0.650000 0.692903 0.092969 0.023333
82 0.650000 0.526237 0.038333 0.068148
414 0.753646 0.725926 0.025000 0.044444
147 0.778646 0.725926 0.025000 0.044444
117 0.803646 0.725926 0.025000 0.044444
357 0.828646 0.725926 0.025000 0.044444
243 0.850000 0.500926 0.203125 0.361111
20 0.850000 0.698148 0.213281 0.023333
170 0.850000 0.290741 0.038333 0.068148
