323 0.500000 0.925926 0.117188 0.291667
33 0.033333 0.094444 0.037500 0.066667
30 0.070833 0.094444 0.037500 0.066667
4 0.108333 0.094444 0.037500 0.066667
130 0.145833 0.094444 0.037500 0.066667
32 0.183333 0.094444 0.037500 0.066667
66 0.220833 0.094444 0.037500 0.066667
32 0.258333 0.094444 0.037500 0.066667
64 0.295833 0.094444 0.037500 0.066667
30 0.333333 0.094444 0.037500 0.066667
94 0.370833 0.094444 0.037500 0.066667
67 0.408333 0.094444 0.037500 0.066667
199 0.445833 0.094444 0.037500 0.066667
33 0.483333 0.094444 0.037500 0.066667
93 0.520833 0.094444 0.037500 0.066667
33 0.558333 0.094444 0.037500 0.066667
91 0.595833 0.094444 0.037500 0.066667
32 0.633333 0.094444 0.037500 0.066667
214 0.334375 0.027778 0.033333 0.059259
9 0.363542 0.027778 0.033333 0.059259
255 0.392708 0.027778 0.033333 0.059259
113 0.421875 0.027778 0.033333 0.059259
113 0.451042 0.027778 0.033333 0.059259
14 0.247917 0.565741 0.114583 0.268519
15 0.247917 0.716667 0.120312 0.023333
307 0.195833 0.744444 0.025000 0.044444
44 0.220833 0.744444 0.025000 0.044444
120 0.245833 0.744444 0.025000 0.044444
269 0.270833 0.744444 0.025000 0.044444
151 0.408333 0.711111 0.025000 0.044444
98 0.433333 0.711111 0.025000 0.044444
49 0.458333 0.711111 0.025000 0.044444
153 0.483333 0.711111 0.025000 0.044444
206 0.450000 0.523148 0.093750 0.287037
20 0.450000 0.683333 0.098437 0.023333
82 0.450000 0.350000 0.038333 0.068148
175 0.574479 0.725926 0.025000 0.044444
178 0.599479 0.725926 0.025000 0.044444
152 0.624479 0.725926 0.025000 0.044444
291 0.649479 0.725926 0.025000 0.044444
279 0.660417 0.561111 0.182292 0.240741
20 0.660417 0.698148 0.191406 0.023333
280 0.660417 0.411111 0.038333 0.068148
406 0.771875 0.724074 0.025000 0.044444
441 0.839583 0.563889 0.145833 0.231481
20 0.839583 0.696296 0.153125 0.023333
48 0.839583 0.418519 0.038333 0.068148
