248 0.448594 0.925926 0.124215 0.300456
489 0.557969 0.925926 0.124152 0.300376
184 0.033333 0.094444 0.037500 0.066667
67 0.070833 0.094444 0.037500 0.066667
173 0.108333 0.094444 0.037500 0.066667
34 0.145833 0.094444 0.037500 0.066667
65 0.183333 0.094444 0.037500 0.066667
67 0.220833 0.094444 0.037500 0.066667
6 0.258333 0.094444 0.037500 0.066667
145 0.334375 0.027778 0.033333 0.059259
255 0.363542 0.027778 0.033333 0.059259
144 0.392708 0.027778 0.033333 0.059259
324 0.421875 0.027778 0.033333 0.059259
13 0.451042 0.027778 0.033333 0.059259
14 0.247917 0.565741 0.114583 0.268519
15 0.247917 0.716667 0.120312 0.023333
74 0.195833 0.744444 0.025000 0.044444
401 0.787500 0.729630 0.025000 0.044444
50 0.812500 0.729630 0.025000 0.044444
166 0.850000 0.606481 0.135417 0.157407
20 0.850000 0.701852 0.142188 0.023333
48 0.850000 0.498148 0.038333 0.068148
293 0.421354 0.724074 0.025000 0.044444
260 0.450000 0.633333 0.067708 0.092593
20 0.450000 0.696296 0.071094 0.023333
48 0.450000 0.557407 0.038333 0.068148
293 0.605729 0.757407 0.025000 0.044444
141 0.652604 0.583333 0.104167 0.259259
20 0.652604 0.729630 0.109375 0.023333
82 0.652604 0.424074 0.038333 0.068148
