350 0.182812 1.000000 0.145411 0.296825
85 0.237500 0.976852 0.136936 0.289694
428 0.303125 0.951852 0.127414 0.280350
540 0.379687 0.928704 0.116968 0.268919
89 0.456250 0.921296 0.105583 0.255387
251 0.543750 0.921296 0.105530 0.255319
60 0.620313 0.928704 0.116914 0.268851
250 0.696875 0.951852 0.127362 0.280284
542 0.762500 0.976852 0.136885 0.289630
567 0.817187 1.000000 0.145376 0.296799
91 0.033333 0.094444 0.037500 0.066667
4 0.070833 0.094444 0.037500 0.066667
7 0.108333 0.094444 0.037500 0.066667
67 0.145833 0.094444 0.037500 0.066667
109 0.183333 0.094444 0.037500 0.066667
174 0.334375 0.027778 0.033333 0.059259
13 0.363542 0.027778 0.033333 0.059259
13 0.392708 0.027778 0.033333 0.059259
13 0.421875 0.027778 0.033333 0.059259
13 0.451042 0.027778 0.033333 0.059259
14 0.247917 0.565741 0.114583 0.268519
15 0.247917 0.716667 0.120312 0.023333
390 0.195833 0.744444 0.025000 0.044444
240 0.592708 0.645113 0.025000 0.044444
178 0.617708 0.645113 0.025000 0.044444
140 0.650000 0.517335 0.125000 0.166667
20 0.650000 0.617335 0.131250 0.023333
48 0.650000 0.404372 0.038333 0.068148
401 0.740625 0.739815 0.025000 0.044444
46 0.765625 0.739815 0.025000 0.044444
446 0.852604 0.551852 0.234375 0.287037
20 0.852604 0.712037 0.246094 0.023333
170 0.852604 0.378704 0.038333 0.068148
