621 0.193750 1.000000 0.149621 0.310807
488 0.259375 0.982716 0.140084 0.302077
572 0.332656 0.955556 0.129526 0.291092
521 0.412500 0.930247 0.117934 0.277839
647 0.500000 0.925926 0.105469 0.262500
181 0.587500 0.930247 0.117877 0.277768
25 0.667344 0.955556 0.129470 0.291021
83 0.740625 0.982716 0.140029 0.302007
465 0.806250 1.000000 0.149567 0.310740
67 0.033333 0.094444 0.037500 0.066667
173 0.070833 0.094444 0.037500 0.066667
29 0.108333 0.094444 0.037500 0.066667
65 0.145833 0.094444 0.037500 0.066667
93 0.183333 0.094444 0.037500 0.066667
67 0.220833 0.094444 0.037500 0.066667
38 0.258333 0.094444 0.037500 0.066667
32 0.295833 0.094444 0.037500 0.066667
107 0.333333 0.094444 0.037500 0.066667
92 0.370833 0.094444 0.037500 0.066667
35 0.408333 0.094444 0.037500 0.066667
163 0.445833 0.094444 0.037500 0.066667
65 0.483333 0.094444 0.037500 0.066667
93 0.520833 0.094444 0.037500 0.066667
28 0.558333 0.094444 0.037500 0.066667
173 0.595833 0.094444 0.037500 0.066667
6 0.633333 0.094444 0.037500 0.066667
108 0.670833 0.094444 0.037500 0.066667
199 0.708333 0.094444 0.037500 0.066667
66 0.745833 0.094444 0.037500 0.066667
186 0.334375 0.027778 0.033333 0.059259
254 0.363542 0.027778 0.033333 0.059259
290 0.392708 0.027778 0.033333 0.059259
255 0.421875 0.027778 0.033333 0.059259
13 0.451042 0.027778 0.033333 0.059259
14 0.247917 0.565741 0.114583 0.268519
15 0.247917 0.716667 0.120312 0.023333
178 0.195833 0.744444 0.025000 0.044444
276 0.220833 0.744444 0.025000 0.044444
51 0.245833 0.744444 0.025000 0.044444
408 0.819271 0.750926 0.025000 0.044444
45 0.844271 0.750926 0.025000 0.044444
70 0.869271 0.750926 0.025000 0.044444
469 0.894271 0.750926 0.025000 0.044444
257 0.847917 0.616667 0.067708 0.179630
20 0.847917 0.723148 0.071094 0.023333
48 0.847917 0.497222 0.038333 0.068148
390 0.397917 0.748148 0.025000 0.044444
147 0.422917 0.748148 0.025000 0.044444
179 0.450000 0.555556 0.114583 0.296296
20 0.450000 0.720370 0.120312 0.023333
170 0.450000 0.377778 0.038333 0.068148
240 0.525000 0.752778 0.025000 0.044444
357 0.550000 0.752778 0.025000 0.044444
69 0.575000 0.752778 0.025000 0.044444
397 0.644792 0.509259 0.250000 0.398148
20 0.644792 0.725000 0.262500 0.023333
48 0.644792 0.280556 0.038333 0.068148
