607 0.500000 0.925926 0.117188 0.291667
163 0.033333 0.094444 0.037500 0.066667
184 0.070833 0.094444 0.037500 0.066667
93 0.108333 0.094444 0.037500 0.066667
129 0.145833 0.094444 0.037500 0.066667
64 0.183333 0.094444 0.037500 0.066667
7 0.220833 0.094444 0.037500 0.066667
8 0.258333 0.094444 0.037500 0.066667
110 0.295833 0.094444 0.037500 0.066667
36 0.333333 0.094444 0.037500 0.066667
33 0.370833 0.094444 0.037500 0.066667
32 0.408333 0.094444 0.037500 0.066667
130 0.445833 0.094444 0.037500 0.066667
4 0.483333 0.094444 0.037500 0.066667
145 0.334375 0.027778 0.033333 0.059259
254 0.363542 0.027778 0.033333 0.059259
238 0.392708 0.027778 0.033333 0.059259
303 0.421875 0.027778 0.033333 0.059259
304 0.451042 0.027778 0.033333 0.059259
14 0.247917 0.565741 0.114583 0.268519
15 0.247917 0.716667 0.120312 0.023333
54 0.195833 0.744444 0.025000 0.044444
215 0.220833 0.744444 0.025000 0.044444
264 0.582812 0.734259 0.025000 0.044444
242 0.607813 0.734259 0.025000 0.044444
416 0.632813 0.734259 0.025000 0.044444
485 0.642708 0.537037 0.130208 0.305556
20 0.642708 0.706481 0.136719 0.023333
48 0.642708 0.354630 0.038333 0.068148
177 0.411979 0.735185 0.025000 0.044444
402 0.436979 0.735185 0.025000 0.044444
549 0.445833 0.621296 0.078125 0.138889
20 0.445833 0.707407 0.082031 0.023333
48 0.445833 0.522222 0.038333 0.068148
176 0.726042 0.729630 0.025000 0.044444
97 0.751042 0.729630 0.025000 0.044444
282 0.844792 0.495370 0.247917 0.379630
20 0.844792 0.701852 0.260312 0.023333
48 0.844792 0.275926 0.038333 0.068148
