211 0.182812 1.000000 0.145411 0.296825
433 0.237500 0.976852 0.136936 0.289694
85 0.303125 0.951852 0.127414 0.280350
560 0.379687 0.928704 0.116968 0.268919
191 0.456250 0.921296 0.105583 0.255387
468 0.543750 0.921296 0.105530 0.255319
530 0.620313 0.928704 0.116914 0.268851
638 0.696875 0.951852 0.127362 0.280284
558 0.762500 0.976852 0.136885 0.289630
535 0.817187 1.000000 0.145376 0.296799
29 0.033333 0.094444 0.037500 0.066667
4 0.070833 0.094444 0.037500 0.066667
109 0.108333 0.094444 0.037500 0.066667
93 0.145833 0.094444 0.037500 0.066667
184 0.183333 0.094444 0.037500 0.066667
33 0.220833 0.094444 0.037500 0.066667
173 0.258333 0.094444 0.037500 0.066667
110 0.295833 0.094444 0.037500 0.066667
143 0.334375 0.027778 0.033333 0.059259
290 0.363542 0.027778 0.033333 0.059259
145 0.392708 0.027778 0.033333 0.059259
303 0.421875 0.027778 0.033333 0.059259
40 0.451042 0.027778 0.033333 0.059259
14 0.247917 0.565741 0.114583 0.268519
15 0.247917 0.716667 0.120312 0.023333
43 0.195833 0.744444 0.025000 0.044444
202 0.220833 0.744444 0.025000 0.044444
270 0.803125 0.729630 0.025000 0.044444
176 0.828125 0.729630 0.025000 0.044444
531 0.850000 0.583333 0.104167 0.203704
20 0.850000 0.701852 0.109375 0.023333
48 0.850000 0.451852 0.038333 0.068148
123 0.553646 0.725926 0.025000 0.044444
326 0.578646 0.725926 0.025000 0.044444
56 0.603646 0.725926 0.025000 0.044444
243 0.650000 0.500926 0.203125 0.361111
20 0.650000 0.698148 0.213281 0.023333
170 0.650000 0.290741 0.038333 0.068148
