576 0.351250 0.960648 0.137609 0.316375
525 0.449688 0.935185 0.124215 0.300456
229 0.550312 0.935185 0.124152 0.300376
191 0.648750 0.960648 0.137546 0.316296
92 0.033333 0.094444 0.037500 0.066667
36 0.070833 0.094444 0.037500 0.066667
91 0.108333 0.094444 0.037500 0.066667
94 0.145833 0.094444 0.037500 0.066667
163 0.183333 0.094444 0.037500 0.066667
35 0.220833 0.094444 0.037500 0.066667
184 0.258333 0.094444 0.037500 0.066667
92 0.295833 0.094444 0.037500 0.066667
5 0.333333 0.094444 0.037500 0.066667
5 0.370833 0.094444 0.037500 0.066667
28 0.408333 0.094444 0.037500 0.066667
38 0.445833 0.094444 0.037500 0.066667
131 0.483333 0.094444 0.037500 0.066667
30 0.520833 0.094444 0.037500 0.066667
28 0.558333 0.094444 0.037500 0.066667
36 0.595833 0.094444 0.037500 0.066667
35 0.633333 0.094444 0.037500 0.066667
29 0.670833 0.094444 0.037500 0.066667
112 0.334375 0.027778 0.033333 0.059259
214 0.363542 0.027778 0.033333 0.059259
13 0.392708 0.027778 0.033333 0.059259
13 0.421875 0.027778 0.033333 0.059259
13 0.451042 0.027778 0.033333 0.059259
14 0.247917 0.565741 0.114583 0.268519
15 0.247917 0.716667 0.120312 0.023333
328 0.195833 0.744444 0.025000 0.044444
313 0.220833 0.744444 0.025000 0.044444
305 0.245833 0.744444 0.025000 0.044444
447 0.811979 0.740741 0.025000 0.044444
203 0.836979 0.740741 0.025000 0.044444
75 0.861979 0.740741 0.025000 0.044444
81 0.845833 0.626852 0.078125 0.138889
20 0.845833 0.712963 0.082031 0.023333
82 0.845833 0.527778 0.038333 0.068148
