106 0.237500 1.000000 0.155649 0.335641
579 0.314063 0.968783 0.143917 0.323435
513 0.401563 0.945767 0.131037 0.308710
320 0.500000 0.931481 0.117188 0.291667
512 0.598437 0.945767 0.130975 0.308631
450 0.685938 0.968783 0.143855 0.323357
171 0.762500 1.000000 0.155588 0.335564
36 0.033333 0.094444 0.037500 0.066667
12 0.334375 0.027778 0.033333 0.059259
39 0.363542 0.027778 0.033333 0.059259
133 0.392708 0.027778 0.033333 0.059259
13 0.421875 0.027778 0.033333 0.059259
13 0.451042 0.027778 0.033333 0.059259
14 0.247917 0.565741 0.114583 0.268519
15 0.247917 0.716667 0.120312 0.023333
99 0.195833 0.744444 0.025000 0.044444
270 0.220833 0.744444 0.025000 0.044444
137 0.245833 0.744444 0.025000 0.044444
98 0.591146 0.729630 0.025000 0.044444
469 0.616146 0.729630 0.025000 0.044444
17 0.641146 0.729630 0.025000 0.044444
221 0.645833 0.574074 0.119792 0.222222
20 0.645833 0.701852 0.125781 0.023333
48 0.645833 0.433333 0.038333 0.068148
401 0.819271 0.750926 0.025000 0.044444
156 0.844271 0.750926 0.025000 0.044444
45 0.869271 0.750926 0.025000 0.044444
257 0.847917 0.616667 0.067708 0.179630
20 0.847917 0.723148 0.071094 0.023333
48 0.847917 0.497222 0.038333 0.068148
187 0.382813 0.734259 0.025000 0.044444
485 0.442708 0.537037 0.130208 0.305556
20 0.442708 0.706481 0.136719 0.023333
72 0.442708 0.354630 0.038333 0.068148
