636 0.270312 0.986111 0.149899 0.329824
564 0.357812 0.949074 0.137609 0.316375
427 0.452969 0.925926 0.124215 0.300456
497 0.547031 0.925926 0.124152 0.300376
317 0.642187 0.949074 0.137546 0.316296
437 0.729688 0.986111 0.149838 0.329746
7 0.033333 0.094444 0.037500 0.066667
29 0.070833 0.094444 0.037500 0.066667
93 0.108333 0.094444 0.037500 0.066667
108 0.145833 0.094444 0.037500 0.066667
133 0.334375 0.027778 0.033333 0.059259
214 0.363542 0.027778 0.033333 0.059259
13 0.392708 0.027778 0.033333 0.059259
13 0.421875 0.027778 0.033333 0.059259
13 0.451042 0.027778 0.033333 0.059259
14 0.247917 0.565741 0.114583 0.268519
15 0.247917 0.716667 0.120312 0.023333
264 0.195833 0.744444 0.025000 0.044444
70 0.220833 0.744444 0.025000 0.044444
50 0.245833 0.744444 0.025000 0.044444
135 0.753646 0.729630 0.025000 0.044444
205 0.778646 0.729630 0.025000 0.044444
273 0.803646 0.729630 0.025000 0.044444
383 0.850000 0.504630 0.203125 0.361111
20 0.850000 0.701852 0.213281 0.023333
216 0.850000 0.294444 0.038333 0.068148
