434 0.237500 1.000000 0.155649 0.335641
617 0.314063 0.968783 0.143917 0.323435
509 0.401563 0.945767 0.131037 0.308710
653 0.500000 0.931481 0.117188 0.291667
230 0.598437 0.945767 0.130975 0.308631
477 0.685938 0.968783 0.143855 0.323357
62 0.762500 1.000000 0.155588 0.335564
64 0.033333 0.094444 0.037500 0.066667
5 0.070833 0.094444 0.037500 0.066667
107 0.108333 0.094444 0.037500 0.066667
4 0.145833 0.094444 0.037500 0.066667
110 0.183333 0.094444 0.037500 0.066667
67 0.220833 0.094444 0.037500 0.066667
92 0.258333 0.094444 0.037500 0.066667
7 0.295833 0.094444 0.037500 0.066667
184 0.333333 0.094444 0.037500 0.066667
93 0.370833 0.094444 0.037500 0.066667
132 0.408333 0.094444 0.037500 0.066667
38 0.445833 0.094444 0.037500 0.066667
92 0.483333 0.094444 0.037500 0.066667
65 0.520833 0.094444 0.037500 0.066667
131 0.558333 0.094444 0.037500 0.066667
130 0.595833 0.094444 0.037500 0.066667
200 0.334375 0.027778 0.033333 0.059259
377 0.363542 0.027778 0.033333 0.059259
13 0.392708 0.027778 0.033333 0.059259
13 0.421875 0.027778 0.033333 0.059259
13 0.451042 0.027778 0.033333 0.059259
14 0.247917 0.565741 0.114583 0.268519
15 0.247917 0.716667 0.120312 0.023333
50 0.195833 0.744444 0.025000 0.044444
524 0.220833 0.744444 0.025000 0.044444
294 0.245833 0.744444 0.025000 0.044444
424 0.608333 0.725000 0.025000 0.044444
47 0.650000 0.615741 0.093750 0.129630
20 0.650000 0.697222 0.098437 0.023333
48 0.650000 0.521296 0.038333 0.068148
226 0.823958 0.733333 0.025000 0.044444
241 0.848958 0.733333 0.025000 0.044444
154 0.850000 0.614815 0.062500 0.148148
20 0.850000 0.705556 0.065625 0.023333
48 0.850000 0.511111 0.038333 0.068148
