106 0.226563 1.000000 0.153046 0.323776
569 0.300938 0.968750 0.142404 0.313332
569 0.379687 0.943287 0.130728 0.300556
583 0.458438 0.925926 0.118005 0.285433
491 0.541562 0.925926 0.117945 0.285357
244 0.620313 0.943287 0.130669 0.300481
475 0.693594 0.968750 0.142346 0.313258
126 0.773438 1.000000 0.152989 0.323704
132 0.033333 0.094444 0.037500 0.066667
199 0.070833 0.094444 0.037500 0.066667
32 0.108333 0.094444 0.037500 0.066667
173 0.145833 0.094444 0.037500 0.066667
28 0.183333 0.094444 0.037500 0.066667
93 0.220833 0.094444 0.037500 0.066667
163 0.258333 0.094444 0.037500 0.066667
109 0.295833 0.094444 0.037500 0.066667
36 0.333333 0.094444 0.037500 0.066667
36 0.370833 0.094444 0.037500 0.066667
7 0.408333 0.094444 0.037500 0.066667
130 0.445833 0.094444 0.037500 0.066667
94 0.483333 0.094444 0.037500 0.066667
199 0.520833 0.094444 0.037500 0.066667
113 0.334375 0.027778 0.033333 0.059259
113 0.363542 0.027778 0.033333 0.059259
13 0.392708 0.027778 0.033333 0.059259
13 0.421875 0.027778 0.033333 0.059259
13 0.451042 0.027778 0.033333 0.059259
14 0.247917 0.565741 0.114583 0.268519
15 0.247917 0.716667 0.120312 0.023333
98 0.195833 0.744444 0.025000 0.044444
299 0.220833 0.744444 0.025000 0.044444
207 0.245833 0.744444 0.025000 0.044444
447 0.766667 0.738889 0.025000 0.044444
422 0.852604 0.490741 0.182292 0.407407
20 0.852604 0.711111 0.191406 0.023333
48 0.852604 0.257407 0.038333 0.068148
