26 0.193750 1.000000 0.149621 0.310807
589 0.259375 0.982716 0.140084 0.302077
634 0.332656 0.955556 0.129526 0.291092
519 0.412500 0.930247 0.117934 0.277839
489 0.500000 0.925926 0.105469 0.262500
317 0.587500 0.930247 0.117877 0.277768
530 0.667344 0.955556 0.129470 0.291021
626 0.740625 0.982716 0.140029 0.302007
195 0.806250 1.000000 0.149567 0.310740
184 0.033333 0.094444 0.037500 0.066667
65 0.070833 0.094444 0.037500 0.066667
33 0.108333 0.094444 0.037500 0.066667
8 0.145833 0.094444 0.037500 0.066667
110 0.183333 0.094444 0.037500 0.066667
5 0.220833 0.094444 0.037500 0.066667
110 0.258333 0.094444 0.037500 0.066667
184 0.295833 0.094444 0.037500 0.066667
199 0.333333 0.094444 0.037500 0.066667
5 0.370833 0.094444 0.037500 0.066667
29 0.408333 0.094444 0.037500 0.066667
34 0.445833 0.094444 0.037500 0.066667
65 0.483333 0.094444 0.037500 0.066667
31 0.520833 0.094444 0.037500 0.066667
173 0.558333 0.094444 0.037500 0.066667
28 0.595833 0.094444 0.037500 0.066667
7 0.633333 0.094444 0.037500 0.066667
94 0.670833 0.094444 0.037500 0.066667
184 0.708333 0.094444 0.037500 0.066667
11 0.334375 0.027778 0.033333 0.059259
95 0.363542 0.027778 0.033333 0.059259
13 0.392708 0.027778 0.033333 0.059259
13 0.421875 0.027778 0.033333 0.059259
13 0.451042 0.027778 0.033333 0.059259
14 0.247917 0.565741 0.114583 0.268519
15 0.247917 0.716667 0.120312 0.023333
414 0.195833 0.744444 0.025000 0.044444
220 0.220833 0.744444 0.025000 0.044444
135 0.245833 0.744444 0.025000 0.044444
178 0.751042 0.743519 0.025000 0.044444
338 0.850000 0.509259 0.208333 0.379630
20 0.850000 0.715741 0.218750 0.023333
216 0.850000 0.289815 0.038333 0.068148
