353 0.314063 0.986111 0.143917 0.323435
547 0.401563 0.953704 0.131037 0.308710
588 0.500000 0.935185 0.117188 0.291667
432 0.598437 0.953704 0.130975 0.308631
594 0.685938 0.986111 0.143855 0.323357
7 0.033333 0.094444 0.037500 0.066667
67 0.070833 0.094444 0.037500 0.066667
33 0.108333 0.094444 0.037500 0.066667
255 0.334375 0.027778 0.033333 0.059259
95 0.363542 0.027778 0.033333 0.059259
355 0.392708 0.027778 0.033333 0.059259
13 0.421875 0.027778 0.033333 0.059259
13 0.451042 0.027778 0.033333 0.059259
14 0.247917 0.565741 0.114583 0.268519
15 0.247917 0.716667 0.120312 0.023333
454 0.195833 0.744444 0.025000 0.044444
367 0.220833 0.744444 0.025000 0.044444
55 0.245833 0.744444 0.025000 0.044444
205 0.408333 0.725000 0.025000 0.044444
102 0.450000 0.615741 0.093750 0.129630
20 0.450000 0.697222 0.098437 0.023333
48 0.450000 0.521296 0.038333 0.068148
115 0.818750 0.706481 0.025000 0.044444
57 0.850000 0.601852 0.072917 0.120370
20 0.850000 0.678704 0.076563 0.023333
48 0.850000 0.512037 0.038333 0.068148
296 0.525000 0.752778 0.025000 0.044444
369 0.550000 0.752778 0.025000 0.044444
104 0.575000 0.752778 0.025000 0.044444
397 0.644792 0.509259 0.250000 0.398148
20 0.644792 0.725000 0.262500 0.023333
48 0.644792 0.280556 0.038333 0.068148
