212 0.401563 0.953704 0.131037 0.308710
314 0.500000 0.925926 0.117188 0.291667
553 0.598437 0.953704 0.130975 0.308631
41 0.033333 0.094444 0.037500 0.066667
135 0.070833 0.094444 0.037500 0.066667
40 0.108333 0.094444 0.037500 0.066667
40 0.145833 0.094444 0.037500 0.066667
261 0.183333 0.094444 0.037500 0.066667
40 0.220833 0.094444 0.037500 0.066667
162 0.258333 0.094444 0.037500 0.066667
137 0.295833 0.094444 0.037500 0.066667
136 0.333333 0.094444 0.037500 0.066667
116 0.370833 0.094444 0.037500 0.066667
177 0.408333 0.094444 0.037500 0.066667
11 0.445833 0.094444 0.037500 0.066667
136 0.483333 0.094444 0.037500 0.066667
40 0.520833 0.094444 0.037500 0.066667
261 0.558333 0.094444 0.037500 0.066667
164 0.595833 0.094444 0.037500 0.066667
190 0.334375 0.027778 0.033333 0.059259
78 0.363542 0.027778 0.033333 0.059259
165 0.392708 0.027778 0.033333 0.059259
341 0.421875 0.027778 0.033333 0.059259
102 0.451042 0.027778 0.033333 0.059259
14 0.247917 0.565741 0.114583 0.268519
15 0.247917 0.716667 0.120312 0.023333
183 0.195833 0.744444 0.025000 0.044444
257 0.220833 0.744444 0.025000 0.044444
247 0.403125 0.729630 0.025000 0.044444
126 0.428125 0.729630 0.025000 0.044444
586 0.450000 0.583333 0.104167 0.203704
23 0.450000 0.701852 0.109375 0.023333
61 0.450000 0.451852 0.038333 0.068148
417 0.592708 0.620580 0.025000 0.044444
174 0.650000 0.492802 0.125000 0.166667
23 0.650000 0.592802 0.131250 0.023333
30 0.650000 0.379839 0.038333 0.068148
327 0.725000 0.752778 0.025000 0.044444
83 0.750000 0.752778 0.025000 0.044444
361 0.775000 0.752778 0.025000 0.044444
301 0.800000 0.752778 0.025000 0.044444
347 0.844792 0.509259 0.250000 0.398148
23 0.844792 0.725000 0.262500 0.023333
61 0.844792 0.280556 0.038333 0.068148
