478 0.401563 0.953704 0.131037 0.308710
244 0.500000 0.925926 0.117188 0.291667
434 0.598437 0.953704 0.130975 0.308631
36 0.033333 0.094444 0.037500 0.066667
5 0.070833 0.094444 0.037500 0.066667
94 0.108333 0.094444 0.037500 0.066667
31 0.145833 0.094444 0.037500 0.066667
199 0.183333 0.094444 0.037500 0.066667
8 0.220833 0.094444 0.037500 0.066667
108 0.258333 0.094444 0.037500 0.066667
199 0.295833 0.094444 0.037500 0.066667
37 0.333333 0.094444 0.037500 0.066667
132 0.370833 0.094444 0.037500 0.066667
94 0.408333 0.094444 0.037500 0.066667
8 0.445833 0.094444 0.037500 0.066667
33 0.483333 0.094444 0.037500 0.066667
94 0.520833 0.094444 0.037500 0.066667
93 0.558333 0.094444 0.037500 0.066667
132 0.595833 0.094444 0.037500 0.066667
6 0.633333 0.094444 0.037500 0.066667
92 0.670833 0.094444 0.037500 0.066667
107 0.708333 0.094444 0.037500 0.066667
107 0.745833 0.094444 0.037500 0.066667
143 0.334375 0.027778 0.033333 0.059259
254 0.363542 0.027778 0.033333 0.059259
174 0.392708 0.027778 0.033333 0.059259
272 0.421875 0.027778 0.033333 0.059259
13 0.451042 0.027778 0.033333 0.059259
14 0.247917 0.565741 0.114583 0.268519
15 0.247917 0.716667 0.120312 0.023333
207 0.195833 0.744444 0.025000 0.044444
136 0.220833 0.744444 0.025000 0.044444
124 0.245833 0.744444 0.025000 0.044444
45 0.756250 0.734259 0.025000 0.044444
415 0.781250 0.734259 0.025000 0.044444
328 0.806250 0.734259 0.025000 0.044444
188 0.831250 0.734259 0.025000 0.044444
190 0.850000 0.555556 0.197917 0.268519
20 0.850000 0.706481 0.207812 0.023333
72 0.850000 0.391667 0.038333 0.068148
