556 0.182812 1.000000 0.145411 0.296825
619 0.237500 0.976852 0.136936 0.289694
585 0.303125 0.951852 0.127414 0.280350
575 0.379687 0.928704 0.116968 0.268919
539 0.456250 0.921296 0.105583 0.255387
298 0.543750 0.921296 0.105530 0.255319
235 0.620313 0.928704 0.116914 0.268851
528 0.696875 0.951852 0.127362 0.280284
657 0.762500 0.976852 0.136885 0.289630
561 0.817187 1.000000 0.145376 0.296799
28 0.033333 0.094444 0.037500 0.066667
130 0.070833 0.094444 0.037500 0.066667
65 0.108333 0.094444 0.037500 0.066667
94 0.145833 0.094444 0.037500 0.066667
199 0.183333 0.094444 0.037500 0.066667
31 0.220833 0.094444 0.037500 0.066667
91 0.258333 0.094444 0.037500 0.066667
108 0.295833 0.094444 0.037500 0.066667
64 0.333333 0.094444 0.037500 0.066667
129 0.370833 0.094444 0.037500 0.066667
93 0.408333 0.094444 0.037500 0.066667
95 0.334375 0.027778 0.033333 0.059259
39 0.363542 0.027778 0.033333 0.059259
13 0.392708 0.027778 0.033333 0.059259
13 0.421875 0.027778 0.033333 0.059259
13 0.451042 0.027778 0.033333 0.059259
14 0.247917 0.565741 0.114583 0.268519
15 0.247917 0.716667 0.120312 0.023333
45 0.195833 0.744444 0.025000 0.044444
406 0.220833 0.744444 0.025000 0.044444
49 0.245833 0.744444 0.025000 0.044444
275 0.270833 0.744444 0.025000 0.044444
293 0.810938 0.720681 0.025000 0.044444
227 0.835938 0.720681 0.025000 0.044444
155 0.860937 0.720681 0.025000 0.044444
117 0.885938 0.720681 0.025000 0.044444
608 0.850000 0.616052 0.088542 0.120370
20 0.850000 0.692903 0.092969 0.023333
170 0.850000 0.526237 0.038333 0.068148
168 0.642187 0.728704 0.025000 0.044444
313 0.667188 0.728704 0.025000 0.044444
396 0.670833 0.600926 0.067708 0.166667
20 0.670833 0.700926 0.071094 0.023333
158 0.670833 0.487963 0.038333 0.068148
