219 0.270312 0.986111 0.149899 0.329824
195 0.357812 0.949074 0.137609 0.316375
392 0.452969 0.925926 0.124215 0.300456
538 0.547031 0.925926 0.124152 0.300376
323 0.642187 0.949074 0.137546 0.316296
493 0.729688 0.986111 0.149838 0.329746
36 0.033333 0.094444 0.037500 0.066667
30 0.070833 0.094444 0.037500 0.066667
130 0.108333 0.094444 0.037500 0.066667
30 0.145833 0.094444 0.037500 0.066667
5 0.183333 0.094444 0.037500 0.066667
65 0.220833 0.094444 0.037500 0.066667
92 0.258333 0.094444 0.037500 0.066667
65 0.295833 0.094444 0.037500 0.066667
36 0.333333 0.094444 0.037500 0.066667
184 0.370833 0.094444 0.037500 0.066667
65 0.408333 0.094444 0.037500 0.066667
35 0.445833 0.094444 0.037500 0.066667
185 0.334375 0.027778 0.033333 0.059259
13 0.363542 0.027778 0.033333 0.059259
13 0.392708 0.027778 0.033333 0.059259
13 0.421875 0.027778 0.033333 0.059259
13 0.451042 0.027778 0.033333 0.059259
14 0.247917 0.565741 0.114583 0.268519
15 0.247917 0.716667 0.120312 0.023333
42 0.195833 0.744444 0.025000 0.044444
175 0.603125 0.729630 0.025000 0.044444
100 0.628125 0.729630 0.025000 0.044444
454 0.653125 0.729630 0.025000 0.044444
122 0.678125 0.729630 0.025000 0.044444
531 0.650000 0.583333 0.104167 0.203704
20 0.650000 0.701852 0.109375 0.023333
48 0.650000 0.451852 0.038333 0.068148
241 0.784896 0.641667 0.025000 0.044444
455 0.809896 0.641667 0.025000 0.044444
168 0.834896 0.641667 0.025000 0.044444
157 0.857813 0.416667 0.156250 0.361111
20 0.857813 0.613889 0.164063 0.023333
158 0.857813 0.206481 0.038333 0.068148
