597 0.226563 1.000000 0.153046 0.323776
400 0.300938 0.968750 0.142404 0.313332
631 0.379687 0.943287 0.130728 0.300556
532 0.458438 0.925926 0.118005 0.285433
629 0.541562 0.925926 0.117945 0.285357
181 0.620313 0.943287 0.130669 0.300481
248 0.693594 0.968750 0.142346 0.313258
23 0.773438 1.000000 0.152989 0.323704
32 0.033333 0.094444 0.037500 0.066667
132 0.070833 0.094444 0.037500 0.066667
107 0.108333 0.094444 0.037500 0.066667
32 0.145833 0.094444 0.037500 0.066667
8 0.183333 0.094444 0.037500 0.066667
66 0.220833 0.094444 0.037500 0.066667
40 0.334375 0.027778 0.033333 0.059259
111 0.363542 0.027778 0.033333 0.059259
10 0.392708 0.027778 0.033333 0.059259
303 0.421875 0.027778 0.033333 0.059259
255 0.451042 0.027778 0.033333 0.059259
14 0.247917 0.565741 0.114583 0.268519
15 0.247917 0.716667 0.120312 0.023333
189 0.195833 0.744444 0.025000 0.044444
307 0.220833 0.744444 0.025000 0.044444
415 0.245833 0.744444 0.025000 0.044444
356 0.791146 0.729630 0.025000 0.044444
239 0.816146 0.729630 0.025000 0.044444
221 0.845833 0.574074 0.119792 0.222222
20 0.845833 0.701852 0.125781 0.023333
48 0.845833 0.433333 0.038333 0.068148
