404 0.193750 1.000000 0.149621 0.310807
60 0.259375 0.982716 0.140084 0.302077
350 0.332656 0.955556 0.129526 0.291092
352 0.412500 0.930247 0.117934 0.277839
512 0.500000 0.925926 0.105469 0.262500
403 0.587500 0.930247 0.117877 0.277768
634 0.667344 0.955556 0.129470 0.291021
433 0.740625 0.982716 0.140029 0.302007
518 0.806250 1.000000 0.149567 0.310740
131 0.033333 0.094444 0.037500 0.066667
7 0.070833 0.094444 0.037500 0.066667
110 0.108333 0.094444 0.037500 0.066667
35 0.145833 0.094444 0.037500 0.066667
35 0.183333 0.094444 0.037500 0.066667
6 0.220833 0.094444 0.037500 0.066667
28 0.258333 0.094444 0.037500 0.066667
4 0.295833 0.094444 0.037500 0.066667
64 0.333333 0.094444 0.037500 0.066667
8 0.370833 0.094444 0.037500 0.066667
7 0.408333 0.094444 0.037500 0.066667
107 0.445833 0.094444 0.037500 0.066667
94 0.483333 0.094444 0.037500 0.066667
35 0.520833 0.094444 0.037500 0.066667
184 0.558333 0.094444 0.037500 0.066667
107 0.595833 0.094444 0.037500 0.066667
32 0.633333 0.094444 0.037500 0.066667
38 0.670833 0.094444 0.037500 0.066667
29 0.708333 0.094444 0.037500 0.066667
38 0.745833 0.094444 0.037500 0.066667
185 0.334375 0.027778 0.033333 0.059259
95 0.363542 0.027778 0.033333 0.059259
13 0.392708 0.027778 0.033333 0.059259
13 0.421875 0.027778 0.033333 0.059259
13 0.451042 0.027778 0.033333 0.059259
14 0.247917 0.565741 0.114583 0.268519
15 0.247917 0.716667 0.120312 0.023333
70 0.195833 0.744444 0.025000 0.044444
54 0.220833 0.744444 0.025000 0.044444
115 0.245833 0.744444 0.025000 0.044444
100 0.805729 0.757407 0.025000 0.044444
52 0.830729 0.757407 0.025000 0.044444
141 0.852604 0.583333 0.104167 0.259259
20 0.852604 0.729630 0.109375 0.023333
48 0.852604 0.424074 0.038333 0.068148
