218 0.314063 0.986111 0.143917 0.323435
285 0.401563 0.953704 0.131037 0.308710
172 0.500000 0.935185 0.117188 0.291667
412 0.598437 0.953704 0.130975 0.308631
620 0.685938 0.986111 0.143855 0.323357
92 0.033333 0.094444 0.037500 0.066667
6 0.070833 0.094444 0.037500 0.066667
110 0.108333 0.094444 0.037500 0.066667
33 0.145833 0.094444 0.037500 0.066667
31 0.183333 0.094444 0.037500 0.066667
91 0.220833 0.094444 0.037500 0.066667
66 0.258333 0.094444 0.037500 0.066667
290 0.334375 0.027778 0.033333 0.059259
290 0.363542 0.027778 0.033333 0.059259
145 0.392708 0.027778 0.033333 0.059259
303 0.421875 0.027778 0.033333 0.059259
13 0.451042 0.027778 0.033333 0.059259
14 0.247917 0.565741 0.114583 0.268519
15 0.247917 0.716667 0.120312 0.023333
46 0.195833 0.744444 0.025000 0.044444
118 0.220833 0.744444 0.025000 0.044444
104 0.245833 0.744444 0.025000 0.044444
202 0.270833 0.744444 0.025000 0.044444
294 0.608333 0.711111 0.025000 0.044444
47 0.650000 0.601852 0.093750 0.129630
20 0.650000 0.683333 0.098437 0.023333
48 0.650000 0.507407 0.038333 0.068148
120 0.797917 0.748148 0.025000 0.044444
314 0.822917 0.748148 0.025000 0.044444
179 0.850000 0.555556 0.114583 0.296296
20 0.850000 0.720370 0.120312 0.023333
48 0.850000 0.377778 0.038333 0.068148
