632 0.500000 0.925926 0.117188 0.291667
4 0.033333 0.094444 0.037500 0.066667
163 0.070833 0.094444 0.037500 0.066667
8 0.108333 0.094444 0.037500 0.066667
11 0.334375 0.027778 0.033333 0.059259
133 0.363542 0.027778 0.033333 0.059259
13 0.392708 0.027778 0.033333 0.059259
13 0.421875 0.027778 0.033333 0.059259
13 0.451042 0.027778 0.033333 0.059259
14 0.247917 0.565741 0.114583 0.268519
15 0.247917 0.716667 0.120312 0.023333
168 0.195833 0.744444 0.025000 0.044444
41 0.220833 0.744444 0.025000 0.044444
152 0.245833 0.744444 0.025000 0.044444
337 0.270833 0.744444 0.025000 0.044444
296 0.787500 0.729630 0.025000 0.044444
242 0.812500 0.729630 0.025000 0.044444
415 0.837500 0.729630 0.025000 0.044444
166 0.850000 0.606481 0.135417 0.157407
20 0.850000 0.701852 0.142188 0.023333
331 0.850000 0.498148 0.038333 0.068148
201 0.556250 0.743519 0.025000 0.044444
124 0.581250 0.743519 0.025000 0.044444
118 0.606250 0.743519 0.025000 0.044444
481 0.631250 0.743519 0.025000 0.044444
297 0.670833 0.583333 0.239583 0.231481
20 0.670833 0.715741 0.251562 0.023333
48 0.670833 0.437963 0.038333 0.068148
