526 0.314063 0.986111 0.143917 0.323435
428 0.401563 0.953704 0.131037 0.308710
261 0.500000 0.935185 0.117188 0.291667
504 0.598437 0.953704 0.130975 0.308631
574 0.685938 0.986111 0.143855 0.323357
66 0.033333 0.094444 0.037500 0.066667
109 0.070833 0.094444 0.037500 0.066667
40 0.334375 0.027778 0.033333 0.059259
254 0.363542 0.027778 0.033333 0.059259
381 0.392708 0.027778 0.033333 0.059259
304 0.421875 0.027778 0.033333 0.059259
185 0.451042 0.027778 0.033333 0.059259
14 0.247917 0.565741 0.114583 0.268519
15 0.247917 0.716667 0.120312 0.023333
104 0.195833 0.744444 0.025000 0.044444
80 0.220833 0.744444 0.025000 0.044444
103 0.245833 0.744444 0.025000 0.044444
188 0.270833 0.744444 0.025000 0.044444
390 0.603125 0.729630 0.025000 0.044444
75 0.628125 0.729630 0.025000 0.044444
382 0.650000 0.583333 0.104167 0.203704
20 0.650000 0.701852 0.109375 0.023333
48 0.650000 0.451852 0.038333 0.068148
296 0.756250 0.743519 0.025000 0.044444
297 0.870833 0.583333 0.239583 0.231481
20 0.870833 0.715741 0.251562 0.023333
48 0.870833 0.437963 0.038333 0.068148
