459 0.351250 0.960648 0.137609 0.316375
494 0.449688 0.935185 0.124215 0.300456
262 0.550312 0.935185 0.124152 0.300376
370 0.648750 0.960648 0.137546 0.316296
37 0.033333 0.094444 0.037500 0.066667
32 0.070833 0.094444 0.037500 0.066667
94 0.108333 0.094444 0.037500 0.066667
30 0.145833 0.094444 0.037500 0.066667
36 0.183333 0.094444 0.037500 0.066667
110 0.220833 0.094444 0.037500 0.066667
163 0.258333 0.094444 0.037500 0.066667
31 0.295833 0.094444 0.037500 0.066667
64 0.333333 0.094444 0.037500 0.066667
64 0.370833 0.094444 0.037500 0.066667
94 0.408333 0.094444 0.037500 0.066667
35 0.445833 0.094444 0.037500 0.066667
163 0.483333 0.094444 0.037500 0.066667
107 0.520833 0.094444 0.037500 0.066667
93 0.558333 0.094444 0.037500 0.066667
185 0.334375 0.027778 0.033333 0.059259
254 0.363542 0.027778 0.033333 0.059259
324 0.392708 0.027778 0.033333 0.059259
186 0.421875 0.027778 0.033333 0.059259
13 0.451042 0.027778 0.033333 0.059259
14 0.247917 0.565741 0.114583 0.268519
15 0.247917 0.716667 0.120312 0.023333
406 0.195833 0.744444 0.025000 0.044444
402 0.771875 0.734259 0.025000 0.044444
149 0.850000 0.587963 0.166667 0.203704
20 0.850000 0.706481 0.175000 0.023333
150 0.850000 0.456481 0.038333 0.068148
