474 0.237500 1.000000 0.155649 0.335641
438 0.314063 0.968783 0.143917 0.323435
545 0.401563 0.945767 0.131037 0.308710
244 0.500000 0.931481 0.117188 0.291667
638 0.598437 0.945767 0.130975 0.308631
650 0.685938 0.968783 0.143855 0.323357
342 0.762500 1.000000 0.155588 0.335564
66 0.033333 0.094444 0.037500 0.066667
184 0.070833 0.094444 0.037500 0.066667
132 0.108333 0.094444 0.037500 0.066667
66 0.145833 0.094444 0.037500 0.066667
91 0.183333 0.094444 0.037500 0.066667
5 0.220833 0.094444 0.037500 0.066667
36 0.258333 0.094444 0.037500 0.066667
37 0.295833 0.094444 0.037500 0.066667
91 0.333333 0.094444 0.037500 0.066667
32 0.370833 0.094444 0.037500 0.066667
290 0.334375 0.027778 0.033333 0.059259
336 0.363542 0.027778 0.033333 0.059259
272 0.392708 0.027778 0.033333 0.059259
290 0.421875 0.027778 0.033333 0.059259
39 0.451042 0.027778 0.033333 0.059259
14 0.247917 0.565741 0.114583 0.268519
15 0.247917 0.716667 0.120312 0.023333
293 0.195833 0.744444 0.025000 0.044444
291 0.220833 0.744444 0.025000 0.044444
481 0.245833 0.744444 0.025000 0.044444
424 0.270833 0.744444 0.025000 0.044444
16 0.810938 0.698223 0.025000 0.044444
306 0.835938 0.698223 0.025000 0.044444
390 0.860937 0.698223 0.025000 0.044444
258 0.885938 0.698223 0.025000 0.044444
448 0.850000 0.593594 0.088542 0.120370
20 0.850000 0.670445 0.092969 0.023333
48 0.850000 0.503779 0.038333 0.068148
