287 0.500000 0.925926 0.117188 0.291667
199 0.033333 0.094444 0.037500 0.066667
5 0.070833 0.094444 0.037500 0.066667
66 0.108333 0.094444 0.037500 0.066667
174 0.334375 0.027778 0.033333 0.059259
39 0.363542 0.027778 0.033333 0.059259
13 0.392708 0.027778 0.033333 0.059259
13 0.421875 0.027778 0.033333 0.059259
13 0.451042 0.027778 0.033333 0.059259
14 0.247917 0.565741 0.114583 0.268519
15 0.247917 0.716667 0.120312 0.023333
114 0.195833 0.744444 0.025000 0.044444
228 0.220833 0.744444 0.025000 0.044444
269 0.245833 0.744444 0.025000 0.044444
325 0.270833 0.744444 0.025000 0.044444
203 0.603125 0.729630 0.025000 0.044444
313 0.628125 0.729630 0.025000 0.044444
151 0.653125 0.729630 0.025000 0.044444
156 0.678125 0.729630 0.025000 0.044444
531 0.650000 0.583333 0.104167 0.203704
20 0.650000 0.701852 0.109375 0.023333
48 0.650000 0.451852 0.038333 0.068148
189 0.410937 0.698223 0.025000 0.044444
296 0.435937 0.698223 0.025000 0.044444
241 0.460938 0.698223 0.025000 0.044444
277 0.485938 0.698223 0.025000 0.044444
448 0.450000 0.593594 0.088542 0.120370
20 0.450000 0.670445 0.092969 0.023333
170 0.450000 0.503779 0.038333 0.068148
402 0.805729 0.738889 0.025000 0.044444
103 0.830729 0.738889 0.025000 0.044444
329 0.847396 0.564815 0.093750 0.259259
20 0.847396 0.711111 0.098437 0.023333
21 0.847396 0.405556 0.038333 0.068148
