231 0.193750 1.000000 0.149621 0.310807
224 0.259375 0.982716 0.140084 0.302077
285 0.332656 0.955556 0.129526 0.291092
596 0.412500 0.930247 0.117934 0.277839
320 0.500000 0.925926 0.105469 0.262500
611 0.587500 0.930247 0.117877 0.277768
427 0.667344 0.955556 0.129470 0.291021
534 0.740625 0.982716 0.140029 0.302007
285 0.806250 1.000000 0.149567 0.310740
129 0.033333 0.094444 0.037500 0.066667
92 0.070833 0.094444 0.037500 0.066667
38 0.108333 0.094444 0.037500 0.066667
5 0.145833 0.094444 0.037500 0.066667
7 0.183333 0.094444 0.037500 0.066667
66 0.220833 0.094444 0.037500 0.066667
110 0.258333 0.094444 0.037500 0.066667
36 0.295833 0.094444 0.037500 0.066667
32 0.333333 0.094444 0.037500 0.066667
67 0.370833 0.094444 0.037500 0.066667
93 0.408333 0.094444 0.037500 0.066667
31 0.445833 0.094444 0.037500 0.066667
28 0.483333 0.094444 0.037500 0.066667
163 0.520833 0.094444 0.037500 0.066667
5 0.558333 0.094444 0.037500 0.066667
91 0.595833 0.094444 0.037500 0.066667
31 0.633333 0.094444 0.037500 0.066667
130 0.670833 0.094444 0.037500 0.066667
336 0.334375 0.027778 0.033333 0.059259
185 0.363542 0.027778 0.033333 0.059259
13 0.392708 0.027778 0.033333 0.059259
13 0.421875 0.027778 0.033333 0.059259
13 0.451042 0.027778 0.033333 0.059259
14 0.247917 0.565741 0.114583 0.268519
15 0.247917 0.716667 0.120312 0.023333
454 0.195833 0.744444 0.025000 0.044444
156 0.220833 0.744444 0.025000 0.044444
98 0.751042 0.731481 0.025000 0.044444
416 0.776042 0.731481 0.025000 0.044444
299 0.801042 0.731481 0.025000 0.044444
99 0.826042 0.731481 0.025000 0.044444
19 0.850000 0.525000 0.208333 0.324074
20 0.850000 0.703704 0.218750 0.023333
21 0.850000 0.333333 0.038333 0.068148
424 0.556250 0.743519 0.025000 0.044444
51 0.581250 0.743519 0.025000 0.044444
297 0.670833 0.583333 0.239583 0.231481
20 0.670833 0.715741 0.251562 0.023333
48 0.670833 0.437963 0.038333 0.068148
239 0.353646 0.729630 0.025000 0.044444
45 0.378646 0.729630 0.025000 0.044444
205 0.403646 0.729630 0.025000 0.044444
383 0.450000 0.504630 0.203125 0.361111
20 0.450000 0.701852 0.213281 0.023333
216 0.450000 0.294444 0.038333 0.068148
