283 0.182812 1.000000 0.145411 0.296825
284 0.237500 0.976852 0.136936 0.289694
285 0.303125 0.951852 0.127414 0.280350
286 0.379687 0.928704 0.116968 0.268919
287 0.456250 0.921296 0.105583 0.255387
245 0.543750 0.921296 0.105530 0.255319
245 0.620313 0.928704 0.116914 0.268851
288 0.696875 0.951852 0.127362 0.280284
285 0.762500 0.976852 0.136885 0.289630
289 0.817187 1.000000 0.145376 0.296799
6 0.033333 0.094444 0.037500 0.066667
36 0.070833 0.094444 0.037500 0.066667
33 0.108333 0.094444 0.037500 0.066667
110 0.145833 0.094444 0.037500 0.066667
65 0.183333 0.094444 0.037500 0.066667
199 0.220833 0.094444 0.037500 0.066667
37 0.258333 0.094444 0.037500 0.066667
110 0.295833 0.094444 0.037500 0.066667
39 0.334375 0.027778 0.033333 0.059259
290 0.363542 0.027778 0.033333 0.059259
255 0.392708 0.027778 0.033333 0.059259
111 0.421875 0.027778 0.033333 0.059259
290 0.451042 0.027778 0.033333 0.059259
14 0.247917 0.565741 0.114583 0.268519
15 0.247917 0.716667 0.120312 0.023333
291 0.195833 0.744444 0.025000 0.044444
292 0.220833 0.744444 0.025000 0.044444
293 0.245833 0.744444 0.025000 0.044444
294 0.756250 0.734259 0.025000 0.044444
295 0.781250 0.734259 0.025000 0.044444
190 0.850000 0.555556 0.197917 0.268519
20 0.850000 0.706481 0.207812 0.023333
167 0.850000 0.391667 0.038333 0.068148
