392 0.237500 1.000000 0.155649 0.335641
457 0.314063 0.968783 0.143917 0.323435
537 0.401563 0.945767 0.131037 0.308710
583 0.500000 0.931481 0.117188 0.291667
654 0.598437 0.945767 0.130975 0.308631
571 0.685938 0.968783 0.143855 0.323357
515 0.762500 1.000000 0.155588 0.335564
31 0.033333 0.094444 0.037500 0.066667
32 0.070833 0.094444 0.037500 0.066667
94 0.108333 0.094444 0.037500 0.066667
93 0.145833 0.094444 0.037500 0.066667
28 0.183333 0.094444 0.037500 0.066667
28 0.220833 0.094444 0.037500 0.066667
131 0.258333 0.094444 0.037500 0.066667
30 0.295833 0.094444 0.037500 0.066667
28 0.333333 0.094444 0.037500 0.066667
11 0.334375 0.027778 0.033333 0.059259
303 0.363542 0.027778 0.033333 0.059259
377 0.392708 0.027778 0.033333 0.059259
336 0.421875 0.027778 0.033333 0.059259
13 0.451042 0.027778 0.033333 0.059259
14 0.247917 0.565741 0.114583 0.268519
15 0.247917 0.716667 0.120312 0.023333
164 0.195833 0.744444 0.025000 0.044444
100 0.623958 0.706481 0.025000 0.044444
117 0.648958 0.706481 0.025000 0.044444
71 0.650000 0.569444 0.062500 0.185185
20 0.650000 0.678704 0.065625 0.023333
72 0.650000 0.447222 0.038333 0.068148
220 0.821354 0.724074 0.025000 0.044444
146 0.846354 0.724074 0.025000 0.044444
265 0.871354 0.724074 0.025000 0.044444
202 0.896354 0.724074 0.025000 0.044444
260 0.850000 0.633333 0.067708 0.092593
20 0.850000 0.696296 0.071094 0.023333
48 0.850000 0.557407 0.038333 0.068148
51 0.442187 0.728704 0.025000 0.044444
396 0.470833 0.600926 0.067708 0.166667
20 0.470833 0.700926 0.071094 0.023333
158 0.470833 0.487963 0.038333 0.068148
