561 0.401563 0.953704 0.131037 0.308710
486 0.500000 0.925926 0.117188 0.291667
561 0.598437 0.953704 0.130975 0.308631
7 0.033333 0.094444 0.037500 0.066667
35 0.070833 0.094444 0.037500 0.066667
7 0.108333 0.094444 0.037500 0.066667
255 0.334375 0.027778 0.033333 0.059259
13 0.363542 0.027778 0.033333 0.059259
13 0.392708 0.027778 0.033333 0.059259
13 0.421875 0.027778 0.033333 0.059259
13 0.451042 0.027778 0.033333 0.059259
14 0.247917 0.565741 0.114583 0.268519
15 0.247917 0.716667 0.120312 0.023333
220 0.195833 0.744444 0.025000 0.044444
120 0.220833 0.744444 0.025000 0.044444
264 0.245833 0.744444 0.025000 0.044444
103 0.270833 0.744444 0.025000 0.044444
273 0.592708 0.645113 0.025000 0.044444
140 0.650000 0.517335 0.125000 0.166667
20 0.650000 0.617335 0.131250 0.023333
48 0.650000 0.404372 0.038333 0.068148
371 0.803125 0.743519 0.025000 0.044444
152 0.828125 0.743519 0.025000 0.044444
292 0.853125 0.743519 0.025000 0.044444
368 0.850000 0.555556 0.104167 0.287037
20 0.850000 0.715741 0.109375 0.023333
48 0.850000 0.382407 0.038333 0.068148
424 0.366667 0.738889 0.025000 0.044444
292 0.391667 0.738889 0.025000 0.044444
422 0.452604 0.490741 0.182292 0.407407
20 0.452604 0.711111 0.191406 0.023333
82 0.452604 0.257407 0.038333 0.068148
