600 0.500000 0.925926 0.117188 0.291667
94 0.033333 0.094444 0.037500 0.066667
199 0.070833 0.094444 0.037500 0.066667
108 0.108333 0.094444 0.037500 0.066667
4 0.145833 0.094444 0.037500 0.066667
131 0.183333 0.094444 0.037500 0.066667
130 0.220833 0.094444 0.037500 0.066667
38 0.258333 0.094444 0.037500 0.066667
65 0.295833 0.094444 0.037500 0.066667
35 0.333333 0.094444 0.037500 0.066667
173 0.370833 0.094444 0.037500 0.066667
30 0.408333 0.094444 0.037500 0.066667
129 0.445833 0.094444 0.037500 0.066667
184 0.483333 0.094444 0.037500 0.066667
184 0.520833 0.094444 0.037500 0.066667
28 0.558333 0.094444 0.037500 0.066667
174 0.334375 0.027778 0.033333 0.059259
336 0.363542 0.027778 0.033333 0.059259
145 0.392708 0.027778 0.033333 0.059259
13 0.421875 0.027778 0.033333 0.059259
13 0.451042 0.027778 0.033333 0.059259
14 0.247917 0.565741 0.114583 0.268519
15 0.247917 0.716667 0.120312 0.023333
103 0.195833 0.744444 0.025000 0.044444
296 0.220833 0.744444 0.025000 0.044444
124 0.245833 0.744444 0.025000 0.044444
228 0.270833 0.744444 0.025000 0.044444
42 0.608333 0.706481 0.025000 0.044444
270 0.633333 0.706481 0.025000 0.044444
469 0.658333 0.706481 0.025000 0.044444
47 0.650000 0.597222 0.093750 0.129630
20 0.650000 0.678704 0.098437 0.023333
48 0.650000 0.502778 0.038333 0.068148
137 0.751042 0.731481 0.025000 0.044444
168 0.776042 0.731481 0.025000 0.044444
177 0.801042 0.731481 0.025000 0.044444
55 0.826042 0.731481 0.025000 0.044444
19 0.850000 0.525000 0.208333 0.324074
20 0.850000 0.703704 0.218750 0.023333
21 0.850000 0.333333 0.038333 0.068148
