522 0.226563 1.000000 0.153046 0.323776
550 0.300938 0.968750 0.142404 0.313332
451 0.379687 0.943287 0.130728 0.300556
440 0.458438 0.925926 0.118005 0.285433
500 0.541562 0.925926 0.117945 0.285357
540 0.620313 0.943287 0.130669 0.300481
624 0.693594 0.968750 0.142346 0.313258
640 0.773438 1.000000 0.152989 0.323704
64 0.033333 0.094444 0.037500 0.066667
30 0.070833 0.094444 0.037500 0.066667
35 0.108333 0.094444 0.037500 0.066667
131 0.145833 0.094444 0.037500 0.066667
109 0.183333 0.094444 0.037500 0.066667
68 0.334375 0.027778 0.033333 0.059259
185 0.363542 0.027778 0.033333 0.059259
13 0.392708 0.027778 0.033333 0.059259
13 0.421875 0.027778 0.033333 0.059259
13 0.451042 0.027778 0.033333 0.059259
14 0.247917 0.565741 0.114583 0.268519
15 0.247917 0.716667 0.120312 0.023333
273 0.195833 0.744444 0.025000 0.044444
256 0.220833 0.744444 0.025000 0.044444
228 0.587500 0.716667 0.025000 0.044444
187 0.612500 0.716667 0.025000 0.044444
348 0.650000 0.593518 0.135417 0.157407
20 0.650000 0.688889 0.142188 0.023333
48 0.650000 0.485185 0.038333 0.068148
481 0.743229 0.748148 0.025000 0.044444
137 0.768229 0.748148 0.025000 0.044444
80 0.793229 0.748148 0.025000 0.044444
358 0.850000 0.537037 0.223958 0.333333
20 0.850000 0.720370 0.235156 0.023333
21 0.850000 0.340741 0.038333 0.068148
