532 0.401563 0.953704 0.131037 0.308710
577 0.500000 0.925926 0.117188 0.291667
518 0.598437 0.953704 0.130975 0.308631
6 0.033333 0.094444 0.037500 0.066667
185 0.334375 0.027778 0.033333 0.059259
9 0.363542 0.027778 0.033333 0.059259
13 0.392708 0.027778 0.033333 0.059259
13 0.421875 0.027778 0.033333 0.059259
13 0.451042 0.027778 0.033333 0.059259
14 0.247917 0.565741 0.114583 0.268519
15 0.247917 0.716667 0.120312 0.023333
54 0.195833 0.744444 0.025000 0.044444
165 0.220833 0.744444 0.025000 0.044444
46 0.803125 0.733333 0.025000 0.044444
258 0.828125 0.733333 0.025000 0.044444
296 0.853125 0.733333 0.025000 0.044444
319 0.847396 0.605556 0.098958 0.166667
20 0.847396 0.705556 0.103906 0.023333
48 0.847396 0.492593 0.038333 0.068148
