566 0.226563 1.000000 0.153046 0.323776
361 0.300938 0.968750 0.142404 0.313332
88 0.379687 0.943287 0.130728 0.300556
244 0.458438 0.925926 0.118005 0.285433
298 0.541562 0.925926 0.117945 0.285357
374 0.620313 0.943287 0.130669 0.300481
639 0.693594 0.968750 0.142346 0.313258
308 0.773438 1.000000 0.152989 0.323704
38 0.033333 0.094444 0.037500 0.066667
336 0.334375 0.027778 0.033333 0.059259
336 0.363542 0.027778 0.033333 0.059259
13 0.392708 0.027778 0.033333 0.059259
13 0.421875 0.027778 0.033333 0.059259
13 0.451042 0.027778 0.033333 0.059259
14 0.247917 0.565741 0.114583 0.268519
15 0.247917 0.716667 0.120312 0.023333
165 0.195833 0.744444 0.025000 0.044444
189 0.220833 0.744444 0.025000 0.044444
524 0.245833 0.744444 0.025000 0.044444
307 0.810938 0.720681 0.025000 0.044444
164 0.835938 0.720681 0.025000 0.044444
277 0.860937 0.720681 0.025000 0.044444
608 0.850000 0.616052 0.088542 0.120370
20 0.850000 0.692903 0.092969 0.023333
82 0.850000 0.526237 0.038333 0.068148
177 0.603125 0.729630 0.025000 0.044444
49 0.628125 0.729630 0.025000 0.044444
382 0.650000 0.583333 0.104167 0.203704
20 0.650000 0.701852 0.109375 0.023333
48 0.650000 0.451852 0.038333 0.068148
366 0.371875 0.724074 0.025000 0.044444
73 0.396875 0.724074 0.025000 0.044444
265 0.421875 0.724074 0.025000 0.044444
134 0.446875 0.724074 0.025000 0.044444
441 0.439583 0.563889 0.145833 0.231481
20 0.439583 0.696296 0.153125 0.023333
48 0.439583 0.418519 0.038333 0.068148
