211 0.401563 0.953704 0.131037 0.308710
548 0.500000 0.925926 0.117188 0.291667
271 0.598437 0.953704 0.130975 0.308631
93 0.033333 0.094444 0.037500 0.066667
67 0.070833 0.094444 0.037500 0.066667
7 0.108333 0.094444 0.037500 0.066667
93 0.145833 0.094444 0.037500 0.066667
109 0.183333 0.094444 0.037500 0.066667
107 0.220833 0.094444 0.037500 0.066667
32 0.258333 0.094444 0.037500 0.066667
64 0.295833 0.094444 0.037500 0.066667
145 0.334375 0.027778 0.033333 0.059259
174 0.363542 0.027778 0.033333 0.059259
95 0.392708 0.027778 0.033333 0.059259
13 0.421875 0.027778 0.033333 0.059259
13 0.451042 0.027778 0.033333 0.059259
14 0.247917 0.565741 0.114583 0.268519
15 0.247917 0.716667 0.120312 0.023333
274 0.195833 0.744444 0.025000 0.044444
275 0.774479 0.725926 0.025000 0.044444
279 0.860417 0.561111 0.182292 0.240741
20 0.860417 0.698148 0.191406 0.023333
280 0.860417 0.411111 0.038333 0.068148
