308 0.500000 0.925926 0.117188 0.291667
14 0.033333 0.094444 0.037500 0.066667
48 0.070833 0.094444 0.037500 0.066667
17 0.108333 0.094444 0.037500 0.066667
15 0.145833 0.094444 0.037500 0.066667
9 0.183333 0.094444 0.037500 0.066667
79 0.220833 0.094444 0.037500 0.066667
100 0.258333 0.094444 0.037500 0.066667
12 0.295833 0.094444 0.037500 0.066667
12 0.333333 0.094444 0.037500 0.066667
14 0.370833 0.094444 0.037500 0.066667
10 0.408333 0.094444 0.037500 0.066667
9 0.445833 0.094444 0.037500 0.066667
80 0.483333 0.094444 0.037500 0.066667
144 0.520833 0.094444 0.037500 0.066667
99 0.558333 0.094444 0.037500 0.066667
14 0.595833 0.094444 0.037500 0.066667
79 0.633333 0.094444 0.037500 0.066667
8 0.670833 0.094444 0.037500 0.066667
311 0.334375 0.027778 0.033333 0.059259
145 0.363542 0.027778 0.033333 0.059259
282 0.392708 0.027778 0.033333 0.059259
53 0.421875 0.027778 0.033333 0.059259
311 0.451042 0.027778 0.033333 0.059259
25 0.247917 0.565741 0.114583 0.268519
26 0.247917 0.716667 0.120312 0.023333
302 0.195833 0.744444 0.025000 0.044444
414 0.220833 0.744444 0.025000 0.044444
316 0.245833 0.744444 0.025000 0.044444
63 0.270833 0.744444 0.025000 0.044444
262 0.803125 0.729630 0.025000 0.044444
425 0.828125 0.729630 0.025000 0.044444
341 0.853125 0.729630 0.025000 0.044444
146 0.878125 0.729630 0.025000 0.044444
200 0.850000 0.583333 0.104167 0.203704
32 0.850000 0.701852 0.109375 0.023333
33 0.850000 0.451852 0.038333 0.068148
425 0.603125 0.743519 0.025000 0.044444
128 0.628125 0.743519 0.025000 0.044444
56 0.653125 0.743519 0.025000 0.044444
154 0.678125 0.743519 0.025000 0.044444
117 0.650000 0.555556 0.104167 0.287037
32 0.650000 0.715741 0.109375 0.023333
33 0.650000 0.382407 0.038333 0.068148
