160 0.270312 0.986111 0.149899 0.329824
457 0.357812 0.949074 0.137609 0.316375
251 0.452969 0.925926 0.124215 0.300456
503 0.547031 0.925926 0.124152 0.300376
488 0.642187 0.949074 0.137546 0.316296
534 0.729688 0.986111 0.149838 0.329746
109 0.033333 0.094444 0.037500 0.066667
29 0.070833 0.094444 0.037500 0.066667
64 0.108333 0.094444 0.037500 0.066667
199 0.145833 0.094444 0.037500 0.066667
28 0.183333 0.094444 0.037500 0.066667
30 0.220833 0.094444 0.037500 0.066667
145 0.334375 0.027778 0.033333 0.059259
290 0.363542 0.027778 0.033333 0.059259
133 0.392708 0.027778 0.033333 0.059259
185 0.421875 0.027778 0.033333 0.059259
111 0.451042 0.027778 0.033333 0.059259
14 0.247917 0.565741 0.114583 0.268519
15 0.247917 0.716667 0.120312 0.023333
74 0.195833 0.744444 0.025000 0.044444
325 0.810938 0.729630 0.025000 0.044444
424 0.835938 0.729630 0.025000 0.044444
207 0.860937 0.729630 0.025000 0.044444
405 0.850000 0.578704 0.088542 0.212963
20 0.850000 0.701852 0.092969 0.023333
170 0.850000 0.442593 0.038333 0.068148
103 0.403125 0.729630 0.025000 0.044444
455 0.428125 0.729630 0.025000 0.044444
531 0.450000 0.583333 0.104167 0.203704
20 0.450000 0.701852 0.109375 0.023333
48 0.450000 0.451852 0.038333 0.068148
43 0.540625 0.734259 0.025000 0.044444
406 0.565625 0.734259 0.025000 0.044444
78 0.590625 0.734259 0.025000 0.044444
529 0.650000 0.527778 0.229167 0.324074
20 0.650000 0.706481 0.240625 0.023333
72 0.650000 0.336111 0.038333 0.068148
