142 0.351250 0.960648 0.137609 0.316375
375 0.449688 0.935185 0.124215 0.300456
480 0.550312 0.935185 0.124152 0.300376
632 0.648750 0.960648 0.137546 0.316296
173 0.033333 0.094444 0.037500 0.066667
32 0.070833 0.094444 0.037500 0.066667
30 0.108333 0.094444 0.037500 0.066667
6 0.145833 0.094444 0.037500 0.066667
108 0.183333 0.094444 0.037500 0.066667
68 0.334375 0.027778 0.033333 0.059259
13 0.363542 0.027778 0.033333 0.059259
13 0.392708 0.027778 0.033333 0.059259
13 0.421875 0.027778 0.033333 0.059259
13 0.451042 0.027778 0.033333 0.059259
14 0.247917 0.565741 0.114583 0.268519
15 0.247917 0.716667 0.120312 0.023333
269 0.195833 0.744444 0.025000 0.044444
80 0.220833 0.744444 0.025000 0.044444
116 0.540625 0.734259 0.025000 0.044444
258 0.565625 0.734259 0.025000 0.044444
117 0.590625 0.734259 0.025000 0.044444
529 0.650000 0.527778 0.229167 0.324074
20 0.650000 0.706481 0.240625 0.023333
72 0.650000 0.336111 0.038333 0.068148
240 0.740625 0.739815 0.025000 0.044444
164 0.765625 0.739815 0.025000 0.044444
446 0.852604 0.551852 0.234375 0.287037
20 0.852604 0.712037 0.246094 0.023333
167 0.852604 0.378704 0.038333 0.068148
97 0.353646 0.725926 0.025000 0.044444
243 0.450000 0.500926 0.203125 0.361111
20 0.450000 0.698148 0.213281 0.023333
170 0.450000 0.290741 0.038333 0.068148
