503 0.182812 1.000000 0.145411 0.296825
517 0.237500 0.976852 0.136936 0.289694
480 0.303125 0.951852 0.127414 0.280350
251 0.379687 0.928704 0.116968 0.268919
598 0.456250 0.921296 0.105583 0.255387
457 0.543750 0.921296 0.105530 0.255319
505 0.620313 0.928704 0.116914 0.268851
262 0.696875 0.951852 0.127362 0.280284
445 0.762500 0.976852 0.136885 0.289630
128 0.817187 1.000000 0.145376 0.296799
199 0.033333 0.094444 0.037500 0.066667
129 0.070833 0.094444 0.037500 0.066667
29 0.108333 0.094444 0.037500 0.066667
108 0.145833 0.094444 0.037500 0.066667
132 0.183333 0.094444 0.037500 0.066667
94 0.220833 0.094444 0.037500 0.066667
65 0.258333 0.094444 0.037500 0.066667
67 0.295833 0.094444 0.037500 0.066667
33 0.333333 0.094444 0.037500 0.066667
184 0.370833 0.094444 0.037500 0.066667
67 0.408333 0.094444 0.037500 0.066667
110 0.445833 0.094444 0.037500 0.066667
67 0.483333 0.094444 0.037500 0.066667
37 0.520833 0.094444 0.037500 0.066667
96 0.334375 0.027778 0.033333 0.059259
145 0.363542 0.027778 0.033333 0.059259
303 0.392708 0.027778 0.033333 0.059259
254 0.421875 0.027778 0.033333 0.059259
13 0.451042 0.027778 0.033333 0.059259
14 0.247917 0.565741 0.114583 0.268519
15 0.247917 0.716667 0.120312 0.023333
366 0.195833 0.744444 0.025000 0.044444
164 0.551042 0.731481 0.025000 0.044444
367 0.576042 0.731481 0.025000 0.044444
269 0.601042 0.731481 0.025000 0.044444
19 0.650000 0.525000 0.208333 0.324074
20 0.650000 0.703704 0.218750 0.023333
21 0.650000 0.333333 0.038333 0.068148
135 0.758854 0.748148 0.025000 0.044444
201 0.783854 0.748148 0.025000 0.044444
50 0.808854 0.748148 0.025000 0.044444
470 0.834375 0.562500 0.161458 0.282407
20 0.834375 0.720370 0.169531 0.023333
48 0.834375 0.391667 0.038333 0.068148
