619 0.448594 0.925926 0.124215 0.300456
634 0.557969 0.925926 0.124152 0.300376
108 0.033333 0.094444 0.037500 0.066667
31 0.070833 0.094444 0.037500 0.066667
109 0.108333 0.094444 0.037500 0.066667
67 0.145833 0.094444 0.037500 0.066667
94 0.183333 0.094444 0.037500 0.066667
109 0.220833 0.094444 0.037500 0.066667
8 0.258333 0.094444 0.037500 0.066667
67 0.295833 0.094444 0.037500 0.066667
107 0.333333 0.094444 0.037500 0.066667
35 0.370833 0.094444 0.037500 0.066667
4 0.408333 0.094444 0.037500 0.066667
4 0.445833 0.094444 0.037500 0.066667
8 0.483333 0.094444 0.037500 0.066667
91 0.520833 0.094444 0.037500 0.066667
67 0.558333 0.094444 0.037500 0.066667
110 0.595833 0.094444 0.037500 0.066667
112 0.334375 0.027778 0.033333 0.059259
133 0.363542 0.027778 0.033333 0.059259
336 0.392708 0.027778 0.033333 0.059259
13 0.421875 0.027778 0.033333 0.059259
13 0.451042 0.027778 0.033333 0.059259
14 0.247917 0.565741 0.114583 0.268519
15 0.247917 0.716667 0.120312 0.023333
51 0.195833 0.744444 0.025000 0.044444
42 0.740625 0.734259 0.025000 0.044444
165 0.765625 0.734259 0.025000 0.044444
529 0.850000 0.527778 0.229167 0.324074
20 0.850000 0.706481 0.240625 0.023333
72 0.850000 0.336111 0.038333 0.068148
188 0.387500 0.720370 0.025000 0.044444
178 0.412500 0.720370 0.025000 0.044444
291 0.437500 0.720370 0.025000 0.044444
330 0.450000 0.583333 0.135417 0.185185
20 0.450000 0.692593 0.142188 0.023333
48 0.450000 0.461111 0.038333 0.068148
371 0.553646 0.725926 0.025000 0.044444
243 0.650000 0.500926 0.203125 0.361111
20 0.650000 0.698148 0.213281 0.023333
170 0.650000 0.290741 0.038333 0.068148
