455 0.193750 1.000000 0.149621 0.310807
297 0.259375 0.982716 0.140084 0.302077
420 0.332656 0.955556 0.129526 0.291092
420 0.412500 0.930247 0.117934 0.277839
647 0.500000 0.925926 0.105469 0.262500
596 0.587500 0.930247 0.117877 0.277768
216 0.667344 0.955556 0.129470 0.291021
32 0.740625 0.982716 0.140029 0.302007
39 0.806250 1.000000 0.149567 0.310740
11 0.033333 0.094444 0.037500 0.066667
139 0.070833 0.094444 0.037500 0.066667
47 0.108333 0.094444 0.037500 0.066667
138 0.145833 0.094444 0.037500 0.066667
98 0.183333 0.094444 0.037500 0.066667
76 0.220833 0.094444 0.037500 0.066667
178 0.258333 0.094444 0.037500 0.066667
137 0.295833 0.094444 0.037500 0.066667
48 0.333333 0.094444 0.037500 0.066667
136 0.370833 0.094444 0.037500 0.066667
9 0.408333 0.094444 0.037500 0.066667
135 0.445833 0.094444 0.037500 0.066667
375 0.334375 0.027778 0.033333 0.059259
165 0.363542 0.027778 0.033333 0.059259
191 0.392708 0.027778 0.033333 0.059259
308 0.421875 0.027778 0.033333 0.059259
13 0.451042 0.027778 0.033333 0.059259
14 0.247917 0.565741 0.114583 0.268519
15 0.247917 0.716667 0.120312 0.023333
219 0.195833 0.744444 0.025000 0.044444
205 0.220833 0.744444 0.025000 0.044444
170 0.245833 0.744444 0.025000 0.044444
463 0.270833 0.744444 0.025000 0.044444
227 0.753646 0.725926 0.025000 0.044444
536 0.850000 0.500926 0.203125 0.361111
23 0.850000 0.698148 0.213281 0.023333
57 0.850000 0.290741 0.038333 0.068148
