567 0.351250 0.960648 0.137609 0.316375
409 0.449688 0.935185 0.124215 0.300456
466 0.550312 0.935185 0.124152 0.300376
586 0.648750 0.960648 0.137546 0.316296
36 0.033333 0.094444 0.037500 0.066667
107 0.070833 0.094444 0.037500 0.066667
67 0.108333 0.094444 0.037500 0.066667
36 0.145833 0.094444 0.037500 0.066667
65 0.183333 0.094444 0.037500 0.066667
109 0.220833 0.094444 0.037500 0.066667
173 0.258333 0.094444 0.037500 0.066667
304 0.334375 0.027778 0.033333 0.059259
13 0.363542 0.027778 0.033333 0.059259
13 0.392708 0.027778 0.033333 0.059259
13 0.421875 0.027778 0.033333 0.059259
13 0.451042 0.027778 0.033333 0.059259
14 0.247917 0.565741 0.114583 0.268519
15 0.247917 0.716667 0.120312 0.023333
124 0.195833 0.744444 0.025000 0.044444
18 0.220833 0.744444 0.025000 0.044444
240 0.245833 0.744444 0.025000 0.044444
116 0.784896 0.738889 0.025000 0.044444
117 0.809896 0.738889 0.025000 0.044444
53 0.850000 0.509259 0.140625 0.370370
20 0.850000 0.711111 0.147656 0.023333
331 0.850000 0.294444 0.038333 0.068148
296 0.525000 0.752778 0.025000 0.044444
454 0.550000 0.752778 0.025000 0.044444
16 0.575000 0.752778 0.025000 0.044444
164 0.600000 0.752778 0.025000 0.044444
397 0.644792 0.509259 0.250000 0.398148
20 0.644792 0.725000 0.262500 0.023333
21 0.644792 0.280556 0.038333 0.068148
