360 0.314063 0.986111 0.143917 0.323435
650 0.401563 0.953704 0.131037 0.308710
630 0.500000 0.935185 0.117188 0.291667
515 0.598437 0.953704 0.130975 0.308631
384 0.685938 0.986111 0.143855 0.323357
108 0.033333 0.094444 0.037500 0.066667
7 0.070833 0.094444 0.037500 0.066667
67 0.108333 0.094444 0.037500 0.066667
130 0.145833 0.094444 0.037500 0.066667
184 0.183333 0.094444 0.037500 0.066667
272 0.334375 0.027778 0.033333 0.059259
185 0.363542 0.027778 0.033333 0.059259
214 0.392708 0.027778 0.033333 0.059259
13 0.421875 0.027778 0.033333 0.059259
13 0.451042 0.027778 0.033333 0.059259
14 0.247917 0.565741 0.114583 0.268519
15 0.247917 0.716667 0.120312 0.023333
204 0.195833 0.744444 0.025000 0.044444
424 0.808333 0.706481 0.025000 0.044444
222 0.833333 0.706481 0.025000 0.044444
455 0.858333 0.706481 0.025000 0.044444
47 0.850000 0.597222 0.093750 0.129630
20 0.850000 0.678704 0.098437 0.023333
48 0.850000 0.502778 0.038333 0.068148
425 0.621354 0.731481 0.025000 0.044444
455 0.646354 0.731481 0.025000 0.044444
119 0.671354 0.731481 0.025000 0.044444
328 0.696354 0.731481 0.025000 0.044444
105 0.650000 0.640741 0.067708 0.092593
20 0.650000 0.703704 0.071094 0.023333
82 0.650000 0.564815 0.038333 0.068148
75 0.351042 0.731481 0.025000 0.044444
115 0.376042 0.731481 0.025000 0.044444
481 0.401042 0.731481 0.025000 0.044444
117 0.426042 0.731481 0.025000 0.044444
19 0.450000 0.525000 0.208333 0.324074
20 0.450000 0.703704 0.218750 0.023333
21 0.450000 0.333333 0.038333 0.068148
