445 0.182812 1.000000 0.145411 0.296825
589 0.237500 0.976852 0.136936 0.289694
219 0.303125 0.951852 0.127414 0.280350
332 0.379687 0.928704 0.116968 0.268919
350 0.456250 0.921296 0.105583 0.255387
561 0.543750 0.921296 0.105530 0.255319
172 0.620313 0.928704 0.116914 0.268851
62 0.696875 0.951852 0.127362 0.280284
634 0.762500 0.976852 0.136885 0.289630
480 0.817187 1.000000 0.145376 0.296799
94 0.033333 0.094444 0.037500 0.066667
131 0.070833 0.094444 0.037500 0.066667
93 0.108333 0.094444 0.037500 0.066667
66 0.145833 0.094444 0.037500 0.066667
38 0.183333 0.094444 0.037500 0.066667
381 0.334375 0.027778 0.033333 0.059259
13 0.363542 0.027778 0.033333 0.059259
13 0.392708 0.027778 0.033333 0.059259
13 0.421875 0.027778 0.033333 0.059259
13 0.451042 0.027778 0.033333 0.059259
14 0.247917 0.565741 0.114583 0.268519
15 0.247917 0.716667 0.120312 0.023333
256 0.195833 0.744444 0.025000 0.044444
17 0.608333 0.725000 0.025000 0.044444
50 0.633333 0.725000 0.025000 0.044444
55 0.658333 0.725000 0.025000 0.044444
102 0.650000 0.615741 0.093750 0.129630
20 0.650000 0.697222 0.098437 0.023333
48 0.650000 0.521296 0.038333 0.068148
242 0.803125 0.741667 0.025000 0.044444
56 0.828125 0.741667 0.025000 0.044444
401 0.853125 0.741667 0.025000 0.044444
217 0.844792 0.565278 0.093750 0.263889
20 0.844792 0.713889 0.098437 0.023333
158 0.844792 0.403704 0.038333 0.068148
