656 0.448594 0.925926 0.124215 0.300456
619 0.557969 0.925926 0.124152 0.300376
36 0.033333 0.094444 0.037500 0.066667
7 0.070833 0.094444 0.037500 0.066667
65 0.108333 0.094444 0.037500 0.066667
32 0.145833 0.094444 0.037500 0.066667
31 0.183333 0.094444 0.037500 0.066667
35 0.220833 0.094444 0.037500 0.066667
31 0.258333 0.094444 0.037500 0.066667
67 0.295833 0.094444 0.037500 0.066667
93 0.333333 0.094444 0.037500 0.066667
7 0.370833 0.094444 0.037500 0.066667
66 0.408333 0.094444 0.037500 0.066667
33 0.445833 0.094444 0.037500 0.066667
31 0.483333 0.094444 0.037500 0.066667
33 0.520833 0.094444 0.037500 0.066667
68 0.334375 0.027778 0.033333 0.059259
381 0.363542 0.027778 0.033333 0.059259
13 0.392708 0.027778 0.033333 0.059259
13 0.421875 0.027778 0.033333 0.059259
13 0.451042 0.027778 0.033333 0.059259
14 0.247917 0.565741 0.114583 0.268519
15 0.247917 0.716667 0.120312 0.023333
46 0.195833 0.744444 0.025000 0.044444
296 0.220833 0.744444 0.025000 0.044444
241 0.808333 0.725000 0.025000 0.044444
56 0.833333 0.725000 0.025000 0.044444
102 0.850000 0.615741 0.093750 0.129630
20 0.850000 0.697222 0.098437 0.023333
48 0.850000 0.521296 0.038333 0.068148
406 0.418750 0.706481 0.025000 0.044444
408 0.443750 0.706481 0.025000 0.044444
455 0.468750 0.706481 0.025000 0.044444
57 0.450000 0.601852 0.072917 0.120370
20 0.450000 0.678704 0.076563 0.023333
48 0.450000 0.512037 0.038333 0.068148
357 0.571875 0.724074 0.025000 0.044444
441 0.639583 0.563889 0.145833 0.231481
20 0.639583 0.696296 0.153125 0.023333
170 0.639583 0.418519 0.038333 0.068148
