487 0.237500 1.000000 0.155649 0.335641
232 0.314063 0.968783 0.143917 0.323435
85 0.401563 0.945767 0.131037 0.308710
537 0.500000 0.931481 0.117188 0.291667
288 0.598437 0.945767 0.130975 0.308631
580 0.685938 0.968783 0.143855 0.323357
388 0.762500 1.000000 0.155588 0.335564
65 0.033333 0.094444 0.037500 0.066667
184 0.070833 0.094444 0.037500 0.066667
131 0.108333 0.094444 0.037500 0.066667
92 0.145833 0.094444 0.037500 0.066667
32 0.183333 0.094444 0.037500 0.066667
7 0.220833 0.094444 0.037500 0.066667
66 0.258333 0.094444 0.037500 0.066667
92 0.295833 0.094444 0.037500 0.066667
129 0.333333 0.094444 0.037500 0.066667
30 0.370833 0.094444 0.037500 0.066667
92 0.408333 0.094444 0.037500 0.066667
66 0.445833 0.094444 0.037500 0.066667
28 0.483333 0.094444 0.037500 0.066667
31 0.520833 0.094444 0.037500 0.066667
110 0.558333 0.094444 0.037500 0.066667
109 0.595833 0.094444 0.037500 0.066667
131 0.633333 0.094444 0.037500 0.066667
11 0.334375 0.027778 0.033333 0.059259
95 0.363542 0.027778 0.033333 0.059259
255 0.392708 0.027778 0.033333 0.059259
336 0.421875 0.027778 0.033333 0.059259
13 0.451042 0.027778 0.033333 0.059259
14 0.247917 0.565741 0.114583 0.268519
15 0.247917 0.716667 0.120312 0.023333
269 0.195833 0.744444 0.025000 0.044444
305 0.220833 0.744444 0.025000 0.044444
215 0.245833 0.744444 0.025000 0.044444
55 0.821354 0.731481 0.025000 0.044444
275 0.846354 0.731481 0.025000 0.044444
416 0.871354 0.731481 0.025000 0.044444
105 0.850000 0.640741 0.067708 0.092593
20 0.850000 0.703704 0.071094 0.023333
82 0.850000 0.564815 0.038333 0.068148
176 0.384896 0.738889 0.025000 0.044444
314 0.409896 0.738889 0.025000 0.044444
53 0.450000 0.509259 0.140625 0.370370
20 0.450000 0.711111 0.147656 0.023333
331 0.450000 0.294444 0.038333 0.068148
165 0.558854 0.725000 0.025000 0.044444
476 0.650000 0.523148 0.192708 0.314815
20 0.650000 0.697222 0.202344 0.023333
48 0.650000 0.336111 0.038333 0.068148
