300 0.448594 0.925926 0.124215 0.300456
293 0.557969 0.925926 0.124152 0.300376
79 0.033333 0.094444 0.037500 0.066667
77 0.070833 0.094444 0.037500 0.066667
79 0.108333 0.094444 0.037500 0.066667
9 0.145833 0.094444 0.037500 0.066667
20 0.183333 0.094444 0.037500 0.066667
16 0.220833 0.094444 0.037500 0.066667
102 0.258333 0.094444 0.037500 0.066667
144 0.295833 0.094444 0.037500 0.066667
100 0.333333 0.094444 0.037500 0.066667
77 0.370833 0.094444 0.037500 0.066667
45 0.408333 0.094444 0.037500 0.066667
79 0.445833 0.094444 0.037500 0.066667
301 0.334375 0.027778 0.033333 0.059259
301 0.363542 0.027778 0.033333 0.059259
22 0.392708 0.027778 0.033333 0.059259
24 0.421875 0.027778 0.033333 0.059259
24 0.451042 0.027778 0.033333 0.059259
25 0.247917 0.565741 0.114583 0.268519
26 0.247917 0.716667 0.120312 0.023333
302 0.195833 0.744444 0.025000 0.044444
303 0.220833 0.744444 0.025000 0.044444
304 0.245833 0.744444 0.025000 0.044444
225 0.270833 0.744444 0.025000 0.044444
305 0.626562 0.740741 0.025000 0.044444
254 0.651563 0.740741 0.025000 0.044444
59 0.650000 0.594444 0.057292 0.203704
32 0.650000 0.712963 0.060156 0.023333
38 0.650000 0.462963 0.038333 0.068148
306 0.821354 0.724074 0.025000 0.044444
135 0.846354 0.724074 0.025000 0.044444
209 0.871354 0.724074 0.025000 0.044444
31 0.850000 0.633333 0.067708 0.092593
32 0.850000 0.696296 0.071094 0.023333
33 0.850000 0.557407 0.038333 0.068148
