486 0.226563 1.000000 0.153046 0.323776
460 0.300938 0.968750 0.142404 0.313332
533 0.379687 0.943287 0.130728 0.300556
596 0.458438 0.925926 0.118005 0.285433
387 0.541562 0.925926 0.117945 0.285357
219 0.620313 0.943287 0.130669 0.300481
619 0.693594 0.968750 0.142346 0.313258
595 0.773438 1.000000 0.152989 0.323704
37 0.033333 0.094444 0.037500 0.066667
92 0.070833 0.094444 0.037500 0.066667
93 0.108333 0.094444 0.037500 0.066667
6 0.145833 0.094444 0.037500 0.066667
31 0.183333 0.094444 0.037500 0.066667
94 0.220833 0.094444 0.037500 0.066667
129 0.258333 0.094444 0.037500 0.066667
91 0.295833 0.094444 0.037500 0.066667
37 0.333333 0.094444 0.037500 0.066667
94 0.370833 0.094444 0.037500 0.066667
93 0.408333 0.094444 0.037500 0.066667
186 0.334375 0.027778 0.033333 0.059259
272 0.363542 0.027778 0.033333 0.059259
238 0.392708 0.027778 0.033333 0.059259
303 0.421875 0.027778 0.033333 0.059259
13 0.451042 0.027778 0.033333 0.059259
14 0.247917 0.565741 0.114583 0.268519
15 0.247917 0.716667 0.120312 0.023333
425 0.195833 0.744444 0.025000 0.044444
177 0.405729 0.738889 0.025000 0.044444
401 0.430729 0.738889 0.025000 0.044444
390 0.455729 0.738889 0.025000 0.044444
416 0.480729 0.738889 0.025000 0.044444
329 0.447396 0.564815 0.093750 0.259259
20 0.447396 0.711111 0.098437 0.023333
21 0.447396 0.405556 0.038333 0.068148
16 0.784896 0.641667 0.025000 0.044444
157 0.857813 0.416667 0.156250 0.361111
20 0.857813 0.613889 0.164063 0.023333
158 0.857813 0.206481 0.038333 0.068148
80 0.587500 0.720370 0.025000 0.044444
447 0.612500 0.720370 0.025000 0.044444
469 0.637500 0.720370 0.025000 0.044444
330 0.650000 0.583333 0.135417 0.185185
20 0.650000 0.692593 0.142188 0.023333
331 0.650000 0.461111 0.038333 0.068148
