358 0.401563 0.953704 0.131037 0.308710
547 0.500000 0.925926 0.117188 0.291667
528 0.598437 0.953704 0.130975 0.308631
97 0.033333 0.094444 0.037500 0.066667
46 0.070833 0.094444 0.037500 0.066667
177 0.108333 0.094444 0.037500 0.066667
136 0.145833 0.094444 0.037500 0.066667
48 0.183333 0.094444 0.037500 0.066667
97 0.220833 0.094444 0.037500 0.066667
10 0.258333 0.094444 0.037500 0.066667
42 0.295833 0.094444 0.037500 0.066667
48 0.333333 0.094444 0.037500 0.066667
164 0.370833 0.094444 0.037500 0.066667
135 0.408333 0.094444 0.037500 0.066667
163 0.445833 0.094444 0.037500 0.066667
136 0.483333 0.094444 0.037500 0.066667
234 0.334375 0.027778 0.033333 0.059259
402 0.363542 0.027778 0.033333 0.059259
122 0.392708 0.027778 0.033333 0.059259
308 0.421875 0.027778 0.033333 0.059259
13 0.451042 0.027778 0.033333 0.059259
14 0.247917 0.565741 0.114583 0.268519
15 0.247917 0.716667 0.120312 0.023333
262 0.195833 0.744444 0.025000 0.044444
26 0.220833 0.744444 0.025000 0.044444
292 0.245833 0.744444 0.025000 0.044444
363 0.270833 0.744444 0.025000 0.044444
458 0.823958 0.706481 0.025000 0.044444
303 0.850000 0.569444 0.062500 0.185185
23 0.850000 0.678704 0.065625 0.023333
196 0.850000 0.447222 0.038333 0.068148
170 0.410937 0.725062 0.025000 0.044444
472 0.450000 0.620433 0.088542 0.120370
23 0.450000 0.697284 0.092969 0.023333
24 0.450000 0.530618 0.038333 0.068148
293 0.556250 0.734259 0.025000 0.044444
407 0.581250 0.734259 0.025000 0.044444
362 0.606250 0.734259 0.025000 0.044444
327 0.631250 0.734259 0.025000 0.044444
539 0.650000 0.555556 0.197917 0.268519
23 0.650000 0.706481 0.207812 0.023333
196 0.650000 0.391667 0.038333 0.068148
