629 0.448594 0.925926 0.124215 0.300456
563 0.557969 0.925926 0.124152 0.300376
173 0.033333 0.094444 0.037500 0.066667
132 0.070833 0.094444 0.037500 0.066667
34 0.108333 0.094444 0.037500 0.066667
36 0.145833 0.094444 0.037500 0.066667
28 0.183333 0.094444 0.037500 0.066667
33 0.220833 0.094444 0.037500 0.066667
5 0.258333 0.094444 0.037500 0.066667
132 0.295833 0.094444 0.037500 0.066667
129 0.333333 0.094444 0.037500 0.066667
214 0.334375 0.027778 0.033333 0.059259
13 0.363542 0.027778 0.033333 0.059259
13 0.392708 0.027778 0.033333 0.059259
13 0.421875 0.027778 0.033333 0.059259
13 0.451042 0.027778 0.033333 0.059259
14 0.247917 0.565741 0.114583 0.268519
15 0.247917 0.716667 0.120312 0.023333
299 0.195833 0.744444 0.025000 0.044444
347 0.220833 0.744444 0.025000 0.044444
156 0.245833 0.744444 0.025000 0.044444
69 0.270833 0.744444 0.025000 0.044444
435 0.608333 0.706481 0.025000 0.044444
241 0.633333 0.706481 0.025000 0.044444
239 0.658333 0.706481 0.025000 0.044444
148 0.683333 0.706481 0.025000 0.044444
47 0.650000 0.597222 0.093750 0.129630
20 0.650000 0.678704 0.098437 0.023333
82 0.650000 0.502778 0.038333 0.068148
239 0.411979 0.724074 0.025000 0.044444
77 0.436979 0.724074 0.025000 0.044444
315 0.445833 0.610185 0.078125 0.138889
20 0.445833 0.696296 0.082031 0.023333
48 0.445833 0.511111 0.038333 0.068148
328 0.726042 0.729630 0.025000 0.044444
77 0.751042 0.729630 0.025000 0.044444
282 0.844792 0.495370 0.247917 0.379630
20 0.844792 0.701852 0.260312 0.023333
48 0.844792 0.275926 0.038333 0.068148
