611 0.448594 0.925926 0.124215 0.300456
610 0.557969 0.925926 0.124152 0.300376
6 0.033333 0.094444 0.037500 0.066667
109 0.070833 0.094444 0.037500 0.066667
107 0.108333 0.094444 0.037500 0.066667
31 0.145833 0.094444 0.037500 0.066667
67 0.183333 0.094444 0.037500 0.066667
37 0.220833 0.094444 0.037500 0.066667
32 0.258333 0.094444 0.037500 0.066667
31 0.295833 0.094444 0.037500 0.066667
4 0.333333 0.094444 0.037500 0.066667
129 0.370833 0.094444 0.037500 0.066667
35 0.408333 0.094444 0.037500 0.066667
94 0.445833 0.094444 0.037500 0.066667
6 0.483333 0.094444 0.037500 0.066667
34 0.520833 0.094444 0.037500 0.066667
184 0.558333 0.094444 0.037500 0.066667
12 0.334375 0.027778 0.033333 0.059259
214 0.363542 0.027778 0.033333 0.059259
336 0.392708 0.027778 0.033333 0.059259
133 0.421875 0.027778 0.033333 0.059259
214 0.451042 0.027778 0.033333 0.059259
14 0.247917 0.565741 0.114583 0.268519
15 0.247917 0.716667 0.120312 0.023333
98 0.195833 0.744444 0.025000 0.044444
77 0.220833 0.744444 0.025000 0.044444
52 0.245833 0.744444 0.025000 0.044444
42 0.270833 0.744444 0.025000 0.044444
70 0.748438 0.729630 0.025000 0.044444
278 0.860417 0.476852 0.234375 0.416667
20 0.860417 0.701852 0.246094 0.023333
170 0.860417 0.238889 0.038333 0.068148
151 0.382813 0.734259 0.025000 0.044444
239 0.407813 0.734259 0.025000 0.044444
118 0.432813 0.734259 0.025000 0.044444
401 0.457812 0.734259 0.025000 0.044444
485 0.442708 0.537037 0.130208 0.305556
20 0.442708 0.706481 0.136719 0.023333
72 0.442708 0.354630 0.038333 0.068148
75 0.597917 0.737037 0.025000 0.044444
117 0.622917 0.737037 0.025000 0.044444
415 0.647917 0.737037 0.025000 0.044444
426 0.644792 0.562963 0.104167 0.259259
20 0.644792 0.709259 0.109375 0.023333
170 0.644792 0.403704 0.038333 0.068148
