654 0.182812 1.000000 0.145411 0.296825
465 0.237500 0.976852 0.136936 0.289694
182 0.303125 0.951852 0.127414 0.280350
334 0.379687 0.928704 0.116968 0.268919
261 0.456250 0.921296 0.105583 0.255387
352 0.543750 0.921296 0.105530 0.255319
317 0.620313 0.928704 0.116914 0.268851
342 0.696875 0.951852 0.127362 0.280284
286 0.762500 0.976852 0.136885 0.289630
655 0.817187 1.000000 0.145376 0.296799
92 0.033333 0.094444 0.037500 0.066667
34 0.070833 0.094444 0.037500 0.066667
37 0.108333 0.094444 0.037500 0.066667
65 0.145833 0.094444 0.037500 0.066667
33 0.183333 0.094444 0.037500 0.066667
32 0.220833 0.094444 0.037500 0.066667
91 0.258333 0.094444 0.037500 0.066667
91 0.295833 0.094444 0.037500 0.066667
65 0.333333 0.094444 0.037500 0.066667
92 0.370833 0.094444 0.037500 0.066667
303 0.334375 0.027778 0.033333 0.059259
68 0.363542 0.027778 0.033333 0.059259
13 0.392708 0.027778 0.033333 0.059259
13 0.421875 0.027778 0.033333 0.059259
13 0.451042 0.027778 0.033333 0.059259
14 0.247917 0.565741 0.114583 0.268519
15 0.247917 0.716667 0.120312 0.023333
136 0.195833 0.744444 0.025000 0.044444
148 0.220833 0.744444 0.025000 0.044444
175 0.245833 0.744444 0.025000 0.044444
294 0.405729 0.757407 0.025000 0.044444
99 0.430729 0.757407 0.025000 0.044444
168 0.455729 0.757407 0.025000 0.044444
366 0.480729 0.757407 0.025000 0.044444
141 0.452604 0.583333 0.104167 0.259259
20 0.452604 0.729630 0.109375 0.023333
48 0.452604 0.424074 0.038333 0.068148
296 0.605729 0.738889 0.025000 0.044444
281 0.630729 0.738889 0.025000 0.044444
134 0.655729 0.738889 0.025000 0.044444
329 0.647396 0.564815 0.093750 0.259259
20 0.647396 0.711111 0.098437 0.023333
21 0.647396 0.405556 0.038333 0.068148
281 0.771875 0.724074 0.025000 0.044444
406 0.796875 0.724074 0.025000 0.044444
74 0.821875 0.724074 0.025000 0.044444
441 0.839583 0.563889 0.145833 0.231481
20 0.839583 0.696296 0.153125 0.023333
170 0.839583 0.418519 0.038333 0.068148
