232 0.500000 0.925926 0.117188 0.291667
109 0.033333 0.094444 0.037500 0.066667
67 0.070833 0.094444 0.037500 0.066667
37 0.108333 0.094444 0.037500 0.066667
109 0.145833 0.094444 0.037500 0.066667
109 0.183333 0.094444 0.037500 0.066667
32 0.220833 0.094444 0.037500 0.066667
199 0.258333 0.094444 0.037500 0.066667
108 0.295833 0.094444 0.037500 0.066667
67 0.333333 0.094444 0.037500 0.066667
8 0.370833 0.094444 0.037500 0.066667
28 0.408333 0.094444 0.037500 0.066667
130 0.445833 0.094444 0.037500 0.066667
29 0.483333 0.094444 0.037500 0.066667
35 0.520833 0.094444 0.037500 0.066667
11 0.334375 0.027778 0.033333 0.059259
377 0.363542 0.027778 0.033333 0.059259
324 0.392708 0.027778 0.033333 0.059259
13 0.421875 0.027778 0.033333 0.059259
13 0.451042 0.027778 0.033333 0.059259
14 0.247917 0.565741 0.114583 0.268519
15 0.247917 0.716667 0.120312 0.023333
188 0.195833 0.744444 0.025000 0.044444
296 0.220833 0.744444 0.025000 0.044444
136 0.245833 0.744444 0.025000 0.044444
188 0.751042 0.731481 0.025000 0.044444
481 0.776042 0.731481 0.025000 0.044444
19 0.850000 0.525000 0.208333 0.324074
20 0.850000 0.703704 0.218750 0.023333
21 0.850000 0.333333 0.038333 0.068148
114 0.603125 0.743519 0.025000 0.044444
368 0.650000 0.555556 0.104167 0.287037
20 0.650000 0.715741 0.109375 0.023333
48 0.650000 0.382407 0.038333 0.068148
292 0.384896 0.641667 0.025000 0.044444
16 0.409896 0.641667 0.025000 0.044444
97 0.434896 0.641667 0.025000 0.044444
157 0.457812 0.416667 0.156250 0.361111
20 0.457812 0.613889 0.164063 0.023333
158 0.457812 0.206481 0.038333 0.068148
