213 0.401563 0.953704 0.131037 0.308710
492 0.500000 0.925926 0.117188 0.291667
630 0.598437 0.953704 0.130975 0.308631
199 0.033333 0.094444 0.037500 0.066667
107 0.070833 0.094444 0.037500 0.066667
33 0.108333 0.094444 0.037500 0.066667
36 0.145833 0.094444 0.037500 0.066667
32 0.183333 0.094444 0.037500 0.066667
4 0.220833 0.094444 0.037500 0.066667
184 0.258333 0.094444 0.037500 0.066667
92 0.295833 0.094444 0.037500 0.066667
4 0.333333 0.094444 0.037500 0.066667
5 0.370833 0.094444 0.037500 0.066667
37 0.408333 0.094444 0.037500 0.066667
29 0.445833 0.094444 0.037500 0.066667
132 0.483333 0.094444 0.037500 0.066667
95 0.334375 0.027778 0.033333 0.059259
377 0.363542 0.027778 0.033333 0.059259
144 0.392708 0.027778 0.033333 0.059259
200 0.421875 0.027778 0.033333 0.059259
255 0.451042 0.027778 0.033333 0.059259
14 0.247917 0.565741 0.114583 0.268519
15 0.247917 0.716667 0.120312 0.023333
78 0.195833 0.744444 0.025000 0.044444
75 0.220833 0.744444 0.025000 0.044444
41 0.558854 0.725000 0.025000 0.044444
390 0.583854 0.725000 0.025000 0.044444
268 0.608854 0.725000 0.025000 0.044444
476 0.650000 0.523148 0.192708 0.314815
20 0.650000 0.697222 0.202344 0.023333
48 0.650000 0.336111 0.038333 0.068148
378 0.743229 0.748148 0.025000 0.044444
416 0.768229 0.748148 0.025000 0.044444
104 0.793229 0.748148 0.025000 0.044444
358 0.850000 0.537037 0.223958 0.333333
20 0.850000 0.720370 0.235156 0.023333
21 0.850000 0.340741 0.038333 0.068148
