244 0.182812 1.000000 0.145411 0.296825
286 0.237500 0.976852 0.136936 0.289694
457 0.303125 0.951852 0.127414 0.280350
363 0.379687 0.928704 0.116968 0.268919
22 0.456250 0.921296 0.105583 0.255387
197 0.543750 0.921296 0.105530 0.255319
533 0.620313 0.928704 0.116914 0.268851
359 0.696875 0.951852 0.127362 0.280284
533 0.762500 0.976852 0.136885 0.289630
196 0.817187 1.000000 0.145376 0.296799
199 0.033333 0.094444 0.037500 0.066667
33 0.070833 0.094444 0.037500 0.066667
6 0.108333 0.094444 0.037500 0.066667
28 0.145833 0.094444 0.037500 0.066667
6 0.183333 0.094444 0.037500 0.066667
163 0.220833 0.094444 0.037500 0.066667
173 0.258333 0.094444 0.037500 0.066667
173 0.295833 0.094444 0.037500 0.066667
184 0.333333 0.094444 0.037500 0.066667
6 0.370833 0.094444 0.037500 0.066667
184 0.408333 0.094444 0.037500 0.066667
31 0.445833 0.094444 0.037500 0.066667
5 0.483333 0.094444 0.037500 0.066667
131 0.520833 0.094444 0.037500 0.066667
130 0.558333 0.094444 0.037500 0.066667
94 0.595833 0.094444 0.037500 0.066667
36 0.633333 0.094444 0.037500 0.066667
10 0.334375 0.027778 0.033333 0.059259
13 0.363542 0.027778 0.033333 0.059259
13 0.392708 0.027778 0.033333 0.059259
13 0.421875 0.027778 0.033333 0.059259
13 0.451042 0.027778 0.033333 0.059259
14 0.247917 0.565741 0.114583 0.268519
15 0.247917 0.716667 0.120312 0.023333
164 0.195833 0.744444 0.025000 0.044444
356 0.220833 0.744444 0.025000 0.044444
44 0.245833 0.744444 0.025000 0.044444
51 0.808333 0.725000 0.025000 0.044444
69 0.833333 0.725000 0.025000 0.044444
102 0.850000 0.615741 0.093750 0.129630
20 0.850000 0.697222 0.098437 0.023333
216 0.850000 0.521296 0.038333 0.068148
307 0.564062 0.751852 0.025000 0.044444
264 0.589063 0.751852 0.025000 0.044444
177 0.614062 0.751852 0.025000 0.044444
50 0.639063 0.751852 0.025000 0.044444
590 0.650000 0.540741 0.182292 0.333333
20 0.650000 0.724074 0.191406 0.023333
48 0.650000 0.344444 0.038333 0.068148
201 0.356250 0.743519 0.025000 0.044444
313 0.381250 0.743519 0.025000 0.044444
371 0.406250 0.743519 0.025000 0.044444
297 0.470833 0.583333 0.239583 0.231481
20 0.470833 0.715741 0.251562 0.023333
48 0.470833 0.437963 0.038333 0.068148
