564 0.351250 0.960648 0.137609 0.316375
427 0.449688 0.935185 0.124215 0.300456
433 0.550312 0.935185 0.124152 0.300376
286 0.648750 0.960648 0.137546 0.316296
129 0.033333 0.094444 0.037500 0.066667
199 0.070833 0.094444 0.037500 0.066667
6 0.108333 0.094444 0.037500 0.066667
108 0.145833 0.094444 0.037500 0.066667
130 0.183333 0.094444 0.037500 0.066667
37 0.220833 0.094444 0.037500 0.066667
93 0.258333 0.094444 0.037500 0.066667
109 0.295833 0.094444 0.037500 0.066667
107 0.333333 0.094444 0.037500 0.066667
64 0.370833 0.094444 0.037500 0.066667
132 0.408333 0.094444 0.037500 0.066667
131 0.445833 0.094444 0.037500 0.066667
4 0.483333 0.094444 0.037500 0.066667
163 0.520833 0.094444 0.037500 0.066667
37 0.558333 0.094444 0.037500 0.066667
38 0.595833 0.094444 0.037500 0.066667
30 0.633333 0.094444 0.037500 0.066667
238 0.334375 0.027778 0.033333 0.059259
39 0.363542 0.027778 0.033333 0.059259
272 0.392708 0.027778 0.033333 0.059259
174 0.421875 0.027778 0.033333 0.059259
255 0.451042 0.027778 0.033333 0.059259
14 0.247917 0.565741 0.114583 0.268519
15 0.247917 0.716667 0.120312 0.023333
104 0.195833 0.744444 0.025000 0.044444
139 0.220833 0.744444 0.025000 0.044444
69 0.245833 0.744444 0.025000 0.044444
73 0.270833 0.744444 0.025000 0.044444
98 0.805729 0.738889 0.025000 0.044444
123 0.830729 0.738889 0.025000 0.044444
329 0.847396 0.564815 0.093750 0.259259
20 0.847396 0.711111 0.098437 0.023333
21 0.847396 0.405556 0.038333 0.068148
