172 0.314063 0.986111 0.143917 0.323435
316 0.401563 0.953704 0.131037 0.308710
466 0.500000 0.935185 0.117188 0.291667
458 0.598437 0.953704 0.130975 0.308631
642 0.685938 0.986111 0.143855 0.323357
35 0.033333 0.094444 0.037500 0.066667
94 0.070833 0.094444 0.037500 0.066667
130 0.108333 0.094444 0.037500 0.066667
36 0.145833 0.094444 0.037500 0.066667
36 0.183333 0.094444 0.037500 0.066667
91 0.220833 0.094444 0.037500 0.066667
32 0.258333 0.094444 0.037500 0.066667
36 0.295833 0.094444 0.037500 0.066667
94 0.333333 0.094444 0.037500 0.066667
66 0.370833 0.094444 0.037500 0.066667
31 0.408333 0.094444 0.037500 0.066667
92 0.445833 0.094444 0.037500 0.066667
9 0.334375 0.027778 0.033333 0.059259
272 0.363542 0.027778 0.033333 0.059259
95 0.392708 0.027778 0.033333 0.059259
13 0.421875 0.027778 0.033333 0.059259
13 0.451042 0.027778 0.033333 0.059259
14 0.247917 0.565741 0.114583 0.268519
15 0.247917 0.716667 0.120312 0.023333
136 0.195833 0.744444 0.025000 0.044444
239 0.220833 0.744444 0.025000 0.044444
42 0.784896 0.641667 0.025000 0.044444
226 0.809896 0.641667 0.025000 0.044444
157 0.857813 0.416667 0.156250 0.361111
20 0.857813 0.613889 0.164063 0.023333
158 0.857813 0.206481 0.038333 0.068148
