317 0.270312 0.986111 0.149899 0.329824
542 0.357812 0.949074 0.137609 0.316375
432 0.452969 0.925926 0.124215 0.300456
655 0.547031 0.925926 0.124152 0.300376
633 0.642187 0.949074 0.137546 0.316296
586 0.729688 0.986111 0.149838 0.329746
130 0.033333 0.094444 0.037500 0.066667
6 0.070833 0.094444 0.037500 0.066667
93 0.108333 0.094444 0.037500 0.066667
6 0.145833 0.094444 0.037500 0.066667
7 0.183333 0.094444 0.037500 0.066667
65 0.220833 0.094444 0.037500 0.066667
66 0.258333 0.094444 0.037500 0.066667
109 0.295833 0.094444 0.037500 0.066667
30 0.333333 0.094444 0.037500 0.066667
67 0.370833 0.094444 0.037500 0.066667
12 0.334375 0.027778 0.033333 0.059259
185 0.363542 0.027778 0.033333 0.059259
13 0.392708 0.027778 0.033333 0.059259
13 0.421875 0.027778 0.033333 0.059259
13 0.451042 0.027778 0.033333 0.059259
14 0.247917 0.565741 0.114583 0.268519
15 0.247917 0.716667 0.120312 0.023333
51 0.195833 0.744444 0.025000 0.044444
268 0.220833 0.744444 0.025000 0.044444
469 0.245833 0.744444 0.025000 0.044444
137 0.270833 0.744444 0.025000 0.044444
447 0.608333 0.711111 0.025000 0.044444
80 0.633333 0.711111 0.025000 0.044444
47 0.650000 0.601852 0.093750 0.129630
20 0.650000 0.683333 0.098437 0.023333
48 0.650000 0.507407 0.038333 0.068148
152 0.764063 0.751852 0.025000 0.044444
590 0.850000 0.540741 0.182292 0.333333
20 0.850000 0.724074 0.191406 0.023333
48 0.850000 0.344444 0.038333 0.068148
