106 0.270312 0.986111 0.149899 0.329824
552 0.357812 0.949074 0.137609 0.316375
625 0.452969 0.925926 0.124215 0.300456
284 0.547031 0.925926 0.124152 0.300376
300 0.642187 0.949074 0.137546 0.316296
579 0.729688 0.986111 0.149838 0.329746
64 0.033333 0.094444 0.037500 0.066667
8 0.070833 0.094444 0.037500 0.066667
36 0.108333 0.094444 0.037500 0.066667
32 0.145833 0.094444 0.037500 0.066667
28 0.183333 0.094444 0.037500 0.066667
38 0.220833 0.094444 0.037500 0.066667
174 0.334375 0.027778 0.033333 0.059259
40 0.363542 0.027778 0.033333 0.059259
200 0.392708 0.027778 0.033333 0.059259
303 0.421875 0.027778 0.033333 0.059259
13 0.451042 0.027778 0.033333 0.059259
14 0.247917 0.565741 0.114583 0.268519
15 0.247917 0.716667 0.120312 0.023333
277 0.195833 0.744444 0.025000 0.044444
228 0.220833 0.744444 0.025000 0.044444
151 0.782812 0.734259 0.025000 0.044444
306 0.807813 0.734259 0.025000 0.044444
228 0.832812 0.734259 0.025000 0.044444
485 0.842708 0.537037 0.130208 0.305556
20 0.842708 0.706481 0.136719 0.023333
72 0.842708 0.354630 0.038333 0.068148
