345 0.226563 1.000000 0.153046 0.323776
654 0.300938 0.968750 0.142404 0.313332
576 0.379687 0.943287 0.130728 0.300556
504 0.458438 0.925926 0.118005 0.285433
310 0.541562 0.925926 0.117945 0.285357
461 0.620313 0.943287 0.130669 0.300481
432 0.693594 0.968750 0.142346 0.313258
61 0.773438 1.000000 0.152989 0.323704
5 0.033333 0.094444 0.037500 0.066667
36 0.070833 0.094444 0.037500 0.066667
65 0.108333 0.094444 0.037500 0.066667
31 0.145833 0.094444 0.037500 0.066667
34 0.183333 0.094444 0.037500 0.066667
131 0.220833 0.094444 0.037500 0.066667
129 0.258333 0.094444 0.037500 0.066667
199 0.295833 0.094444 0.037500 0.066667
8 0.333333 0.094444 0.037500 0.066667
31 0.370833 0.094444 0.037500 0.066667
37 0.408333 0.094444 0.037500 0.066667
33 0.445833 0.094444 0.037500 0.066667
36 0.483333 0.094444 0.037500 0.066667
132 0.520833 0.094444 0.037500 0.066667
94 0.558333 0.094444 0.037500 0.066667
92 0.595833 0.094444 0.037500 0.066667
107 0.633333 0.094444 0.037500 0.066667
34 0.670833 0.094444 0.037500 0.066667
303 0.334375 0.027778 0.033333 0.059259
96 0.363542 0.027778 0.033333 0.059259
238 0.392708 0.027778 0.033333 0.059259
133 0.421875 0.027778 0.033333 0.059259
13 0.451042 0.027778 0.033333 0.059259
14 0.247917 0.565741 0.114583 0.268519
15 0.247917 0.716667 0.120312 0.023333
264 0.195833 0.744444 0.025000 0.044444
117 0.220833 0.744444 0.025000 0.044444
137 0.245833 0.744444 0.025000 0.044444
402 0.558854 0.748148 0.025000 0.044444
294 0.583854 0.748148 0.025000 0.044444
226 0.608854 0.748148 0.025000 0.044444
435 0.633854 0.748148 0.025000 0.044444
470 0.634375 0.562500 0.161458 0.282407
20 0.634375 0.720370 0.169531 0.023333
48 0.634375 0.391667 0.038333 0.068148
49 0.403125 0.733333 0.025000 0.044444
319 0.447396 0.605556 0.098958 0.166667
20 0.447396 0.705556 0.103906 0.023333
48 0.447396 0.492593 0.038333 0.068148
135 0.784896 0.641667 0.025000 0.044444
157 0.857813 0.416667 0.156250 0.361111
20 0.857813 0.613889 0.164063 0.023333
158 0.857813 0.206481 0.038333 0.068148
