544 0.193750 1.000000 0.149621 0.310807
372 0.259375 0.982716 0.140084 0.302077
450 0.332656 0.955556 0.129526 0.291092
62 0.412500 0.930247 0.117934 0.277839
585 0.500000 0.925926 0.105469 0.262500
550 0.587500 0.930247 0.117877 0.277768
271 0.667344 0.955556 0.129470 0.291021
364 0.740625 0.982716 0.140029 0.302007
345 0.806250 1.000000 0.149567 0.310740
31 0.033333 0.094444 0.037500 0.066667
92 0.070833 0.094444 0.037500 0.066667
8 0.108333 0.094444 0.037500 0.066667
110 0.145833 0.094444 0.037500 0.066667
38 0.183333 0.094444 0.037500 0.066667
91 0.220833 0.094444 0.037500 0.066667
32 0.258333 0.094444 0.037500 0.066667
108 0.295833 0.094444 0.037500 0.066667
94 0.333333 0.094444 0.037500 0.066667
5 0.370833 0.094444 0.037500 0.066667
184 0.408333 0.094444 0.037500 0.066667
174 0.334375 0.027778 0.033333 0.059259
10 0.363542 0.027778 0.033333 0.059259
13 0.392708 0.027778 0.033333 0.059259
13 0.421875 0.027778 0.033333 0.059259
13 0.451042 0.027778 0.033333 0.059259
14 0.247917 0.565741 0.114583 0.268519
15 0.247917 0.716667 0.120312 0.023333
151 0.195833 0.744444 0.025000 0.044444
226 0.220833 0.744444 0.025000 0.044444
117 0.245833 0.744444 0.025000 0.044444
281 0.270833 0.744444 0.025000 0.044444
16 0.810938 0.729630 0.025000 0.044444
99 0.835938 0.729630 0.025000 0.044444
265 0.860937 0.729630 0.025000 0.044444
295 0.885938 0.729630 0.025000 0.044444
405 0.850000 0.578704 0.088542 0.212963
20 0.850000 0.701852 0.092969 0.023333
170 0.850000 0.442593 0.038333 0.068148
155 0.387500 0.716667 0.025000 0.044444
146 0.412500 0.716667 0.025000 0.044444
348 0.450000 0.593518 0.135417 0.157407
20 0.450000 0.688889 0.142188 0.023333
48 0.450000 0.485185 0.038333 0.068148
264 0.611979 0.740741 0.025000 0.044444
81 0.645833 0.626852 0.078125 0.138889
20 0.645833 0.712963 0.082031 0.023333
82 0.645833 0.527778 0.038333 0.068148
