648 0.351250 0.960648 0.137609 0.316375
370 0.449688 0.935185 0.124215 0.300456
210 0.550312 0.935185 0.124152 0.300376
308 0.648750 0.960648 0.137546 0.316296
110 0.033333 0.094444 0.037500 0.066667
131 0.070833 0.094444 0.037500 0.066667
32 0.108333 0.094444 0.037500 0.066667
107 0.145833 0.094444 0.037500 0.066667
91 0.183333 0.094444 0.037500 0.066667
108 0.220833 0.094444 0.037500 0.066667
199 0.258333 0.094444 0.037500 0.066667
290 0.334375 0.027778 0.033333 0.059259
381 0.363542 0.027778 0.033333 0.059259
254 0.392708 0.027778 0.033333 0.059259
113 0.421875 0.027778 0.033333 0.059259
13 0.451042 0.027778 0.033333 0.059259
14 0.247917 0.565741 0.114583 0.268519
15 0.247917 0.716667 0.120312 0.023333
79 0.195833 0.744444 0.025000 0.044444
371 0.220833 0.744444 0.025000 0.044444
165 0.245833 0.744444 0.025000 0.044444
258 0.743229 0.748148 0.025000 0.044444
239 0.768229 0.748148 0.025000 0.044444
358 0.850000 0.537037 0.223958 0.333333
20 0.850000 0.720370 0.235156 0.023333
21 0.850000 0.340741 0.038333 0.068148
