142 0.448594 0.925926 0.124215 0.300456
182 0.557969 0.925926 0.124152 0.300376
130 0.033333 0.094444 0.037500 0.066667
33 0.070833 0.094444 0.037500 0.066667
129 0.108333 0.094444 0.037500 0.066667
7 0.145833 0.094444 0.037500 0.066667
66 0.183333 0.094444 0.037500 0.066667
107 0.220833 0.094444 0.037500 0.066667
29 0.258333 0.094444 0.037500 0.066667
4 0.295833 0.094444 0.037500 0.066667
36 0.333333 0.094444 0.037500 0.066667
94 0.370833 0.094444 0.037500 0.066667
108 0.408333 0.094444 0.037500 0.066667
110 0.445833 0.094444 0.037500 0.066667
64 0.483333 0.094444 0.037500 0.066667
33 0.520833 0.094444 0.037500 0.066667
130 0.558333 0.094444 0.037500 0.066667
6 0.595833 0.094444 0.037500 0.066667
174 0.334375 0.027778 0.033333 0.059259
336 0.363542 0.027778 0.033333 0.059259
214 0.392708 0.027778 0.033333 0.059259
186 0.421875 0.027778 0.033333 0.059259
272 0.451042 0.027778 0.033333 0.059259
14 0.247917 0.565741 0.114583 0.268519
15 0.247917 0.716667 0.120312 0.023333
123 0.195833 0.744444 0.025000 0.044444
390 0.220833 0.744444 0.025000 0.044444
299 0.245833 0.744444 0.025000 0.044444
275 0.784896 0.641667 0.025000 0.044444
157 0.857813 0.416667 0.156250 0.361111
20 0.857813 0.613889 0.164063 0.023333
158 0.857813 0.206481 0.038333 0.068148
