248 0.193750 1.000000 0.149621 0.310807
500 0.259375 0.982716 0.140084 0.302077
560 0.332656 0.955556 0.129526 0.291092
489 0.412500 0.930247 0.117934 0.277839
287 0.500000 0.925926 0.105469 0.262500
610 0.587500 0.930247 0.117877 0.277768
300 0.667344 0.955556 0.129470 0.291021
620 0.740625 0.982716 0.140029 0.302007
373 0.806250 1.000000 0.149567 0.310740
28 0.033333 0.094444 0.037500 0.066667
67 0.070833 0.094444 0.037500 0.066667
94 0.108333 0.094444 0.037500 0.066667
38 0.145833 0.094444 0.037500 0.066667
199 0.183333 0.094444 0.037500 0.066667
8 0.220833 0.094444 0.037500 0.066667
94 0.258333 0.094444 0.037500 0.066667
67 0.295833 0.094444 0.037500 0.066667
5 0.333333 0.094444 0.037500 0.066667
65 0.370833 0.094444 0.037500 0.066667
110 0.408333 0.094444 0.037500 0.066667
11 0.334375 0.027778 0.033333 0.059259
304 0.363542 0.027778 0.033333 0.059259
13 0.392708 0.027778 0.033333 0.059259
13 0.421875 0.027778 0.033333 0.059259
13 0.451042 0.027778 0.033333 0.059259
14 0.247917 0.565741 0.114583 0.268519
15 0.247917 0.716667 0.120312 0.023333
80 0.195833 0.744444 0.025000 0.044444
281 0.220833 0.744444 0.025000 0.044444
43 0.245833 0.744444 0.025000 0.044444
175 0.270833 0.744444 0.025000 0.044444
44 0.766667 0.738889 0.025000 0.044444
422 0.852604 0.490741 0.182292 0.407407
20 0.852604 0.711111 0.191406 0.023333
48 0.852604 0.257407 0.038333 0.068148
