596 0.237500 1.000000 0.155649 0.335641
525 0.314063 0.968783 0.143917 0.323435
403 0.401563 0.945767 0.131037 0.308710
491 0.500000 0.931481 0.117188 0.291667
471 0.598437 0.945767 0.130975 0.308631
244 0.685938 0.968783 0.143855 0.323357
647 0.762500 1.000000 0.155588 0.335564
100 0.033333 0.094444 0.037500 0.066667
76 0.070833 0.094444 0.037500 0.066667
45 0.108333 0.094444 0.037500 0.066667
46 0.145833 0.094444 0.037500 0.066667
44 0.183333 0.094444 0.037500 0.066667
188 0.220833 0.094444 0.037500 0.066667
139 0.258333 0.094444 0.037500 0.066667
97 0.295833 0.094444 0.037500 0.066667
204 0.334375 0.027778 0.033333 0.059259
122 0.363542 0.027778 0.033333 0.059259
122 0.392708 0.027778 0.033333 0.059259
421 0.421875 0.027778 0.033333 0.059259
13 0.451042 0.027778 0.033333 0.059259
14 0.247917 0.565741 0.114583 0.268519
15 0.247917 0.716667 0.120312 0.023333
109 0.195833 0.744444 0.025000 0.044444
112 0.220833 0.744444 0.025000 0.044444
83 0.245833 0.744444 0.025000 0.044444
431 0.270833 0.744444 0.025000 0.044444
370 0.740625 0.734259 0.025000 0.044444
206 0.765625 0.734259 0.025000 0.044444
195 0.850000 0.527778 0.229167 0.324074
23 0.850000 0.706481 0.240625 0.023333
196 0.850000 0.336111 0.038333 0.068148
