392 0.193750 1.000000 0.149621 0.310807
430 0.259375 0.982716 0.140084 0.302077
160 0.332656 0.955556 0.129526 0.291092
418 0.412500 0.930247 0.117934 0.277839
488 0.500000 0.925926 0.105469 0.262500
452 0.587500 0.930247 0.117877 0.277768
196 0.667344 0.955556 0.129470 0.291021
224 0.740625 0.982716 0.140029 0.302007
321 0.806250 1.000000 0.149567 0.310740
32 0.033333 0.094444 0.037500 0.066667
109 0.070833 0.094444 0.037500 0.066667
64 0.108333 0.094444 0.037500 0.066667
33 0.145833 0.094444 0.037500 0.066667
37 0.183333 0.094444 0.037500 0.066667
38 0.220833 0.094444 0.037500 0.066667
129 0.258333 0.094444 0.037500 0.066667
6 0.295833 0.094444 0.037500 0.066667
7 0.333333 0.094444 0.037500 0.066667
30 0.370833 0.094444 0.037500 0.066667
96 0.334375 0.027778 0.033333 0.059259
133 0.363542 0.027778 0.033333 0.059259
144 0.392708 0.027778 0.033333 0.059259
13 0.421875 0.027778 0.033333 0.059259
13 0.451042 0.027778 0.033333 0.059259
14 0.247917 0.565741 0.114583 0.268519
15 0.247917 0.716667 0.120312 0.023333
41 0.195833 0.744444 0.025000 0.044444
295 0.220833 0.744444 0.025000 0.044444
327 0.245833 0.744444 0.025000 0.044444
226 0.270833 0.744444 0.025000 0.044444
45 0.610937 0.698223 0.025000 0.044444
55 0.635938 0.698223 0.025000 0.044444
134 0.660937 0.698223 0.025000 0.044444
448 0.650000 0.593594 0.088542 0.120370
20 0.650000 0.670445 0.092969 0.023333
48 0.650000 0.503779 0.038333 0.068148
56 0.795313 0.748148 0.025000 0.044444
482 0.850000 0.587963 0.119792 0.231481
20 0.850000 0.720370 0.125781 0.023333
216 0.850000 0.442593 0.038333 0.068148
