417 0.448594 0.925926 0.124215 0.300456
191 0.557969 0.925926 0.124152 0.300376
8 0.033333 0.094444 0.037500 0.066667
92 0.070833 0.094444 0.037500 0.066667
66 0.108333 0.094444 0.037500 0.066667
29 0.145833 0.094444 0.037500 0.066667
184 0.183333 0.094444 0.037500 0.066667
355 0.334375 0.027778 0.033333 0.059259
145 0.363542 0.027778 0.033333 0.059259
144 0.392708 0.027778 0.033333 0.059259
200 0.421875 0.027778 0.033333 0.059259
133 0.451042 0.027778 0.033333 0.059259
14 0.247917 0.565741 0.114583 0.268519
15 0.247917 0.716667 0.120312 0.023333
265 0.195833 0.744444 0.025000 0.044444
306 0.220833 0.744444 0.025000 0.044444
414 0.245833 0.744444 0.025000 0.044444
402 0.803125 0.729630 0.025000 0.044444
54 0.828125 0.729630 0.025000 0.044444
382 0.850000 0.583333 0.104167 0.203704
20 0.850000 0.701852 0.109375 0.023333
48 0.850000 0.451852 0.038333 0.068148
78 0.566667 0.738889 0.025000 0.044444
422 0.652604 0.490741 0.182292 0.407407
20 0.652604 0.711111 0.191406 0.023333
48 0.652604 0.257407 0.038333 0.068148
