637 0.401563 0.953704 0.131037 0.308710
505 0.500000 0.925926 0.117188 0.291667
636 0.598437 0.953704 0.130975 0.308631
38 0.033333 0.094444 0.037500 0.066667
108 0.070833 0.094444 0.037500 0.066667
28 0.108333 0.094444 0.037500 0.066667
6 0.145833 0.094444 0.037500 0.066667
66 0.183333 0.094444 0.037500 0.066667
173 0.220833 0.094444 0.037500 0.066667
93 0.258333 0.094444 0.037500 0.066667
163 0.295833 0.094444 0.037500 0.066667
31 0.333333 0.094444 0.037500 0.066667
143 0.334375 0.027778 0.033333 0.059259
381 0.363542 0.027778 0.033333 0.059259
324 0.392708 0.027778 0.033333 0.059259
133 0.421875 0.027778 0.033333 0.059259
13 0.451042 0.027778 0.033333 0.059259
14 0.247917 0.565741 0.114583 0.268519
15 0.247917 0.716667 0.120312 0.023333
270 0.195833 0.744444 0.025000 0.044444
139 0.725000 0.752778 0.025000 0.044444
227 0.750000 0.752778 0.025000 0.044444
146 0.775000 0.752778 0.025000 0.044444
54 0.800000 0.752778 0.025000 0.044444
397 0.844792 0.509259 0.250000 0.398148
20 0.844792 0.725000 0.262500 0.023333
48 0.844792 0.280556 0.038333 0.068148
222 0.566667 0.738889 0.025000 0.044444
69 0.591667 0.738889 0.025000 0.044444
422 0.652604 0.490741 0.182292 0.407407
20 0.652604 0.711111 0.191406 0.023333
48 0.652604 0.257407 0.038333 0.068148
