433 0.182812 1.000000 0.145411 0.296825
616 0.237500 0.976852 0.136936 0.289694
450 0.303125 0.951852 0.127414 0.280350
384 0.379687 0.928704 0.116968 0.268919
604 0.456250 0.921296 0.105583 0.255387
493 0.543750 0.921296 0.105530 0.255319
596 0.620313 0.928704 0.116914 0.268851
359 0.696875 0.951852 0.127362 0.280284
59 0.762500 0.976852 0.136885 0.289630
90 0.817187 1.000000 0.145376 0.296799
30 0.033333 0.094444 0.037500 0.066667
109 0.070833 0.094444 0.037500 0.066667
130 0.108333 0.094444 0.037500 0.066667
33 0.145833 0.094444 0.037500 0.066667
173 0.183333 0.094444 0.037500 0.066667
30 0.220833 0.094444 0.037500 0.066667
35 0.258333 0.094444 0.037500 0.066667
143 0.334375 0.027778 0.033333 0.059259
13 0.363542 0.027778 0.033333 0.059259
13 0.392708 0.027778 0.033333 0.059259
13 0.421875 0.027778 0.033333 0.059259
13 0.451042 0.027778 0.033333 0.059259
14 0.247917 0.565741 0.114583 0.268519
15 0.247917 0.716667 0.120312 0.023333
227 0.195833 0.744444 0.025000 0.044444
357 0.821354 0.731481 0.025000 0.044444
264 0.846354 0.731481 0.025000 0.044444
414 0.871354 0.731481 0.025000 0.044444
177 0.896354 0.731481 0.025000 0.044444
105 0.850000 0.640741 0.067708 0.092593
20 0.850000 0.703704 0.071094 0.023333
82 0.850000 0.564815 0.038333 0.068148
240 0.597917 0.748148 0.025000 0.044444
424 0.622917 0.748148 0.025000 0.044444
54 0.647917 0.748148 0.025000 0.044444
152 0.672917 0.748148 0.025000 0.044444
179 0.650000 0.555556 0.114583 0.296296
20 0.650000 0.720370 0.120312 0.023333
170 0.650000 0.377778 0.038333 0.068148
