541 0.270312 0.986111 0.149899 0.329824
472 0.357812 0.949074 0.137609 0.316375
526 0.452969 0.925926 0.124215 0.300456
611 0.547031 0.925926 0.124152 0.300376
410 0.642187 0.949074 0.137546 0.316296
128 0.729688 0.986111 0.149838 0.329746
67 0.033333 0.094444 0.037500 0.066667
37 0.070833 0.094444 0.037500 0.066667
64 0.108333 0.094444 0.037500 0.066667
199 0.145833 0.094444 0.037500 0.066667
30 0.183333 0.094444 0.037500 0.066667
131 0.220833 0.094444 0.037500 0.066667
199 0.258333 0.094444 0.037500 0.066667
145 0.334375 0.027778 0.033333 0.059259
185 0.363542 0.027778 0.033333 0.059259
96 0.392708 0.027778 0.033333 0.059259
336 0.421875 0.027778 0.033333 0.059259
254 0.451042 0.027778 0.033333 0.059259
14 0.247917 0.565741 0.114583 0.268519
15 0.247917 0.716667 0.120312 0.023333
78 0.195833 0.744444 0.025000 0.044444
215 0.220833 0.744444 0.025000 0.044444
273 0.603125 0.733333 0.025000 0.044444
189 0.628125 0.733333 0.025000 0.044444
319 0.647396 0.605556 0.098958 0.166667
20 0.647396 0.705556 0.103906 0.023333
48 0.647396 0.492593 0.038333 0.068148
378 0.797917 0.748148 0.025000 0.044444
447 0.822917 0.748148 0.025000 0.044444
69 0.847917 0.748148 0.025000 0.044444
70 0.872917 0.748148 0.025000 0.044444
179 0.850000 0.555556 0.114583 0.296296
20 0.850000 0.720370 0.120312 0.023333
48 0.850000 0.377778 0.038333 0.068148
