554 0.237500 1.000000 0.155649 0.335641
616 0.314063 0.968783 0.143917 0.323435
572 0.401563 0.945767 0.131037 0.308710
360 0.500000 0.931481 0.117188 0.291667
311 0.598437 0.945767 0.130975 0.308631
511 0.685938 0.968783 0.143855 0.323357
360 0.762500 1.000000 0.155588 0.335564
34 0.033333 0.094444 0.037500 0.066667
110 0.070833 0.094444 0.037500 0.066667
32 0.108333 0.094444 0.037500 0.066667
29 0.145833 0.094444 0.037500 0.066667
38 0.183333 0.094444 0.037500 0.066667
29 0.220833 0.094444 0.037500 0.066667
173 0.258333 0.094444 0.037500 0.066667
143 0.334375 0.027778 0.033333 0.059259
254 0.363542 0.027778 0.033333 0.059259
111 0.392708 0.027778 0.033333 0.059259
40 0.421875 0.027778 0.033333 0.059259
13 0.451042 0.027778 0.033333 0.059259
14 0.247917 0.565741 0.114583 0.268519
15 0.247917 0.716667 0.120312 0.023333
325 0.195833 0.744444 0.025000 0.044444
402 0.220833 0.744444 0.025000 0.044444
299 0.245833 0.744444 0.025000 0.044444
415 0.548437 0.738889 0.025000 0.044444
454 0.573438 0.738889 0.025000 0.044444
241 0.598437 0.738889 0.025000 0.044444
169 0.613542 0.518519 0.140625 0.351852
20 0.613542 0.711111 0.147656 0.023333
170 0.597917 0.312963 0.038333 0.068148
314 0.442187 0.728704 0.025000 0.044444
45 0.467187 0.728704 0.025000 0.044444
396 0.470833 0.600926 0.067708 0.166667
20 0.470833 0.700926 0.071094 0.023333
158 0.470833 0.487963 0.038333 0.068148
51 0.756250 0.734259 0.025000 0.044444
164 0.781250 0.734259 0.025000 0.044444
165 0.806250 0.734259 0.025000 0.044444
190 0.850000 0.555556 0.197917 0.268519
20 0.850000 0.706481 0.207812 0.023333
72 0.850000 0.391667 0.038333 0.068148
