579 0.401563 0.953704 0.131037 0.308710
526 0.500000 0.925926 0.117188 0.291667
547 0.598437 0.953704 0.130975 0.308631
8 0.033333 0.094444 0.037500 0.066667
38 0.070833 0.094444 0.037500 0.066667
36 0.108333 0.094444 0.037500 0.066667
131 0.145833 0.094444 0.037500 0.066667
37 0.183333 0.094444 0.037500 0.066667
130 0.220833 0.094444 0.037500 0.066667
173 0.258333 0.094444 0.037500 0.066667
129 0.295833 0.094444 0.037500 0.066667
32 0.333333 0.094444 0.037500 0.066667
355 0.334375 0.027778 0.033333 0.059259
96 0.363542 0.027778 0.033333 0.059259
68 0.392708 0.027778 0.033333 0.059259
214 0.421875 0.027778 0.033333 0.059259
13 0.451042 0.027778 0.033333 0.059259
14 0.247917 0.565741 0.114583 0.268519
15 0.247917 0.716667 0.120312 0.023333
414 0.195833 0.744444 0.025000 0.044444
49 0.220833 0.744444 0.025000 0.044444
134 0.245833 0.744444 0.025000 0.044444
269 0.364062 0.751852 0.025000 0.044444
256 0.389062 0.751852 0.025000 0.044444
590 0.450000 0.540741 0.182292 0.333333
20 0.450000 0.724074 0.191406 0.023333
48 0.450000 0.344444 0.038333 0.068148
137 0.797917 0.737037 0.025000 0.044444
103 0.822917 0.737037 0.025000 0.044444
79 0.847917 0.737037 0.025000 0.044444
187 0.872917 0.737037 0.025000 0.044444
426 0.844792 0.562963 0.104167 0.259259
20 0.844792 0.709259 0.109375 0.023333
170 0.844792 0.403704 0.038333 0.068148
483 0.535417 0.729630 0.025000 0.044444
152 0.560417 0.729630 0.025000 0.044444
402 0.585417 0.729630 0.025000 0.044444
208 0.650000 0.546296 0.239583 0.277778
20 0.650000 0.701852 0.251562 0.023333
48 0.650000 0.377778 0.038333 0.068148
