430 0.500000 0.925926 0.117188 0.291667
65 0.033333 0.094444 0.037500 0.066667
67 0.070833 0.094444 0.037500 0.066667
163 0.108333 0.094444 0.037500 0.066667
129 0.145833 0.094444 0.037500 0.066667
381 0.334375 0.027778 0.033333 0.059259
324 0.363542 0.027778 0.033333 0.059259
174 0.392708 0.027778 0.033333 0.059259
13 0.421875 0.027778 0.033333 0.059259
13 0.451042 0.027778 0.033333 0.059259
14 0.247917 0.565741 0.114583 0.268519
15 0.247917 0.716667 0.120312 0.023333
78 0.195833 0.744444 0.025000 0.044444
176 0.220833 0.744444 0.025000 0.044444
242 0.245833 0.744444 0.025000 0.044444
325 0.270833 0.744444 0.025000 0.044444
165 0.408333 0.711111 0.025000 0.044444
119 0.433333 0.711111 0.025000 0.044444
256 0.458333 0.711111 0.025000 0.044444
206 0.450000 0.523148 0.093750 0.287037
20 0.450000 0.683333 0.098437 0.023333
82 0.450000 0.350000 0.038333 0.068148
378 0.758854 0.748148 0.025000 0.044444
120 0.783854 0.748148 0.025000 0.044444
406 0.808854 0.748148 0.025000 0.044444
470 0.834375 0.562500 0.161458 0.282407
20 0.834375 0.720370 0.169531 0.023333
48 0.834375 0.391667 0.038333 0.068148
137 0.558854 0.725000 0.025000 0.044444
226 0.583854 0.725000 0.025000 0.044444
455 0.608854 0.725000 0.025000 0.044444
120 0.633854 0.725000 0.025000 0.044444
476 0.650000 0.523148 0.192708 0.314815
20 0.650000 0.697222 0.202344 0.023333
48 0.650000 0.336111 0.038333 0.068148
