83 0.193750 1.000000 0.149621 0.310807
376 0.259375 0.982716 0.140084 0.302077
335 0.332656 0.955556 0.129526 0.291092
2 0.412500 0.930247 0.117934 0.277839
589 0.500000 0.925926 0.105469 0.262500
404 0.587500 0.930247 0.117877 0.277768
589 0.667344 0.955556 0.129470 0.291021
487 0.740625 0.982716 0.140029 0.302007
182 0.806250 1.000000 0.149567 0.310740
93 0.033333 0.094444 0.037500 0.066667
109 0.070833 0.094444 0.037500 0.066667
92 0.108333 0.094444 0.037500 0.066667
94 0.145833 0.094444 0.037500 0.066667
31 0.183333 0.094444 0.037500 0.066667
110 0.220833 0.094444 0.037500 0.066667
92 0.258333 0.094444 0.037500 0.066667
110 0.295833 0.094444 0.037500 0.066667
5 0.333333 0.094444 0.037500 0.066667
199 0.370833 0.094444 0.037500 0.066667
5 0.408333 0.094444 0.037500 0.066667
173 0.445833 0.094444 0.037500 0.066667
29 0.483333 0.094444 0.037500 0.066667
6 0.520833 0.094444 0.037500 0.066667
31 0.558333 0.094444 0.037500 0.066667
108 0.595833 0.094444 0.037500 0.066667
4 0.633333 0.094444 0.037500 0.066667
304 0.334375 0.027778 0.033333 0.059259
13 0.363542 0.027778 0.033333 0.059259
13 0.392708 0.027778 0.033333 0.059259
13 0.421875 0.027778 0.033333 0.059259
13 0.451042 0.027778 0.033333 0.059259
14 0.247917 0.565741 0.114583 0.268519
15 0.247917 0.716667 0.120312 0.023333
327 0.195833 0.744444 0.025000 0.044444
291 0.803125 0.729630 0.025000 0.044444
435 0.828125 0.729630 0.025000 0.044444
327 0.853125 0.729630 0.025000 0.044444
531 0.850000 0.583333 0.104167 0.203704
20 0.850000 0.701852 0.109375 0.023333
48 0.850000 0.451852 0.038333 0.068148
52 0.371875 0.734259 0.025000 0.044444
275 0.396875 0.734259 0.025000 0.044444
281 0.421875 0.734259 0.025000 0.044444
76 0.450000 0.495370 0.166667 0.388889
20 0.450000 0.706481 0.175000 0.023333
48 0.450000 0.271296 0.038333 0.068148
455 0.642187 0.728704 0.025000 0.044444
137 0.667188 0.728704 0.025000 0.044444
305 0.692187 0.728704 0.025000 0.044444
277 0.717188 0.728704 0.025000 0.044444
396 0.670833 0.600926 0.067708 0.166667
20 0.670833 0.700926 0.071094 0.023333
158 0.670833 0.487963 0.038333 0.068148
