192 0.351250 0.960648 0.137609 0.316375
320 0.449688 0.935185 0.124215 0.300456
374 0.550312 0.935185 0.124152 0.300376
490 0.648750 0.960648 0.137546 0.316296
163 0.033333 0.094444 0.037500 0.066667
31 0.070833 0.094444 0.037500 0.066667
30 0.108333 0.094444 0.037500 0.066667
304 0.334375 0.027778 0.033333 0.059259
238 0.363542 0.027778 0.033333 0.059259
13 0.392708 0.027778 0.033333 0.059259
13 0.421875 0.027778 0.033333 0.059259
13 0.451042 0.027778 0.033333 0.059259
14 0.247917 0.565741 0.114583 0.268519
15 0.247917 0.716667 0.120312 0.023333
44 0.195833 0.744444 0.025000 0.044444
275 0.220833 0.744444 0.025000 0.044444
44 0.442187 0.728704 0.025000 0.044444
357 0.467187 0.728704 0.025000 0.044444
135 0.492188 0.728704 0.025000 0.044444
226 0.517187 0.728704 0.025000 0.044444
396 0.470833 0.600926 0.067708 0.166667
20 0.470833 0.700926 0.071094 0.023333
158 0.470833 0.487963 0.038333 0.068148
204 0.766667 0.738889 0.025000 0.044444
178 0.791667 0.738889 0.025000 0.044444
422 0.852604 0.490741 0.182292 0.407407
20 0.852604 0.711111 0.191406 0.023333
82 0.852604 0.257407 0.038333 0.068148
414 0.535417 0.729630 0.025000 0.044444
208 0.650000 0.546296 0.239583 0.277778
20 0.650000 0.701852 0.251562 0.023333
48 0.650000 0.377778 0.038333 0.068148
