427 0.193750 1.000000 0.149621 0.310807
568 0.259375 0.982716 0.140084 0.302077
318 0.332656 0.955556 0.129526 0.291092
545 0.412500 0.930247 0.117934 0.277839
539 0.500000 0.925926 0.105469 0.262500
399 0.587500 0.930247 0.117877 0.277768
209 0.667344 0.955556 0.129470 0.291021
548 0.740625 0.982716 0.140029 0.302007
558 0.806250 1.000000 0.149567 0.310740
173 0.033333 0.094444 0.037500 0.066667
5 0.070833 0.094444 0.037500 0.066667
173 0.108333 0.094444 0.037500 0.066667
8 0.145833 0.094444 0.037500 0.066667
108 0.183333 0.094444 0.037500 0.066667
8 0.220833 0.094444 0.037500 0.066667
5 0.258333 0.094444 0.037500 0.066667
5 0.295833 0.094444 0.037500 0.066667
4 0.333333 0.094444 0.037500 0.066667
34 0.370833 0.094444 0.037500 0.066667
67 0.408333 0.094444 0.037500 0.066667
65 0.445833 0.094444 0.037500 0.066667
355 0.334375 0.027778 0.033333 0.059259
336 0.363542 0.027778 0.033333 0.059259
13 0.392708 0.027778 0.033333 0.059259
13 0.421875 0.027778 0.033333 0.059259
13 0.451042 0.027778 0.033333 0.059259
14 0.247917 0.565741 0.114583 0.268519
15 0.247917 0.716667 0.120312 0.023333
44 0.195833 0.744444 0.025000 0.044444
207 0.220833 0.744444 0.025000 0.044444
115 0.808333 0.706481 0.025000 0.044444
241 0.833333 0.706481 0.025000 0.044444
47 0.850000 0.597222 0.093750 0.129630
20 0.850000 0.678704 0.098437 0.023333
48 0.850000 0.502778 0.038333 0.068148
115 0.603125 0.733333 0.025000 0.044444
319 0.647396 0.605556 0.098958 0.166667
20 0.647396 0.705556 0.103906 0.023333
48 0.647396 0.492593 0.038333 0.068148
294 0.405729 0.738889 0.025000 0.044444
52 0.430729 0.738889 0.025000 0.044444
220 0.455729 0.738889 0.025000 0.044444
378 0.480729 0.738889 0.025000 0.044444
329 0.447396 0.564815 0.093750 0.259259
20 0.447396 0.711111 0.098437 0.023333
21 0.447396 0.405556 0.038333 0.068148
