583 0.500000 0.925926 0.117188 0.291667
5 0.033333 0.094444 0.037500 0.066667
35 0.070833 0.094444 0.037500 0.066667
110 0.108333 0.094444 0.037500 0.066667
64 0.145833 0.094444 0.037500 0.066667
93 0.183333 0.094444 0.037500 0.066667
163 0.220833 0.094444 0.037500 0.066667
5 0.258333 0.094444 0.037500 0.066667
173 0.295833 0.094444 0.037500 0.066667
34 0.333333 0.094444 0.037500 0.066667
93 0.370833 0.094444 0.037500 0.066667
163 0.408333 0.094444 0.037500 0.066667
92 0.445833 0.094444 0.037500 0.066667
132 0.483333 0.094444 0.037500 0.066667
7 0.520833 0.094444 0.037500 0.066667
129 0.558333 0.094444 0.037500 0.066667
5 0.595833 0.094444 0.037500 0.066667
7 0.633333 0.094444 0.037500 0.066667
33 0.670833 0.094444 0.037500 0.066667
6 0.708333 0.094444 0.037500 0.066667
4 0.745833 0.094444 0.037500 0.066667
304 0.334375 0.027778 0.033333 0.059259
9 0.363542 0.027778 0.033333 0.059259
304 0.392708 0.027778 0.033333 0.059259
11 0.421875 0.027778 0.033333 0.059259
13 0.451042 0.027778 0.033333 0.059259
14 0.247917 0.565741 0.114583 0.268519
15 0.247917 0.716667 0.120312 0.023333
327 0.195833 0.744444 0.025000 0.044444
295 0.220833 0.744444 0.025000 0.044444
222 0.245833 0.744444 0.025000 0.044444
52 0.751042 0.731481 0.025000 0.044444
406 0.776042 0.731481 0.025000 0.044444
114 0.801042 0.731481 0.025000 0.044444
19 0.850000 0.525000 0.208333 0.324074
20 0.850000 0.703704 0.218750 0.023333
21 0.850000 0.333333 0.038333 0.068148
