583 0.500000 0.925926 0.117188 0.291667
7 0.033333 0.094444 0.037500 0.066667
132 0.070833 0.094444 0.037500 0.066667
131 0.108333 0.094444 0.037500 0.066667
184 0.145833 0.094444 0.037500 0.066667
93 0.183333 0.094444 0.037500 0.066667
132 0.220833 0.094444 0.037500 0.066667
5 0.258333 0.094444 0.037500 0.066667
144 0.334375 0.027778 0.033333 0.059259
272 0.363542 0.027778 0.033333 0.059259
13 0.392708 0.027778 0.033333 0.059259
13 0.421875 0.027778 0.033333 0.059259
13 0.451042 0.027778 0.033333 0.059259
14 0.247917 0.565741 0.114583 0.268519
15 0.247917 0.716667 0.120312 0.023333
18 0.195833 0.744444 0.025000 0.044444
281 0.787500 0.729630 0.025000 0.044444
356 0.812500 0.729630 0.025000 0.044444
43 0.837500 0.729630 0.025000 0.044444
401 0.862500 0.729630 0.025000 0.044444
166 0.850000 0.606481 0.135417 0.157407
20 0.850000 0.701852 0.142188 0.023333
331 0.850000 0.498148 0.038333 0.068148
152 0.610937 0.698223 0.025000 0.044444
204 0.635938 0.698223 0.025000 0.044444
43 0.660937 0.698223 0.025000 0.044444
448 0.650000 0.593594 0.088542 0.120370
20 0.650000 0.670445 0.092969 0.023333
82 0.650000 0.503779 0.038333 0.068148
156 0.408333 0.711111 0.025000 0.044444
273 0.433333 0.711111 0.025000 0.044444
408 0.458333 0.711111 0.025000 0.044444
100 0.483333 0.711111 0.025000 0.044444
47 0.450000 0.601852 0.093750 0.129630
20 0.450000 0.683333 0.098437 0.023333
48 0.450000 0.507407 0.038333 0.068148
