351 0.182812 1.000000 0.145411 0.296825
498 0.237500 0.976852 0.136936 0.289694
499 0.303125 0.951852 0.127414 0.280350
501 0.379687 0.928704 0.116968 0.268919
640 0.456250 0.921296 0.105583 0.255387
288 0.543750 0.921296 0.105530 0.255319
211 0.620313 0.928704 0.116914 0.268851
213 0.696875 0.951852 0.127362 0.280284
513 0.762500 0.976852 0.136885 0.289630
505 0.817187 1.000000 0.145376 0.296799
36 0.033333 0.094444 0.037500 0.066667
30 0.070833 0.094444 0.037500 0.066667
35 0.108333 0.094444 0.037500 0.066667
65 0.145833 0.094444 0.037500 0.066667
93 0.183333 0.094444 0.037500 0.066667
111 0.334375 0.027778 0.033333 0.059259
39 0.363542 0.027778 0.033333 0.059259
255 0.392708 0.027778 0.033333 0.059259
13 0.421875 0.027778 0.033333 0.059259
13 0.451042 0.027778 0.033333 0.059259
14 0.247917 0.565741 0.114583 0.268519
15 0.247917 0.716667 0.120312 0.023333
119 0.195833 0.744444 0.025000 0.044444
98 0.220833 0.744444 0.025000 0.044444
306 0.245833 0.744444 0.025000 0.044444
366 0.808333 0.725000 0.025000 0.044444
45 0.833333 0.725000 0.025000 0.044444
326 0.858333 0.725000 0.025000 0.044444
102 0.850000 0.615741 0.093750 0.129630
20 0.850000 0.697222 0.098437 0.023333
48 0.850000 0.521296 0.038333 0.068148
44 0.603125 0.729630 0.025000 0.044444
103 0.628125 0.729630 0.025000 0.044444
382 0.650000 0.583333 0.104167 0.203704
20 0.650000 0.701852 0.109375 0.023333
48 0.650000 0.451852 0.038333 0.068148
