286 0.270312 0.986111 0.149899 0.329824
615 0.357812 0.949074 0.137609 0.316375
183 0.452969 0.925926 0.124215 0.300456
410 0.547031 0.925926 0.124152 0.300376
593 0.642187 0.949074 0.137546 0.316296
578 0.729688 0.986111 0.149838 0.329746
107 0.033333 0.094444 0.037500 0.066667
28 0.070833 0.094444 0.037500 0.066667
67 0.108333 0.094444 0.037500 0.066667
66 0.145833 0.094444 0.037500 0.066667
108 0.183333 0.094444 0.037500 0.066667
174 0.334375 0.027778 0.033333 0.059259
324 0.363542 0.027778 0.033333 0.059259
10 0.392708 0.027778 0.033333 0.059259
174 0.421875 0.027778 0.033333 0.059259
13 0.451042 0.027778 0.033333 0.059259
14 0.247917 0.565741 0.114583 0.268519
15 0.247917 0.716667 0.120312 0.023333
356 0.195833 0.744444 0.025000 0.044444
114 0.220833 0.744444 0.025000 0.044444
120 0.245833 0.744444 0.025000 0.044444
435 0.270833 0.744444 0.025000 0.044444
256 0.551042 0.731481 0.025000 0.044444
147 0.576042 0.731481 0.025000 0.044444
78 0.601042 0.731481 0.025000 0.044444
19 0.650000 0.525000 0.208333 0.324074
20 0.650000 0.703704 0.218750 0.023333
21 0.650000 0.333333 0.038333 0.068148
241 0.358854 0.725000 0.025000 0.044444
103 0.383854 0.725000 0.025000 0.044444
54 0.408854 0.725000 0.025000 0.044444
476 0.450000 0.523148 0.192708 0.314815
20 0.450000 0.697222 0.202344 0.023333
48 0.450000 0.336111 0.038333 0.068148
270 0.811979 0.740741 0.025000 0.044444
371 0.836979 0.740741 0.025000 0.044444
81 0.845833 0.626852 0.078125 0.138889
20 0.845833 0.712963 0.082031 0.023333
82 0.845833 0.527778 0.038333 0.068148
