180 0.448594 0.925926 0.124215 0.300456
643 0.557969 0.925926 0.124152 0.300376
65 0.033333 0.094444 0.037500 0.066667
5 0.070833 0.094444 0.037500 0.066667
94 0.108333 0.094444 0.037500 0.066667
31 0.145833 0.094444 0.037500 0.066667
108 0.183333 0.094444 0.037500 0.066667
36 0.220833 0.094444 0.037500 0.066667
92 0.258333 0.094444 0.037500 0.066667
65 0.295833 0.094444 0.037500 0.066667
33 0.333333 0.094444 0.037500 0.066667
107 0.370833 0.094444 0.037500 0.066667
303 0.334375 0.027778 0.033333 0.059259
12 0.363542 0.027778 0.033333 0.059259
13 0.392708 0.027778 0.033333 0.059259
13 0.421875 0.027778 0.033333 0.059259
13 0.451042 0.027778 0.033333 0.059259
14 0.247917 0.565741 0.114583 0.268519
15 0.247917 0.716667 0.120312 0.023333
390 0.195833 0.744444 0.025000 0.044444
424 0.410937 0.729630 0.025000 0.044444
405 0.450000 0.578704 0.088542 0.212963
20 0.450000 0.701852 0.092969 0.023333
170 0.450000 0.442593 0.038333 0.068148
119 0.771875 0.734259 0.025000 0.044444
215 0.796875 0.734259 0.025000 0.044444
97 0.821875 0.734259 0.025000 0.044444
116 0.846875 0.734259 0.025000 0.044444
149 0.850000 0.587963 0.166667 0.203704
20 0.850000 0.706481 0.175000 0.023333
150 0.850000 0.456481 0.038333 0.068148
228 0.605729 0.757407 0.025000 0.044444
141 0.652604 0.583333 0.104167 0.259259
20 0.652604 0.729630 0.109375 0.023333
170 0.652604 0.424074 0.038333 0.068148
