510 0.401563 0.953704 0.131037 0.308710
413 0.500000 0.925926 0.117188 0.291667
504 0.598437 0.953704 0.130975 0.308631
6 0.033333 0.094444 0.037500 0.066667
38 0.070833 0.094444 0.037500 0.066667
29 0.108333 0.094444 0.037500 0.066667
29 0.145833 0.094444 0.037500 0.066667
185 0.334375 0.027778 0.033333 0.059259
13 0.363542 0.027778 0.033333 0.059259
13 0.392708 0.027778 0.033333 0.059259
13 0.421875 0.027778 0.033333 0.059259
13 0.451042 0.027778 0.033333 0.059259
14 0.247917 0.565741 0.114583 0.268519
15 0.247917 0.716667 0.120312 0.023333
296 0.195833 0.744444 0.025000 0.044444
46 0.220833 0.744444 0.025000 0.044444
165 0.245833 0.744444 0.025000 0.044444
55 0.270833 0.744444 0.025000 0.044444
314 0.419271 0.750926 0.025000 0.044444
356 0.444271 0.750926 0.025000 0.044444
79 0.469271 0.750926 0.025000 0.044444
55 0.494271 0.750926 0.025000 0.044444
257 0.447917 0.616667 0.067708 0.179630
20 0.447917 0.723148 0.071094 0.023333
48 0.447917 0.497222 0.038333 0.068148
152 0.564062 0.751852 0.025000 0.044444
590 0.650000 0.540741 0.182292 0.333333
20 0.650000 0.724074 0.191406 0.023333
21 0.650000 0.344444 0.038333 0.068148
202 0.756250 0.734259 0.025000 0.044444
190 0.850000 0.555556 0.197917 0.268519
20 0.850000 0.706481 0.207812 0.023333
170 0.850000 0.391667 0.038333 0.068148
