584 0.500000 0.925926 0.117188 0.291667
173 0.033333 0.094444 0.037500 0.066667
94 0.070833 0.094444 0.037500 0.066667
4 0.108333 0.094444 0.037500 0.066667
12 0.334375 0.027778 0.033333 0.059259
133 0.363542 0.027778 0.033333 0.059259
112 0.392708 0.027778 0.033333 0.059259
238 0.421875 0.027778 0.033333 0.059259
13 0.451042 0.027778 0.033333 0.059259
14 0.247917 0.565741 0.114583 0.268519
15 0.247917 0.716667 0.120312 0.023333
327 0.195833 0.744444 0.025000 0.044444
299 0.220833 0.744444 0.025000 0.044444
135 0.245833 0.744444 0.025000 0.044444
123 0.623958 0.706481 0.025000 0.044444
416 0.648958 0.706481 0.025000 0.044444
71 0.650000 0.569444 0.062500 0.185185
20 0.650000 0.678704 0.065625 0.023333
72 0.650000 0.447222 0.038333 0.068148
402 0.842188 0.728704 0.025000 0.044444
44 0.867188 0.728704 0.025000 0.044444
396 0.870833 0.600926 0.067708 0.166667
20 0.870833 0.700926 0.071094 0.023333
158 0.870833 0.487963 0.038333 0.068148
