641 0.193750 1.000000 0.149621 0.310807
191 0.259375 0.982716 0.140084 0.302077
333 0.332656 0.955556 0.129526 0.291092
247 0.412500 0.930247 0.117934 0.277839
611 0.500000 0.925926 0.105469 0.262500
555 0.587500 0.930247 0.117877 0.277768
612 0.667344 0.955556 0.129470 0.291021
253 0.740625 0.982716 0.140029 0.302007
342 0.806250 1.000000 0.149567 0.310740
35 0.033333 0.094444 0.037500 0.066667
186 0.334375 0.027778 0.033333 0.059259
13 0.363542 0.027778 0.033333 0.059259
13 0.392708 0.027778 0.033333 0.059259
13 0.421875 0.027778 0.033333 0.059259
13 0.451042 0.027778 0.033333 0.059259
14 0.247917 0.565741 0.114583 0.268519
15 0.247917 0.716667 0.120312 0.023333
277 0.195833 0.744444 0.025000 0.044444
52 0.608333 0.706481 0.025000 0.044444
73 0.633333 0.706481 0.025000 0.044444
425 0.658333 0.706481 0.025000 0.044444
328 0.683333 0.706481 0.025000 0.044444
47 0.650000 0.597222 0.093750 0.129630
20 0.650000 0.678704 0.098437 0.023333
48 0.650000 0.502778 0.038333 0.068148
268 0.387500 0.729630 0.025000 0.044444
120 0.412500 0.729630 0.025000 0.044444
408 0.437500 0.729630 0.025000 0.044444
46 0.462500 0.729630 0.025000 0.044444
166 0.450000 0.606481 0.135417 0.157407
20 0.450000 0.701852 0.142188 0.023333
48 0.450000 0.498148 0.038333 0.068148
205 0.766667 0.738889 0.025000 0.044444
137 0.791667 0.738889 0.025000 0.044444
371 0.816667 0.738889 0.025000 0.044444
152 0.841667 0.738889 0.025000 0.044444
422 0.852604 0.490741 0.182292 0.407407
20 0.852604 0.711111 0.191406 0.023333
48 0.852604 0.257407 0.038333 0.068148
