373 0.314063 0.986111 0.143917 0.323435
631 0.401563 0.953704 0.131037 0.308710
653 0.500000 0.935185 0.117188 0.291667
540 0.598437 0.953704 0.130975 0.308631
191 0.685938 0.986111 0.143855 0.323357
37 0.033333 0.094444 0.037500 0.066667
31 0.070833 0.094444 0.037500 0.066667
65 0.108333 0.094444 0.037500 0.066667
184 0.145833 0.094444 0.037500 0.066667
28 0.183333 0.094444 0.037500 0.066667
32 0.220833 0.094444 0.037500 0.066667
31 0.258333 0.094444 0.037500 0.066667
130 0.295833 0.094444 0.037500 0.066667
94 0.333333 0.094444 0.037500 0.066667
31 0.370833 0.094444 0.037500 0.066667
131 0.408333 0.094444 0.037500 0.066667
30 0.445833 0.094444 0.037500 0.066667
110 0.483333 0.094444 0.037500 0.066667
31 0.520833 0.094444 0.037500 0.066667
31 0.558333 0.094444 0.037500 0.066667
5 0.595833 0.094444 0.037500 0.066667
33 0.633333 0.094444 0.037500 0.066667
28 0.670833 0.094444 0.037500 0.066667
129 0.708333 0.094444 0.037500 0.066667
109 0.745833 0.094444 0.037500 0.066667
174 0.334375 0.027778 0.033333 0.059259
111 0.363542 0.027778 0.033333 0.059259
13 0.392708 0.027778 0.033333 0.059259
13 0.421875 0.027778 0.033333 0.059259
13 0.451042 0.027778 0.033333 0.059259
14 0.247917 0.565741 0.114583 0.268519
15 0.247917 0.716667 0.120312 0.023333
265 0.195833 0.744444 0.025000 0.044444
41 0.220833 0.744444 0.025000 0.044444
118 0.245833 0.744444 0.025000 0.044444
314 0.270833 0.744444 0.025000 0.044444
45 0.805729 0.757407 0.025000 0.044444
70 0.830729 0.757407 0.025000 0.044444
49 0.855729 0.757407 0.025000 0.044444
141 0.852604 0.583333 0.104167 0.259259
20 0.852604 0.729630 0.109375 0.023333
48 0.852604 0.424074 0.038333 0.068148
