577 0.351250 0.960648 0.137609 0.316375
501 0.449688 0.935185 0.124215 0.300456
365 0.550312 0.935185 0.124152 0.300376
519 0.648750 0.960648 0.137546 0.316296
34 0.033333 0.094444 0.037500 0.066667
184 0.070833 0.094444 0.037500 0.066667
184 0.108333 0.094444 0.037500 0.066667
32 0.145833 0.094444 0.037500 0.066667
37 0.183333 0.094444 0.037500 0.066667
129 0.220833 0.094444 0.037500 0.066667
33 0.258333 0.094444 0.037500 0.066667
130 0.295833 0.094444 0.037500 0.066667
35 0.333333 0.094444 0.037500 0.066667
199 0.370833 0.094444 0.037500 0.066667
92 0.408333 0.094444 0.037500 0.066667
37 0.445833 0.094444 0.037500 0.066667
8 0.483333 0.094444 0.037500 0.066667
37 0.520833 0.094444 0.037500 0.066667
174 0.334375 0.027778 0.033333 0.059259
40 0.363542 0.027778 0.033333 0.059259
39 0.392708 0.027778 0.033333 0.059259
290 0.421875 0.027778 0.033333 0.059259
355 0.451042 0.027778 0.033333 0.059259
14 0.247917 0.565741 0.114583 0.268519
15 0.247917 0.716667 0.120312 0.023333
408 0.195833 0.744444 0.025000 0.044444
222 0.626562 0.740741 0.025000 0.044444
259 0.651563 0.740741 0.025000 0.044444
277 0.676562 0.740741 0.025000 0.044444
267 0.650000 0.594444 0.057292 0.203704
20 0.650000 0.712963 0.060156 0.023333
170 0.650000 0.462963 0.038333 0.068148
148 0.803125 0.743519 0.025000 0.044444
368 0.850000 0.555556 0.104167 0.287037
20 0.850000 0.715741 0.109375 0.023333
331 0.850000 0.382407 0.038333 0.068148
