572 0.270312 0.986111 0.149899 0.329824
501 0.357812 0.949074 0.137609 0.316375
520 0.452969 0.925926 0.124215 0.300456
494 0.547031 0.925926 0.124152 0.300376
499 0.642187 0.949074 0.137546 0.316296
23 0.729688 0.986111 0.149838 0.329746
173 0.033333 0.094444 0.037500 0.066667
8 0.070833 0.094444 0.037500 0.066667
36 0.108333 0.094444 0.037500 0.066667
35 0.145833 0.094444 0.037500 0.066667
186 0.334375 0.027778 0.033333 0.059259
13 0.363542 0.027778 0.033333 0.059259
13 0.392708 0.027778 0.033333 0.059259
13 0.421875 0.027778 0.033333 0.059259
13 0.451042 0.027778 0.033333 0.059259
14 0.247917 0.565741 0.114583 0.268519
15 0.247917 0.716667 0.120312 0.023333
134 0.195833 0.744444 0.025000 0.044444
469 0.220833 0.744444 0.025000 0.044444
295 0.245833 0.744444 0.025000 0.044444
201 0.270833 0.744444 0.025000 0.044444
227 0.610937 0.729630 0.025000 0.044444
293 0.635938 0.729630 0.025000 0.044444
296 0.660937 0.729630 0.025000 0.044444
239 0.685938 0.729630 0.025000 0.044444
516 0.650000 0.578704 0.088542 0.212963
20 0.650000 0.701852 0.092969 0.023333
21 0.650000 0.442593 0.038333 0.068148
220 0.803125 0.743519 0.025000 0.044444
313 0.828125 0.743519 0.025000 0.044444
294 0.853125 0.743519 0.025000 0.044444
368 0.850000 0.555556 0.104167 0.287037
20 0.850000 0.715741 0.109375 0.023333
331 0.850000 0.382407 0.038333 0.068148
103 0.387500 0.720370 0.025000 0.044444
178 0.412500 0.720370 0.025000 0.044444
98 0.437500 0.720370 0.025000 0.044444
483 0.462500 0.720370 0.025000 0.044444
330 0.450000 0.583333 0.135417 0.185185
20 0.450000 0.692593 0.142188 0.023333
331 0.450000 0.461111 0.038333 0.068148
