546 0.270312 0.986111 0.149899 0.329824
245 0.357812 0.949074 0.137609 0.316375
505 0.452969 0.925926 0.124215 0.300456
536 0.547031 0.925926 0.124152 0.300376
576 0.642187 0.949074 0.137546 0.316296
561 0.729688 0.986111 0.149838 0.329746
91 0.033333 0.094444 0.037500 0.066667
67 0.070833 0.094444 0.037500 0.066667
37 0.108333 0.094444 0.037500 0.066667
109 0.145833 0.094444 0.037500 0.066667
65 0.183333 0.094444 0.037500 0.066667
107 0.220833 0.094444 0.037500 0.066667
6 0.258333 0.094444 0.037500 0.066667
163 0.295833 0.094444 0.037500 0.066667
184 0.333333 0.094444 0.037500 0.066667
29 0.370833 0.094444 0.037500 0.066667
36 0.408333 0.094444 0.037500 0.066667
173 0.445833 0.094444 0.037500 0.066667
113 0.334375 0.027778 0.033333 0.059259
12 0.363542 0.027778 0.033333 0.059259
186 0.392708 0.027778 0.033333 0.059259
9 0.421875 0.027778 0.033333 0.059259
13 0.451042 0.027778 0.033333 0.059259
14 0.247917 0.565741 0.114583 0.268519
15 0.247917 0.716667 0.120312 0.023333
305 0.195833 0.744444 0.025000 0.044444
378 0.791146 0.729630 0.025000 0.044444
408 0.816146 0.729630 0.025000 0.044444
70 0.841146 0.729630 0.025000 0.044444
221 0.845833 0.574074 0.119792 0.222222
20 0.845833 0.701852 0.125781 0.023333
48 0.845833 0.433333 0.038333 0.068148
295 0.408333 0.711111 0.025000 0.044444
240 0.433333 0.711111 0.025000 0.044444
120 0.458333 0.711111 0.025000 0.044444
47 0.450000 0.601852 0.093750 0.129630
20 0.450000 0.683333 0.098437 0.023333
48 0.450000 0.507407 0.038333 0.068148
296 0.603125 0.733333 0.025000 0.044444
228 0.628125 0.733333 0.025000 0.044444
148 0.653125 0.733333 0.025000 0.044444
356 0.678125 0.733333 0.025000 0.044444
319 0.647396 0.605556 0.098958 0.166667
20 0.647396 0.705556 0.103906 0.023333
48 0.647396 0.492593 0.038333 0.068148
