342 0.270312 0.986111 0.149899 0.329824
388 0.357812 0.949074 0.137609 0.316375
497 0.452969 0.925926 0.124215 0.300456
285 0.547031 0.925926 0.124152 0.300376
84 0.642187 0.949074 0.137546 0.316296
596 0.729688 0.986111 0.149838 0.329746
199 0.033333 0.094444 0.037500 0.066667
131 0.070833 0.094444 0.037500 0.066667
65 0.108333 0.094444 0.037500 0.066667
31 0.145833 0.094444 0.037500 0.066667
199 0.183333 0.094444 0.037500 0.066667
6 0.220833 0.094444 0.037500 0.066667
7 0.258333 0.094444 0.037500 0.066667
32 0.295833 0.094444 0.037500 0.066667
4 0.333333 0.094444 0.037500 0.066667
186 0.334375 0.027778 0.033333 0.059259
336 0.363542 0.027778 0.033333 0.059259
336 0.392708 0.027778 0.033333 0.059259
144 0.421875 0.027778 0.033333 0.059259
111 0.451042 0.027778 0.033333 0.059259
14 0.247917 0.565741 0.114583 0.268519
15 0.247917 0.716667 0.120312 0.023333
41 0.195833 0.744444 0.025000 0.044444
176 0.220833 0.744444 0.025000 0.044444
139 0.245833 0.744444 0.025000 0.044444
73 0.591146 0.729630 0.025000 0.044444
221 0.645833 0.574074 0.119792 0.222222
20 0.645833 0.701852 0.125781 0.023333
48 0.645833 0.433333 0.038333 0.068148
401 0.795313 0.748148 0.025000 0.044444
390 0.820313 0.748148 0.025000 0.044444
482 0.850000 0.587963 0.119792 0.231481
20 0.850000 0.720370 0.125781 0.023333
216 0.850000 0.442593 0.038333 0.068148
