60 0.270312 0.986111 0.149899 0.329824
618 0.357812 0.949074 0.137609 0.316375
532 0.452969 0.925926 0.124215 0.300456
418 0.547031 0.925926 0.124152 0.300376
557 0.642187 0.949074 0.137546 0.316296
159 0.729688 0.986111 0.149838 0.329746
199 0.033333 0.094444 0.037500 0.066667
7 0.070833 0.094444 0.037500 0.066667
34 0.108333 0.094444 0.037500 0.066667
36 0.145833 0.094444 0.037500 0.066667
30 0.183333 0.094444 0.037500 0.066667
67 0.220833 0.094444 0.037500 0.066667
110 0.258333 0.094444 0.037500 0.066667
31 0.295833 0.094444 0.037500 0.066667
91 0.333333 0.094444 0.037500 0.066667
8 0.370833 0.094444 0.037500 0.066667
130 0.408333 0.094444 0.037500 0.066667
5 0.445833 0.094444 0.037500 0.066667
8 0.483333 0.094444 0.037500 0.066667
37 0.520833 0.094444 0.037500 0.066667
34 0.558333 0.094444 0.037500 0.066667
109 0.595833 0.094444 0.037500 0.066667
67 0.633333 0.094444 0.037500 0.066667
11 0.334375 0.027778 0.033333 0.059259
13 0.363542 0.027778 0.033333 0.059259
13 0.392708 0.027778 0.033333 0.059259
13 0.421875 0.027778 0.033333 0.059259
13 0.451042 0.027778 0.033333 0.059259
14 0.247917 0.565741 0.114583 0.268519
15 0.247917 0.716667 0.120312 0.023333
44 0.195833 0.744444 0.025000 0.044444
292 0.220833 0.744444 0.025000 0.044444
326 0.245833 0.744444 0.025000 0.044444
366 0.270833 0.744444 0.025000 0.044444
220 0.608333 0.725000 0.025000 0.044444
47 0.650000 0.615741 0.093750 0.129630
20 0.650000 0.697222 0.098437 0.023333
48 0.650000 0.521296 0.038333 0.068148
401 0.758854 0.748148 0.025000 0.044444
16 0.783854 0.748148 0.025000 0.044444
54 0.808854 0.748148 0.025000 0.044444
176 0.833854 0.748148 0.025000 0.044444
470 0.834375 0.562500 0.161458 0.282407
20 0.834375 0.720370 0.169531 0.023333
170 0.834375 0.391667 0.038333 0.068148
