380 0.270312 0.986111 0.149899 0.329824
229 0.357812 0.949074 0.137609 0.316375
533 0.452969 0.925926 0.124215 0.300456
566 0.547031 0.925926 0.124152 0.300376
610 0.642187 0.949074 0.137546 0.316296
646 0.729688 0.986111 0.149838 0.329746
92 0.033333 0.094444 0.037500 0.066667
173 0.070833 0.094444 0.037500 0.066667
94 0.108333 0.094444 0.037500 0.066667
66 0.145833 0.094444 0.037500 0.066667
129 0.183333 0.094444 0.037500 0.066667
8 0.220833 0.094444 0.037500 0.066667
34 0.258333 0.094444 0.037500 0.066667
92 0.295833 0.094444 0.037500 0.066667
109 0.333333 0.094444 0.037500 0.066667
173 0.370833 0.094444 0.037500 0.066667
4 0.408333 0.094444 0.037500 0.066667
108 0.445833 0.094444 0.037500 0.066667
10 0.334375 0.027778 0.033333 0.059259
40 0.363542 0.027778 0.033333 0.059259
11 0.392708 0.027778 0.033333 0.059259
39 0.421875 0.027778 0.033333 0.059259
145 0.451042 0.027778 0.033333 0.059259
14 0.247917 0.565741 0.114583 0.268519
15 0.247917 0.716667 0.120312 0.023333
147 0.195833 0.744444 0.025000 0.044444
79 0.220833 0.744444 0.025000 0.044444
270 0.245833 0.744444 0.025000 0.044444
55 0.270833 0.744444 0.025000 0.044444
118 0.591146 0.729630 0.025000 0.044444
264 0.616146 0.729630 0.025000 0.044444
435 0.641146 0.729630 0.025000 0.044444
221 0.645833 0.574074 0.119792 0.222222
20 0.645833 0.701852 0.125781 0.023333
48 0.645833 0.433333 0.038333 0.068148
103 0.358854 0.748148 0.025000 0.044444
470 0.434375 0.562500 0.161458 0.282407
20 0.434375 0.720370 0.169531 0.023333
48 0.434375 0.391667 0.038333 0.068148
415 0.797917 0.737037 0.025000 0.044444
337 0.822917 0.737037 0.025000 0.044444
426 0.844792 0.562963 0.104167 0.259259
20 0.844792 0.709259 0.109375 0.023333
170 0.844792 0.403704 0.038333 0.068148
