512 0.182812 1.000000 0.145411 0.296825
59 0.237500 0.976852 0.136936 0.289694
321 0.303125 0.951852 0.127414 0.280350
387 0.379687 0.928704 0.116968 0.268919
489 0.456250 0.921296 0.105583 0.255387
375 0.543750 0.921296 0.105530 0.255319
198 0.620313 0.928704 0.116914 0.268851
84 0.696875 0.951852 0.127362 0.280284
521 0.762500 0.976852 0.136885 0.289630
646 0.817187 1.000000 0.145376 0.296799
184 0.033333 0.094444 0.037500 0.066667
130 0.070833 0.094444 0.037500 0.066667
303 0.334375 0.027778 0.033333 0.059259
290 0.363542 0.027778 0.033333 0.059259
40 0.392708 0.027778 0.033333 0.059259
255 0.421875 0.027778 0.033333 0.059259
254 0.451042 0.027778 0.033333 0.059259
14 0.247917 0.565741 0.114583 0.268519
15 0.247917 0.716667 0.120312 0.023333
228 0.195833 0.744444 0.025000 0.044444
73 0.220833 0.744444 0.025000 0.044444
305 0.810938 0.729630 0.025000 0.044444
176 0.835938 0.729630 0.025000 0.044444
405 0.850000 0.578704 0.088542 0.212963
20 0.850000 0.701852 0.092969 0.023333
170 0.850000 0.442593 0.038333 0.068148
313 0.577083 0.729630 0.025000 0.044444
307 0.602083 0.729630 0.025000 0.044444
228 0.627083 0.729630 0.025000 0.044444
464 0.650000 0.601852 0.156250 0.166667
20 0.650000 0.701852 0.164063 0.023333
170 0.650000 0.488889 0.038333 0.068148
228 0.397917 0.748148 0.025000 0.044444
146 0.422917 0.748148 0.025000 0.044444
483 0.447917 0.748148 0.025000 0.044444
179 0.450000 0.555556 0.114583 0.296296
20 0.450000 0.720370 0.120312 0.023333
170 0.450000 0.377778 0.038333 0.068148
