346 0.314063 0.986111 0.143917 0.323435
343 0.401563 0.953704 0.131037 0.308710
496 0.500000 0.935185 0.117188 0.291667
161 0.598437 0.953704 0.130975 0.308631
262 0.685938 0.986111 0.143855 0.323357
94 0.033333 0.094444 0.037500 0.066667
132 0.070833 0.094444 0.037500 0.066667
36 0.108333 0.094444 0.037500 0.066667
94 0.145833 0.094444 0.037500 0.066667
29 0.183333 0.094444 0.037500 0.066667
33 0.220833 0.094444 0.037500 0.066667
132 0.258333 0.094444 0.037500 0.066667
5 0.295833 0.094444 0.037500 0.066667
8 0.333333 0.094444 0.037500 0.066667
199 0.370833 0.094444 0.037500 0.066667
67 0.408333 0.094444 0.037500 0.066667
132 0.445833 0.094444 0.037500 0.066667
37 0.483333 0.094444 0.037500 0.066667
131 0.520833 0.094444 0.037500 0.066667
29 0.558333 0.094444 0.037500 0.066667
35 0.595833 0.094444 0.037500 0.066667
36 0.633333 0.094444 0.037500 0.066667
5 0.670833 0.094444 0.037500 0.066667
173 0.708333 0.094444 0.037500 0.066667
36 0.745833 0.094444 0.037500 0.066667
113 0.334375 0.027778 0.033333 0.059259
39 0.363542 0.027778 0.033333 0.059259
303 0.392708 0.027778 0.033333 0.059259
13 0.421875 0.027778 0.033333 0.059259
13 0.451042 0.027778 0.033333 0.059259
14 0.247917 0.565741 0.114583 0.268519
15 0.247917 0.716667 0.120312 0.023333
55 0.195833 0.744444 0.025000 0.044444
54 0.220833 0.744444 0.025000 0.044444
347 0.410937 0.729630 0.025000 0.044444
414 0.435937 0.729630 0.025000 0.044444
405 0.450000 0.578704 0.088542 0.212963
20 0.450000 0.701852 0.092969 0.023333
48 0.450000 0.442593 0.038333 0.068148
151 0.597917 0.748148 0.025000 0.044444
406 0.622917 0.748148 0.025000 0.044444
259 0.647917 0.748148 0.025000 0.044444
179 0.650000 0.555556 0.114583 0.296296
20 0.650000 0.720370 0.120312 0.023333
48 0.650000 0.377778 0.038333 0.068148
292 0.811979 0.735185 0.025000 0.044444
201 0.836979 0.735185 0.025000 0.044444
549 0.845833 0.621296 0.078125 0.138889
20 0.845833 0.707407 0.082031 0.023333
48 0.845833 0.522222 0.038333 0.068148
