557 0.500000 0.925926 0.117188 0.291667
92 0.033333 0.094444 0.037500 0.066667
28 0.070833 0.094444 0.037500 0.066667
110 0.108333 0.094444 0.037500 0.066667
32 0.145833 0.094444 0.037500 0.066667
6 0.183333 0.094444 0.037500 0.066667
29 0.220833 0.094444 0.037500 0.066667
184 0.258333 0.094444 0.037500 0.066667
31 0.295833 0.094444 0.037500 0.066667
38 0.333333 0.094444 0.037500 0.066667
324 0.334375 0.027778 0.033333 0.059259
13 0.363542 0.027778 0.033333 0.059259
13 0.392708 0.027778 0.033333 0.059259
13 0.421875 0.027778 0.033333 0.059259
13 0.451042 0.027778 0.033333 0.059259
14 0.247917 0.565741 0.114583 0.268519
15 0.247917 0.716667 0.120312 0.023333
202 0.195833 0.744444 0.025000 0.044444
104 0.220833 0.744444 0.025000 0.044444
268 0.571875 0.734259 0.025000 0.044444
119 0.596875 0.734259 0.025000 0.044444
347 0.621875 0.734259 0.025000 0.044444
425 0.646875 0.734259 0.025000 0.044444
149 0.650000 0.587963 0.166667 0.203704
20 0.650000 0.706481 0.175000 0.023333
150 0.650000 0.456481 0.038333 0.068148
227 0.782812 0.734259 0.025000 0.044444
306 0.807813 0.734259 0.025000 0.044444
281 0.832812 0.734259 0.025000 0.044444
485 0.842708 0.537037 0.130208 0.305556
20 0.842708 0.706481 0.136719 0.023333
72 0.842708 0.354630 0.038333 0.068148
