570 0.500000 0.925926 0.117188 0.291667
34 0.033333 0.094444 0.037500 0.066667
65 0.070833 0.094444 0.037500 0.066667
8 0.108333 0.094444 0.037500 0.066667
37 0.145833 0.094444 0.037500 0.066667
68 0.334375 0.027778 0.033333 0.059259
381 0.363542 0.027778 0.033333 0.059259
186 0.392708 0.027778 0.033333 0.059259
13 0.421875 0.027778 0.033333 0.059259
13 0.451042 0.027778 0.033333 0.059259
14 0.247917 0.565741 0.114583 0.268519
15 0.247917 0.716667 0.120312 0.023333
203 0.195833 0.744444 0.025000 0.044444
124 0.220833 0.744444 0.025000 0.044444
77 0.245833 0.744444 0.025000 0.044444
151 0.270833 0.744444 0.025000 0.044444
98 0.803125 0.741667 0.025000 0.044444
378 0.828125 0.741667 0.025000 0.044444
217 0.844792 0.565278 0.093750 0.263889
20 0.844792 0.713889 0.098437 0.023333
158 0.844792 0.403704 0.038333 0.068148
70 0.611979 0.735185 0.025000 0.044444
549 0.645833 0.621296 0.078125 0.138889
20 0.645833 0.707407 0.082031 0.023333
48 0.645833 0.522222 0.038333 0.068148
