398 0.314063 0.986111 0.143917 0.323435
365 0.401563 0.953704 0.131037 0.308710
510 0.500000 0.935185 0.117188 0.291667
59 0.598437 0.953704 0.130975 0.308631
250 0.685938 0.986111 0.143855 0.323357
107 0.033333 0.094444 0.037500 0.066667
8 0.070833 0.094444 0.037500 0.066667
33 0.108333 0.094444 0.037500 0.066667
381 0.334375 0.027778 0.033333 0.059259
13 0.363542 0.027778 0.033333 0.059259
13 0.392708 0.027778 0.033333 0.059259
13 0.421875 0.027778 0.033333 0.059259
13 0.451042 0.027778 0.033333 0.059259
14 0.247917 0.565741 0.114583 0.268519
15 0.247917 0.716667 0.120312 0.023333
415 0.195833 0.744444 0.025000 0.044444
49 0.220833 0.744444 0.025000 0.044444
205 0.245833 0.744444 0.025000 0.044444
201 0.387500 0.729630 0.025000 0.044444
307 0.412500 0.729630 0.025000 0.044444
97 0.437500 0.729630 0.025000 0.044444
371 0.462500 0.729630 0.025000 0.044444
166 0.450000 0.606481 0.135417 0.157407
20 0.450000 0.701852 0.142188 0.023333
167 0.450000 0.498148 0.038333 0.068148
256 0.782812 0.734259 0.025000 0.044444
241 0.807813 0.734259 0.025000 0.044444
124 0.832812 0.734259 0.025000 0.044444
56 0.857813 0.734259 0.025000 0.044444
485 0.842708 0.537037 0.130208 0.305556
20 0.842708 0.706481 0.136719 0.023333
48 0.842708 0.354630 0.038333 0.068148
123 0.595312 0.748148 0.025000 0.044444
294 0.620313 0.748148 0.025000 0.044444
207 0.645312 0.748148 0.025000 0.044444
482 0.650000 0.587963 0.119792 0.231481
20 0.650000 0.720370 0.125781 0.023333
216 0.650000 0.442593 0.038333 0.068148
