466 0.182812 1.000000 0.145411 0.296825
487 0.237500 0.976852 0.136936 0.289694
499 0.303125 0.951852 0.127414 0.280350
360 0.379687 0.928704 0.116968 0.268919
566 0.456250 0.921296 0.105583 0.255387
538 0.543750 0.921296 0.105530 0.255319
88 0.620313 0.928704 0.116914 0.268851
236 0.696875 0.951852 0.127362 0.280284
638 0.762500 0.976852 0.136885 0.289630
288 0.817187 1.000000 0.145376 0.296799
66 0.033333 0.094444 0.037500 0.066667
93 0.070833 0.094444 0.037500 0.066667
66 0.108333 0.094444 0.037500 0.066667
29 0.145833 0.094444 0.037500 0.066667
35 0.183333 0.094444 0.037500 0.066667
92 0.220833 0.094444 0.037500 0.066667
92 0.258333 0.094444 0.037500 0.066667
64 0.295833 0.094444 0.037500 0.066667
163 0.333333 0.094444 0.037500 0.066667
8 0.370833 0.094444 0.037500 0.066667
30 0.408333 0.094444 0.037500 0.066667
290 0.334375 0.027778 0.033333 0.059259
133 0.363542 0.027778 0.033333 0.059259
200 0.392708 0.027778 0.033333 0.059259
200 0.421875 0.027778 0.033333 0.059259
13 0.451042 0.027778 0.033333 0.059259
14 0.247917 0.565741 0.114583 0.268519
15 0.247917 0.716667 0.120312 0.023333
136 0.195833 0.744444 0.025000 0.044444
357 0.592708 0.645113 0.025000 0.044444
152 0.617708 0.645113 0.025000 0.044444
259 0.642708 0.645113 0.025000 0.044444
416 0.667708 0.645113 0.025000 0.044444
140 0.650000 0.517335 0.125000 0.166667
20 0.650000 0.617335 0.131250 0.023333
48 0.650000 0.404372 0.038333 0.068148
177 0.753646 0.725926 0.025000 0.044444
239 0.778646 0.725926 0.025000 0.044444
139 0.803646 0.725926 0.025000 0.044444
41 0.828646 0.725926 0.025000 0.044444
243 0.850000 0.500926 0.203125 0.361111
20 0.850000 0.698148 0.213281 0.023333
170 0.850000 0.290741 0.038333 0.068148
