569 0.182812 1.000000 0.145411 0.296825
451 0.237500 0.976852 0.136936 0.289694
574 0.303125 0.951852 0.127414 0.280350
594 0.379687 0.928704 0.116968 0.268919
374 0.456250 0.921296 0.105583 0.255387
628 0.543750 0.921296 0.105530 0.255319
442 0.620313 0.928704 0.116914 0.268851
612 0.696875 0.951852 0.127362 0.280284
88 0.762500 0.976852 0.136885 0.289630
465 0.817187 1.000000 0.145376 0.296799
36 0.033333 0.094444 0.037500 0.066667
94 0.070833 0.094444 0.037500 0.066667
36 0.108333 0.094444 0.037500 0.066667
108 0.145833 0.094444 0.037500 0.066667
130 0.183333 0.094444 0.037500 0.066667
9 0.334375 0.027778 0.033333 0.059259
13 0.363542 0.027778 0.033333 0.059259
13 0.392708 0.027778 0.033333 0.059259
13 0.421875 0.027778 0.033333 0.059259
13 0.451042 0.027778 0.033333 0.059259
14 0.247917 0.565741 0.114583 0.268519
15 0.247917 0.716667 0.120312 0.023333
70 0.195833 0.744444 0.025000 0.044444
114 0.220833 0.744444 0.025000 0.044444
79 0.245833 0.744444 0.025000 0.044444
241 0.270833 0.744444 0.025000 0.044444
277 0.787500 0.720370 0.025000 0.044444
101 0.812500 0.720370 0.025000 0.044444
366 0.837500 0.720370 0.025000 0.044444
330 0.850000 0.583333 0.135417 0.185185
20 0.850000 0.692593 0.142188 0.023333
48 0.850000 0.461111 0.038333 0.068148
