335 0.226563 1.000000 0.153046 0.323776
642 0.300938 0.968750 0.142404 0.313332
237 0.379687 0.943287 0.130728 0.300556
570 0.458438 0.925926 0.118005 0.285433
565 0.541562 0.925926 0.117945 0.285357
285 0.620313 0.943287 0.130669 0.300481
393 0.693594 0.968750 0.142346 0.313258
311 0.773438 1.000000 0.152989 0.323704
38 0.033333 0.094444 0.037500 0.066667
29 0.070833 0.094444 0.037500 0.066667
31 0.108333 0.094444 0.037500 0.066667
91 0.145833 0.094444 0.037500 0.066667
91 0.183333 0.094444 0.037500 0.066667
67 0.220833 0.094444 0.037500 0.066667
67 0.258333 0.094444 0.037500 0.066667
36 0.295833 0.094444 0.037500 0.066667
110 0.333333 0.094444 0.037500 0.066667
7 0.370833 0.094444 0.037500 0.066667
94 0.408333 0.094444 0.037500 0.066667
184 0.445833 0.094444 0.037500 0.066667
108 0.483333 0.094444 0.037500 0.066667
32 0.520833 0.094444 0.037500 0.066667
32 0.558333 0.094444 0.037500 0.066667
28 0.595833 0.094444 0.037500 0.066667
173 0.633333 0.094444 0.037500 0.066667
110 0.670833 0.094444 0.037500 0.066667
107 0.708333 0.094444 0.037500 0.066667
111 0.334375 0.027778 0.033333 0.059259
39 0.363542 0.027778 0.033333 0.059259
40 0.392708 0.027778 0.033333 0.059259
13 0.421875 0.027778 0.033333 0.059259
13 0.451042 0.027778 0.033333 0.059259
14 0.247917 0.565741 0.114583 0.268519
15 0.247917 0.716667 0.120312 0.023333
215 0.195833 0.744444 0.025000 0.044444
119 0.808333 0.706481 0.025000 0.044444
378 0.833333 0.706481 0.025000 0.044444
47 0.850000 0.597222 0.093750 0.129630
20 0.850000 0.678704 0.098437 0.023333
48 0.850000 0.502778 0.038333 0.068148
43 0.556250 0.743519 0.025000 0.044444
155 0.581250 0.743519 0.025000 0.044444
77 0.606250 0.743519 0.025000 0.044444
275 0.631250 0.743519 0.025000 0.044444
297 0.670833 0.583333 0.239583 0.231481
20 0.670833 0.715741 0.251562 0.023333
48 0.670833 0.437963 0.038333 0.068148
369 0.356250 0.734259 0.025000 0.044444
98 0.381250 0.734259 0.025000 0.044444
414 0.406250 0.734259 0.025000 0.044444
125 0.450000 0.555556 0.197917 0.268519
20 0.450000 0.706481 0.207812 0.023333
170 0.450000 0.391667 0.038333 0.068148
