354 0.237500 1.000000 0.155649 0.335641
363 0.314063 0.968783 0.143917 0.323435
600 0.401563 0.945767 0.131037 0.308710
345 0.500000 0.931481 0.117188 0.291667
539 0.598437 0.945767 0.130975 0.308631
317 0.685938 0.968783 0.143855 0.323357
603 0.762500 1.000000 0.155588 0.335564
199 0.033333 0.094444 0.037500 0.066667
65 0.070833 0.094444 0.037500 0.066667
199 0.108333 0.094444 0.037500 0.066667
38 0.145833 0.094444 0.037500 0.066667
34 0.183333 0.094444 0.037500 0.066667
66 0.220833 0.094444 0.037500 0.066667
30 0.258333 0.094444 0.037500 0.066667
199 0.295833 0.094444 0.037500 0.066667
186 0.334375 0.027778 0.033333 0.059259
13 0.363542 0.027778 0.033333 0.059259
13 0.392708 0.027778 0.033333 0.059259
13 0.421875 0.027778 0.033333 0.059259
13 0.451042 0.027778 0.033333 0.059259
14 0.247917 0.565741 0.114583 0.268519
15 0.247917 0.716667 0.120312 0.023333
222 0.195833 0.744444 0.025000 0.044444
371 0.597917 0.748148 0.025000 0.044444
179 0.650000 0.555556 0.114583 0.296296
20 0.650000 0.720370 0.120312 0.023333
170 0.650000 0.377778 0.038333 0.068148
307 0.771875 0.724074 0.025000 0.044444
164 0.796875 0.724074 0.025000 0.044444
441 0.839583 0.563889 0.145833 0.231481
20 0.839583 0.696296 0.153125 0.023333
48 0.839583 0.418519 0.038333 0.068148
