619 0.270312 0.986111 0.149899 0.329824
475 0.357812 0.949074 0.137609 0.316375
223 0.452969 0.925926 0.124215 0.300456
515 0.547031 0.925926 0.124152 0.300376
598 0.642187 0.949074 0.137546 0.316296
365 0.729688 0.986111 0.149838 0.329746
4 0.033333 0.094444 0.037500 0.066667
8 0.070833 0.094444 0.037500 0.066667
108 0.108333 0.094444 0.037500 0.066667
163 0.145833 0.094444 0.037500 0.066667
5 0.183333 0.094444 0.037500 0.066667
5 0.220833 0.094444 0.037500 0.066667
32 0.258333 0.094444 0.037500 0.066667
31 0.295833 0.094444 0.037500 0.066667
108 0.333333 0.094444 0.037500 0.066667
199 0.370833 0.094444 0.037500 0.066667
65 0.408333 0.094444 0.037500 0.066667
30 0.445833 0.094444 0.037500 0.066667
303 0.334375 0.027778 0.033333 0.059259
254 0.363542 0.027778 0.033333 0.059259
68 0.392708 0.027778 0.033333 0.059259
144 0.421875 0.027778 0.033333 0.059259
40 0.451042 0.027778 0.033333 0.059259
14 0.247917 0.565741 0.114583 0.268519
15 0.247917 0.716667 0.120312 0.023333
220 0.195833 0.744444 0.025000 0.044444
45 0.220833 0.744444 0.025000 0.044444
116 0.245833 0.744444 0.025000 0.044444
305 0.270833 0.744444 0.025000 0.044444
17 0.623958 0.706481 0.025000 0.044444
71 0.650000 0.569444 0.062500 0.185185
20 0.650000 0.678704 0.065625 0.023333
72 0.650000 0.447222 0.038333 0.068148
314 0.756250 0.743519 0.025000 0.044444
297 0.870833 0.583333 0.239583 0.231481
20 0.870833 0.715741 0.251562 0.023333
48 0.870833 0.437963 0.038333 0.068148
