443 0.448594 0.925926 0.124215 0.300456
543 0.557969 0.925926 0.124152 0.300376
107 0.033333 0.094444 0.037500 0.066667
129 0.070833 0.094444 0.037500 0.066667
29 0.108333 0.094444 0.037500 0.066667
7 0.145833 0.094444 0.037500 0.066667
38 0.183333 0.094444 0.037500 0.066667
30 0.220833 0.094444 0.037500 0.066667
107 0.258333 0.094444 0.037500 0.066667
31 0.295833 0.094444 0.037500 0.066667
30 0.333333 0.094444 0.037500 0.066667
33 0.370833 0.094444 0.037500 0.066667
5 0.408333 0.094444 0.037500 0.066667
29 0.445833 0.094444 0.037500 0.066667
173 0.483333 0.094444 0.037500 0.066667
67 0.520833 0.094444 0.037500 0.066667
94 0.558333 0.094444 0.037500 0.066667
110 0.595833 0.094444 0.037500 0.066667
108 0.633333 0.094444 0.037500 0.066667
67 0.670833 0.094444 0.037500 0.066667
355 0.334375 0.027778 0.033333 0.059259
200 0.363542 0.027778 0.033333 0.059259
186 0.392708 0.027778 0.033333 0.059259
10 0.421875 0.027778 0.033333 0.059259
304 0.451042 0.027778 0.033333 0.059259
14 0.247917 0.565741 0.114583 0.268519
15 0.247917 0.716667 0.120312 0.023333
79 0.195833 0.744444 0.025000 0.044444
455 0.220833 0.744444 0.025000 0.044444
259 0.245833 0.744444 0.025000 0.044444
294 0.270833 0.744444 0.025000 0.044444
73 0.808333 0.706481 0.025000 0.044444
369 0.833333 0.706481 0.025000 0.044444
168 0.858333 0.706481 0.025000 0.044444
47 0.850000 0.597222 0.093750 0.129630
20 0.850000 0.678704 0.098437 0.023333
48 0.850000 0.502778 0.038333 0.068148
