393 0.401563 0.953704 0.131037 0.308710
484 0.500000 0.925926 0.117188 0.291667
391 0.598437 0.953704 0.130975 0.308631
93 0.033333 0.094444 0.037500 0.066667
255 0.334375 0.027778 0.033333 0.059259
185 0.363542 0.027778 0.033333 0.059259
13 0.392708 0.027778 0.033333 0.059259
13 0.421875 0.027778 0.033333 0.059259
13 0.451042 0.027778 0.033333 0.059259
14 0.247917 0.565741 0.114583 0.268519
15 0.247917 0.716667 0.120312 0.023333
204 0.195833 0.744444 0.025000 0.044444
274 0.220833 0.744444 0.025000 0.044444
16 0.823958 0.706481 0.025000 0.044444
220 0.848958 0.706481 0.025000 0.044444
414 0.873958 0.706481 0.025000 0.044444
71 0.850000 0.569444 0.062500 0.185185
20 0.850000 0.678704 0.065625 0.023333
72 0.850000 0.447222 0.038333 0.068148
136 0.626562 0.740741 0.025000 0.044444
524 0.651563 0.740741 0.025000 0.044444
267 0.650000 0.594444 0.057292 0.203704
20 0.650000 0.712963 0.060156 0.023333
170 0.650000 0.462963 0.038333 0.068148
176 0.340625 0.734259 0.025000 0.044444
424 0.365625 0.734259 0.025000 0.044444
529 0.450000 0.527778 0.229167 0.324074
20 0.450000 0.706481 0.240625 0.023333
72 0.450000 0.336111 0.038333 0.068148
