192 0.351250 0.960648 0.137609 0.316375
528 0.449688 0.935185 0.124215 0.300456
645 0.550312 0.935185 0.124152 0.300376
579 0.648750 0.960648 0.137546 0.316296
6 0.033333 0.094444 0.037500 0.066667
377 0.334375 0.027778 0.033333 0.059259
96 0.363542 0.027778 0.033333 0.059259
272 0.392708 0.027778 0.033333 0.059259
304 0.421875 0.027778 0.033333 0.059259
254 0.451042 0.027778 0.033333 0.059259
14 0.247917 0.565741 0.114583 0.268519
15 0.247917 0.716667 0.120312 0.023333
314 0.195833 0.744444 0.025000 0.044444
177 0.756250 0.734259 0.025000 0.044444
138 0.781250 0.734259 0.025000 0.044444
356 0.806250 0.734259 0.025000 0.044444
190 0.850000 0.555556 0.197917 0.268519
20 0.850000 0.706481 0.207812 0.023333
72 0.850000 0.391667 0.038333 0.068148
