355 0.401563 0.953704 0.131037 0.308710
619 0.500000 0.925926 0.117188 0.291667
32 0.598437 0.953704 0.130975 0.308631
116 0.033333 0.094444 0.037500 0.066667
98 0.070833 0.094444 0.037500 0.066667
11 0.108333 0.094444 0.037500 0.066667
177 0.145833 0.094444 0.037500 0.066667
189 0.334375 0.027778 0.033333 0.059259
204 0.363542 0.027778 0.033333 0.059259
341 0.392708 0.027778 0.033333 0.059259
13 0.421875 0.027778 0.033333 0.059259
13 0.451042 0.027778 0.033333 0.059259
14 0.247917 0.565741 0.114583 0.268519
15 0.247917 0.716667 0.120312 0.023333
52 0.195833 0.744444 0.025000 0.044444
422 0.220833 0.744444 0.025000 0.044444
236 0.819271 0.750926 0.025000 0.044444
235 0.844271 0.750926 0.025000 0.044444
182 0.869271 0.750926 0.025000 0.044444
364 0.847917 0.616667 0.067708 0.179630
23 0.847917 0.723148 0.071094 0.023333
61 0.847917 0.497222 0.038333 0.068148
