359 0.314063 0.986111 0.143917 0.323435
159 0.401563 0.953704 0.131037 0.308710
418 0.500000 0.935185 0.117188 0.291667
160 0.598437 0.953704 0.130975 0.308631
316 0.685938 0.986111 0.143855 0.323357
184 0.033333 0.094444 0.037500 0.066667
36 0.070833 0.094444 0.037500 0.066667
110 0.108333 0.094444 0.037500 0.066667
35 0.145833 0.094444 0.037500 0.066667
31 0.183333 0.094444 0.037500 0.066667
29 0.220833 0.094444 0.037500 0.066667
28 0.258333 0.094444 0.037500 0.066667
91 0.295833 0.094444 0.037500 0.066667
173 0.333333 0.094444 0.037500 0.066667
94 0.370833 0.094444 0.037500 0.066667
173 0.408333 0.094444 0.037500 0.066667
272 0.334375 0.027778 0.033333 0.059259
113 0.363542 0.027778 0.033333 0.059259
95 0.392708 0.027778 0.033333 0.059259
111 0.421875 0.027778 0.033333 0.059259
13 0.451042 0.027778 0.033333 0.059259
14 0.247917 0.565741 0.114583 0.268519
15 0.247917 0.716667 0.120312 0.023333
205 0.195833 0.744444 0.025000 0.044444
291 0.220833 0.744444 0.025000 0.044444
134 0.245833 0.744444 0.025000 0.044444
242 0.377083 0.729630 0.025000 0.044444
16 0.402083 0.729630 0.025000 0.044444
100 0.427083 0.729630 0.025000 0.044444
175 0.452083 0.729630 0.025000 0.044444
464 0.450000 0.601852 0.156250 0.166667
20 0.450000 0.701852 0.164063 0.023333
48 0.450000 0.488889 0.038333 0.068148
45 0.548437 0.738889 0.025000 0.044444
100 0.573438 0.738889 0.025000 0.044444
228 0.598437 0.738889 0.025000 0.044444
164 0.623438 0.738889 0.025000 0.044444
169 0.613542 0.518519 0.140625 0.351852
20 0.613542 0.711111 0.147656 0.023333
48 0.597917 0.312963 0.038333 0.068148
215 0.735417 0.729630 0.025000 0.044444
208 0.850000 0.546296 0.239583 0.277778
20 0.850000 0.701852 0.251562 0.023333
48 0.850000 0.377778 0.038333 0.068148
