547 0.401563 0.953704 0.131037 0.308710
404 0.500000 0.925926 0.117188 0.291667
650 0.598437 0.953704 0.130975 0.308631
163 0.033333 0.094444 0.037500 0.066667
130 0.070833 0.094444 0.037500 0.066667
184 0.108333 0.094444 0.037500 0.066667
96 0.334375 0.027778 0.033333 0.059259
39 0.363542 0.027778 0.033333 0.059259
355 0.392708 0.027778 0.033333 0.059259
13 0.421875 0.027778 0.033333 0.059259
13 0.451042 0.027778 0.033333 0.059259
14 0.247917 0.565741 0.114583 0.268519
15 0.247917 0.716667 0.120312 0.023333
70 0.195833 0.744444 0.025000 0.044444
18 0.220833 0.744444 0.025000 0.044444
294 0.623958 0.706481 0.025000 0.044444
204 0.648958 0.706481 0.025000 0.044444
178 0.673958 0.706481 0.025000 0.044444
71 0.650000 0.569444 0.062500 0.185185
20 0.650000 0.678704 0.065625 0.023333
72 0.650000 0.447222 0.038333 0.068148
276 0.803125 0.733333 0.025000 0.044444
408 0.828125 0.733333 0.025000 0.044444
41 0.853125 0.733333 0.025000 0.044444
319 0.847396 0.605556 0.098958 0.166667
20 0.847396 0.705556 0.103906 0.023333
48 0.847396 0.492593 0.038333 0.068148
137 0.356250 0.734259 0.025000 0.044444
43 0.381250 0.734259 0.025000 0.044444
264 0.406250 0.734259 0.025000 0.044444
125 0.450000 0.555556 0.197917 0.268519
20 0.450000 0.706481 0.207812 0.023333
48 0.450000 0.391667 0.038333 0.068148
