128 0.500000 0.925926 0.117188 0.291667
66 0.033333 0.094444 0.037500 0.066667
33 0.070833 0.094444 0.037500 0.066667
109 0.108333 0.094444 0.037500 0.066667
132 0.145833 0.094444 0.037500 0.066667
94 0.183333 0.094444 0.037500 0.066667
8 0.220833 0.094444 0.037500 0.066667
5 0.258333 0.094444 0.037500 0.066667
91 0.295833 0.094444 0.037500 0.066667
32 0.333333 0.094444 0.037500 0.066667
31 0.370833 0.094444 0.037500 0.066667
94 0.408333 0.094444 0.037500 0.066667
33 0.445833 0.094444 0.037500 0.066667
35 0.483333 0.094444 0.037500 0.066667
6 0.520833 0.094444 0.037500 0.066667
130 0.558333 0.094444 0.037500 0.066667
111 0.334375 0.027778 0.033333 0.059259
13 0.363542 0.027778 0.033333 0.059259
13 0.392708 0.027778 0.033333 0.059259
13 0.421875 0.027778 0.033333 0.059259
13 0.451042 0.027778 0.033333 0.059259
14 0.247917 0.565741 0.114583 0.268519
15 0.247917 0.716667 0.120312 0.023333
273 0.195833 0.744444 0.025000 0.044444
104 0.220833 0.744444 0.025000 0.044444
80 0.245833 0.744444 0.025000 0.044444
49 0.351042 0.731481 0.025000 0.044444
447 0.376042 0.731481 0.025000 0.044444
46 0.401042 0.731481 0.025000 0.044444
19 0.450000 0.525000 0.208333 0.324074
20 0.450000 0.703704 0.218750 0.023333
21 0.450000 0.333333 0.038333 0.068148
425 0.564062 0.751852 0.025000 0.044444
146 0.589063 0.751852 0.025000 0.044444
117 0.614062 0.751852 0.025000 0.044444
590 0.650000 0.540741 0.182292 0.333333
20 0.650000 0.724074 0.191406 0.023333
48 0.650000 0.344444 0.038333 0.068148
123 0.811979 0.735185 0.025000 0.044444
549 0.845833 0.621296 0.078125 0.138889
20 0.845833 0.707407 0.082031 0.023333
48 0.845833 0.522222 0.038333 0.068148
