558 0.351250 0.960648 0.137609 0.316375
212 0.449688 0.935185 0.124215 0.300456
458 0.550312 0.935185 0.124152 0.300376
320 0.648750 0.960648 0.137546 0.316296
66 0.033333 0.094444 0.037500 0.066667
29 0.070833 0.094444 0.037500 0.066667
91 0.108333 0.094444 0.037500 0.066667
65 0.145833 0.094444 0.037500 0.066667
28 0.183333 0.094444 0.037500 0.066667
94 0.220833 0.094444 0.037500 0.066667
173 0.258333 0.094444 0.037500 0.066667
34 0.295833 0.094444 0.037500 0.066667
30 0.333333 0.094444 0.037500 0.066667
66 0.370833 0.094444 0.037500 0.066667
7 0.408333 0.094444 0.037500 0.066667
377 0.334375 0.027778 0.033333 0.059259
40 0.363542 0.027778 0.033333 0.059259
381 0.392708 0.027778 0.033333 0.059259
143 0.421875 0.027778 0.033333 0.059259
13 0.451042 0.027778 0.033333 0.059259
14 0.247917 0.565741 0.114583 0.268519
15 0.247917 0.716667 0.120312 0.023333
205 0.195833 0.744444 0.025000 0.044444
51 0.220833 0.744444 0.025000 0.044444
203 0.808333 0.711111 0.025000 0.044444
220 0.833333 0.711111 0.025000 0.044444
295 0.858333 0.711111 0.025000 0.044444
47 0.850000 0.601852 0.093750 0.129630
20 0.850000 0.683333 0.098437 0.023333
48 0.850000 0.507407 0.038333 0.068148
188 0.587500 0.720370 0.025000 0.044444
401 0.612500 0.720370 0.025000 0.044444
205 0.637500 0.720370 0.025000 0.044444
330 0.650000 0.583333 0.135417 0.185185
20 0.650000 0.692593 0.142188 0.023333
48 0.650000 0.461111 0.038333 0.068148
