457 0.401563 0.953704 0.131037 0.308710
400 0.500000 0.925926 0.117188 0.291667
316 0.598437 0.953704 0.130975 0.308631
163 0.033333 0.094444 0.037500 0.066667
37 0.070833 0.094444 0.037500 0.066667
163 0.108333 0.094444 0.037500 0.066667
65 0.145833 0.094444 0.037500 0.066667
173 0.183333 0.094444 0.037500 0.066667
6 0.220833 0.094444 0.037500 0.066667
132 0.258333 0.094444 0.037500 0.066667
67 0.295833 0.094444 0.037500 0.066667
304 0.334375 0.027778 0.033333 0.059259
255 0.363542 0.027778 0.033333 0.059259
13 0.392708 0.027778 0.033333 0.059259
13 0.421875 0.027778 0.033333 0.059259
13 0.451042 0.027778 0.033333 0.059259
14 0.247917 0.565741 0.114583 0.268519
15 0.247917 0.716667 0.120312 0.023333
307 0.195833 0.744444 0.025000 0.044444
328 0.220833 0.744444 0.025000 0.044444
146 0.245833 0.744444 0.025000 0.044444
164 0.270833 0.744444 0.025000 0.044444
277 0.587500 0.716667 0.025000 0.044444
56 0.612500 0.716667 0.025000 0.044444
155 0.637500 0.716667 0.025000 0.044444
274 0.662500 0.716667 0.025000 0.044444
348 0.650000 0.593518 0.135417 0.157407
20 0.650000 0.688889 0.142188 0.023333
48 0.650000 0.485185 0.038333 0.068148
45 0.411979 0.724074 0.025000 0.044444
315 0.445833 0.610185 0.078125 0.138889
20 0.445833 0.696296 0.082031 0.023333
48 0.445833 0.511111 0.038333 0.068148
49 0.756250 0.734259 0.025000 0.044444
152 0.781250 0.734259 0.025000 0.044444
366 0.806250 0.734259 0.025000 0.044444
155 0.831250 0.734259 0.025000 0.044444
190 0.850000 0.555556 0.197917 0.268519
20 0.850000 0.706481 0.207812 0.023333
72 0.850000 0.391667 0.038333 0.068148
