577 0.182812 1.000000 0.145411 0.296825
621 0.237500 0.976852 0.136936 0.289694
225 0.303125 0.951852 0.127414 0.280350
493 0.379687 0.928704 0.116968 0.268919
509 0.456250 0.921296 0.105583 0.255387
562 0.543750 0.921296 0.105530 0.255319
640 0.620313 0.928704 0.116914 0.268851
581 0.696875 0.951852 0.127362 0.280284
429 0.762500 0.976852 0.136885 0.289630
252 0.817187 1.000000 0.145376 0.296799
38 0.033333 0.094444 0.037500 0.066667
107 0.070833 0.094444 0.037500 0.066667
129 0.108333 0.094444 0.037500 0.066667
131 0.145833 0.094444 0.037500 0.066667
8 0.183333 0.094444 0.037500 0.066667
8 0.220833 0.094444 0.037500 0.066667
129 0.258333 0.094444 0.037500 0.066667
31 0.295833 0.094444 0.037500 0.066667
31 0.333333 0.094444 0.037500 0.066667
36 0.370833 0.094444 0.037500 0.066667
199 0.408333 0.094444 0.037500 0.066667
94 0.445833 0.094444 0.037500 0.066667
31 0.483333 0.094444 0.037500 0.066667
66 0.520833 0.094444 0.037500 0.066667
67 0.558333 0.094444 0.037500 0.066667
64 0.595833 0.094444 0.037500 0.066667
31 0.633333 0.094444 0.037500 0.066667
129 0.670833 0.094444 0.037500 0.066667
32 0.708333 0.094444 0.037500 0.066667
200 0.334375 0.027778 0.033333 0.059259
111 0.363542 0.027778 0.033333 0.059259
13 0.392708 0.027778 0.033333 0.059259
13 0.421875 0.027778 0.033333 0.059259
13 0.451042 0.027778 0.033333 0.059259
14 0.247917 0.565741 0.114583 0.268519
15 0.247917 0.716667 0.120312 0.023333
18 0.195833 0.744444 0.025000 0.044444
435 0.408333 0.711111 0.025000 0.044444
43 0.433333 0.711111 0.025000 0.044444
187 0.458333 0.711111 0.025000 0.044444
80 0.483333 0.711111 0.025000 0.044444
47 0.450000 0.601852 0.093750 0.129630
20 0.450000 0.683333 0.098437 0.023333
48 0.450000 0.507407 0.038333 0.068148
366 0.603125 0.733333 0.025000 0.044444
152 0.628125 0.733333 0.025000 0.044444
228 0.653125 0.733333 0.025000 0.044444
319 0.647396 0.605556 0.098958 0.166667
20 0.647396 0.705556 0.103906 0.023333
48 0.647396 0.492593 0.038333 0.068148
165 0.756250 0.743519 0.025000 0.044444
424 0.781250 0.743519 0.025000 0.044444
187 0.806250 0.743519 0.025000 0.044444
297 0.870833 0.583333 0.239583 0.231481
20 0.870833 0.715741 0.251562 0.023333
48 0.870833 0.437963 0.038333 0.068148
