617 0.270312 0.986111 0.149899 0.329824
419 0.357812 0.949074 0.137609 0.316375
196 0.452969 0.925926 0.124215 0.300456
142 0.547031 0.925926 0.124152 0.300376
395 0.642187 0.949074 0.137546 0.316296
192 0.729688 0.986111 0.149838 0.329746
35 0.033333 0.094444 0.037500 0.066667
132 0.070833 0.094444 0.037500 0.066667
93 0.108333 0.094444 0.037500 0.066667
4 0.145833 0.094444 0.037500 0.066667
92 0.183333 0.094444 0.037500 0.066667
110 0.220833 0.094444 0.037500 0.066667
110 0.258333 0.094444 0.037500 0.066667
31 0.295833 0.094444 0.037500 0.066667
33 0.333333 0.094444 0.037500 0.066667
132 0.370833 0.094444 0.037500 0.066667
30 0.408333 0.094444 0.037500 0.066667
163 0.445833 0.094444 0.037500 0.066667
36 0.483333 0.094444 0.037500 0.066667
65 0.520833 0.094444 0.037500 0.066667
33 0.558333 0.094444 0.037500 0.066667
174 0.334375 0.027778 0.033333 0.059259
186 0.363542 0.027778 0.033333 0.059259
355 0.392708 0.027778 0.033333 0.059259
112 0.421875 0.027778 0.033333 0.059259
111 0.451042 0.027778 0.033333 0.059259
14 0.247917 0.565741 0.114583 0.268519
15 0.247917 0.716667 0.120312 0.023333
75 0.195833 0.744444 0.025000 0.044444
202 0.220833 0.744444 0.025000 0.044444
274 0.245833 0.744444 0.025000 0.044444
42 0.270833 0.744444 0.025000 0.044444
177 0.610937 0.698223 0.025000 0.044444
268 0.635938 0.698223 0.025000 0.044444
119 0.660937 0.698223 0.025000 0.044444
414 0.685938 0.698223 0.025000 0.044444
448 0.650000 0.593594 0.088542 0.120370
20 0.650000 0.670445 0.092969 0.023333
170 0.650000 0.503779 0.038333 0.068148
414 0.408333 0.711111 0.025000 0.044444
188 0.433333 0.711111 0.025000 0.044444
222 0.458333 0.711111 0.025000 0.044444
326 0.483333 0.711111 0.025000 0.044444
47 0.450000 0.601852 0.093750 0.129630
20 0.450000 0.683333 0.098437 0.023333
82 0.450000 0.507407 0.038333 0.068148
104 0.805729 0.757407 0.025000 0.044444
268 0.830729 0.757407 0.025000 0.044444
273 0.855729 0.757407 0.025000 0.044444
177 0.880729 0.757407 0.025000 0.044444
141 0.852604 0.583333 0.104167 0.259259
20 0.852604 0.729630 0.109375 0.023333
170 0.852604 0.424074 0.038333 0.068148
