384 0.448594 0.925926 0.124215 0.300456
394 0.557969 0.925926 0.124152 0.300376
7 0.033333 0.094444 0.037500 0.066667
8 0.070833 0.094444 0.037500 0.066667
108 0.108333 0.094444 0.037500 0.066667
109 0.145833 0.094444 0.037500 0.066667
38 0.183333 0.094444 0.037500 0.066667
129 0.220833 0.094444 0.037500 0.066667
131 0.258333 0.094444 0.037500 0.066667
7 0.295833 0.094444 0.037500 0.066667
7 0.333333 0.094444 0.037500 0.066667
4 0.370833 0.094444 0.037500 0.066667
36 0.408333 0.094444 0.037500 0.066667
36 0.445833 0.094444 0.037500 0.066667
67 0.483333 0.094444 0.037500 0.066667
92 0.520833 0.094444 0.037500 0.066667
94 0.558333 0.094444 0.037500 0.066667
65 0.595833 0.094444 0.037500 0.066667
131 0.633333 0.094444 0.037500 0.066667
111 0.334375 0.027778 0.033333 0.059259
303 0.363542 0.027778 0.033333 0.059259
200 0.392708 0.027778 0.033333 0.059259
377 0.421875 0.027778 0.033333 0.059259
13 0.451042 0.027778 0.033333 0.059259
14 0.247917 0.565741 0.114583 0.268519
15 0.247917 0.716667 0.120312 0.023333
414 0.195833 0.744444 0.025000 0.044444
204 0.220833 0.744444 0.025000 0.044444
258 0.753646 0.729630 0.025000 0.044444
227 0.778646 0.729630 0.025000 0.044444
295 0.803646 0.729630 0.025000 0.044444
383 0.850000 0.504630 0.203125 0.361111
20 0.850000 0.701852 0.213281 0.023333
216 0.850000 0.294444 0.038333 0.068148
