594 0.448594 0.925926 0.124215 0.300456
613 0.557969 0.925926 0.124152 0.300376
199 0.033333 0.094444 0.037500 0.066667
94 0.070833 0.094444 0.037500 0.066667
38 0.108333 0.094444 0.037500 0.066667
94 0.145833 0.094444 0.037500 0.066667
38 0.183333 0.094444 0.037500 0.066667
132 0.220833 0.094444 0.037500 0.066667
5 0.258333 0.094444 0.037500 0.066667
93 0.295833 0.094444 0.037500 0.066667
37 0.333333 0.094444 0.037500 0.066667
68 0.334375 0.027778 0.033333 0.059259
174 0.363542 0.027778 0.033333 0.059259
112 0.392708 0.027778 0.033333 0.059259
377 0.421875 0.027778 0.033333 0.059259
13 0.451042 0.027778 0.033333 0.059259
14 0.247917 0.565741 0.114583 0.268519
15 0.247917 0.716667 0.120312 0.023333
401 0.195833 0.744444 0.025000 0.044444
369 0.220833 0.744444 0.025000 0.044444
242 0.808333 0.725000 0.025000 0.044444
47 0.850000 0.615741 0.093750 0.129630
20 0.850000 0.697222 0.098437 0.023333
48 0.850000 0.521296 0.038333 0.068148
