581 0.270312 0.986111 0.149899 0.329824
554 0.357812 0.949074 0.137609 0.316375
530 0.452969 0.925926 0.124215 0.300456
490 0.547031 0.925926 0.124152 0.300376
619 0.642187 0.949074 0.137546 0.316296
616 0.729688 0.986111 0.149838 0.329746
32 0.033333 0.094444 0.037500 0.066667
5 0.070833 0.094444 0.037500 0.066667
144 0.334375 0.027778 0.033333 0.059259
13 0.363542 0.027778 0.033333 0.059259
13 0.392708 0.027778 0.033333 0.059259
13 0.421875 0.027778 0.033333 0.059259
13 0.451042 0.027778 0.033333 0.059259
14 0.247917 0.565741 0.114583 0.268519
15 0.247917 0.716667 0.120312 0.023333
203 0.195833 0.744444 0.025000 0.044444
270 0.220833 0.744444 0.025000 0.044444
175 0.245833 0.744444 0.025000 0.044444
176 0.270833 0.744444 0.025000 0.044444
152 0.771875 0.734259 0.025000 0.044444
325 0.796875 0.734259 0.025000 0.044444
17 0.821875 0.734259 0.025000 0.044444
149 0.850000 0.587963 0.166667 0.203704
20 0.850000 0.706481 0.175000 0.023333
150 0.850000 0.456481 0.038333 0.068148
356 0.540625 0.739815 0.025000 0.044444
446 0.652604 0.551852 0.234375 0.287037
20 0.652604 0.712037 0.246094 0.023333
21 0.652604 0.378704 0.038333 0.068148
