172 0.448594 0.925926 0.124215 0.300456
540 0.557969 0.925926 0.124152 0.300376
163 0.033333 0.094444 0.037500 0.066667
5 0.070833 0.094444 0.037500 0.066667
66 0.108333 0.094444 0.037500 0.066667
4 0.145833 0.094444 0.037500 0.066667
129 0.183333 0.094444 0.037500 0.066667
32 0.220833 0.094444 0.037500 0.066667
132 0.258333 0.094444 0.037500 0.066667
110 0.295833 0.094444 0.037500 0.066667
173 0.333333 0.094444 0.037500 0.066667
33 0.370833 0.094444 0.037500 0.066667
67 0.408333 0.094444 0.037500 0.066667
91 0.445833 0.094444 0.037500 0.066667
132 0.483333 0.094444 0.037500 0.066667
64 0.520833 0.094444 0.037500 0.066667
303 0.334375 0.027778 0.033333 0.059259
13 0.363542 0.027778 0.033333 0.059259
13 0.392708 0.027778 0.033333 0.059259
13 0.421875 0.027778 0.033333 0.059259
13 0.451042 0.027778 0.033333 0.059259
14 0.247917 0.565741 0.114583 0.268519
15 0.247917 0.716667 0.120312 0.023333
115 0.195833 0.744444 0.025000 0.044444
134 0.220833 0.744444 0.025000 0.044444
258 0.245833 0.744444 0.025000 0.044444
177 0.270833 0.744444 0.025000 0.044444
156 0.619271 0.750926 0.025000 0.044444
146 0.644271 0.750926 0.025000 0.044444
257 0.647917 0.616667 0.067708 0.179630
20 0.647917 0.723148 0.071094 0.023333
48 0.647917 0.497222 0.038333 0.068148
241 0.766667 0.738889 0.025000 0.044444
422 0.852604 0.490741 0.182292 0.407407
20 0.852604 0.711111 0.191406 0.023333
48 0.852604 0.257407 0.038333 0.068148
