83 0.401563 0.953704 0.131037 0.308710
572 0.500000 0.925926 0.117188 0.291667
320 0.598437 0.953704 0.130975 0.308631
199 0.033333 0.094444 0.037500 0.066667
68 0.334375 0.027778 0.033333 0.059259
95 0.363542 0.027778 0.033333 0.059259
13 0.392708 0.027778 0.033333 0.059259
13 0.421875 0.027778 0.033333 0.059259
13 0.451042 0.027778 0.033333 0.059259
14 0.247917 0.565741 0.114583 0.268519
15 0.247917 0.716667 0.120312 0.023333
425 0.195833 0.744444 0.025000 0.044444
80 0.220833 0.744444 0.025000 0.044444
269 0.753646 0.725926 0.025000 0.044444
414 0.778646 0.725926 0.025000 0.044444
137 0.803646 0.725926 0.025000 0.044444
524 0.828646 0.725926 0.025000 0.044444
243 0.850000 0.500926 0.203125 0.361111
20 0.850000 0.698148 0.213281 0.023333
170 0.850000 0.290741 0.038333 0.068148
