310 0.314063 0.986111 0.143917 0.323435
285 0.401563 0.953704 0.131037 0.308710
412 0.500000 0.935185 0.117188 0.291667
439 0.598437 0.953704 0.130975 0.308631
237 0.685938 0.986111 0.143855 0.323357
32 0.033333 0.094444 0.037500 0.066667
66 0.070833 0.094444 0.037500 0.066667
8 0.108333 0.094444 0.037500 0.066667
107 0.145833 0.094444 0.037500 0.066667
304 0.334375 0.027778 0.033333 0.059259
13 0.363542 0.027778 0.033333 0.059259
13 0.392708 0.027778 0.033333 0.059259
13 0.421875 0.027778 0.033333 0.059259
13 0.451042 0.027778 0.033333 0.059259
14 0.247917 0.565741 0.114583 0.268519
15 0.247917 0.716667 0.120312 0.023333
202 0.195833 0.744444 0.025000 0.044444
240 0.220833 0.744444 0.025000 0.044444
77 0.245833 0.744444 0.025000 0.044444
52 0.818750 0.706481 0.025000 0.044444
202 0.843750 0.706481 0.025000 0.044444
57 0.850000 0.601852 0.072917 0.120370
20 0.850000 0.678704 0.076563 0.023333
48 0.850000 0.512037 0.038333 0.068148
483 0.525000 0.752778 0.025000 0.044444
397 0.644792 0.509259 0.250000 0.398148
20 0.644792 0.725000 0.262500 0.023333
21 0.644792 0.280556 0.038333 0.068148
293 0.343229 0.748148 0.025000 0.044444
358 0.450000 0.537037 0.223958 0.333333
20 0.450000 0.720370 0.235156 0.023333
21 0.450000 0.340741 0.038333 0.068148
