451 0.193750 1.000000 0.149621 0.310807
343 0.259375 0.982716 0.140084 0.302077
62 0.332656 0.955556 0.129526 0.291092
641 0.412500 0.930247 0.117934 0.277839
375 0.500000 0.925926 0.105469 0.262500
472 0.587500 0.930247 0.117877 0.277768
370 0.667344 0.955556 0.129470 0.291021
484 0.740625 0.982716 0.140029 0.302007
526 0.806250 1.000000 0.149567 0.310740
130 0.033333 0.094444 0.037500 0.066667
132 0.070833 0.094444 0.037500 0.066667
109 0.108333 0.094444 0.037500 0.066667
66 0.145833 0.094444 0.037500 0.066667
34 0.183333 0.094444 0.037500 0.066667
109 0.220833 0.094444 0.037500 0.066667
7 0.258333 0.094444 0.037500 0.066667
91 0.295833 0.094444 0.037500 0.066667
163 0.333333 0.094444 0.037500 0.066667
8 0.370833 0.094444 0.037500 0.066667
4 0.408333 0.094444 0.037500 0.066667
40 0.334375 0.027778 0.033333 0.059259
185 0.363542 0.027778 0.033333 0.059259
13 0.392708 0.027778 0.033333 0.059259
13 0.421875 0.027778 0.033333 0.059259
13 0.451042 0.027778 0.033333 0.059259
14 0.247917 0.565741 0.114583 0.268519
15 0.247917 0.716667 0.120312 0.023333
18 0.195833 0.744444 0.025000 0.044444
139 0.220833 0.744444 0.025000 0.044444
115 0.245833 0.744444 0.025000 0.044444
483 0.270833 0.744444 0.025000 0.044444
124 0.787500 0.716667 0.025000 0.044444
313 0.812500 0.716667 0.025000 0.044444
226 0.837500 0.716667 0.025000 0.044444
241 0.862500 0.716667 0.025000 0.044444
348 0.850000 0.593518 0.135417 0.157407
20 0.850000 0.688889 0.142188 0.023333
216 0.850000 0.485185 0.038333 0.068148
415 0.592708 0.645113 0.025000 0.044444
80 0.617708 0.645113 0.025000 0.044444
140 0.650000 0.517335 0.125000 0.166667
20 0.650000 0.617335 0.131250 0.023333
216 0.650000 0.404372 0.038333 0.068148
