437 0.401563 0.953704 0.131037 0.308710
561 0.500000 0.925926 0.117188 0.291667
452 0.598437 0.953704 0.130975 0.308631
107 0.033333 0.094444 0.037500 0.066667
199 0.070833 0.094444 0.037500 0.066667
30 0.108333 0.094444 0.037500 0.066667
130 0.145833 0.094444 0.037500 0.066667
163 0.183333 0.094444 0.037500 0.066667
91 0.220833 0.094444 0.037500 0.066667
130 0.258333 0.094444 0.037500 0.066667
7 0.295833 0.094444 0.037500 0.066667
163 0.333333 0.094444 0.037500 0.066667
130 0.370833 0.094444 0.037500 0.066667
4 0.408333 0.094444 0.037500 0.066667
29 0.445833 0.094444 0.037500 0.066667
64 0.483333 0.094444 0.037500 0.066667
381 0.334375 0.027778 0.033333 0.059259
13 0.363542 0.027778 0.033333 0.059259
13 0.392708 0.027778 0.033333 0.059259
13 0.421875 0.027778 0.033333 0.059259
13 0.451042 0.027778 0.033333 0.059259
14 0.247917 0.565741 0.114583 0.268519
15 0.247917 0.716667 0.120312 0.023333
97 0.195833 0.744444 0.025000 0.044444
78 0.220833 0.744444 0.025000 0.044444
454 0.610937 0.720681 0.025000 0.044444
608 0.650000 0.616052 0.088542 0.120370
20 0.650000 0.692903 0.092969 0.023333
170 0.650000 0.526237 0.038333 0.068148
273 0.795313 0.748148 0.025000 0.044444
482 0.850000 0.587963 0.119792 0.231481
20 0.850000 0.720370 0.125781 0.023333
216 0.850000 0.442593 0.038333 0.068148
16 0.403125 0.733333 0.025000 0.044444
270 0.428125 0.733333 0.025000 0.044444
148 0.453125 0.733333 0.025000 0.044444
319 0.447396 0.605556 0.098958 0.166667
20 0.447396 0.705556 0.103906 0.023333
48 0.447396 0.492593 0.038333 0.068148
