491 0.448594 0.925926 0.124215 0.300456
474 0.557969 0.925926 0.124152 0.300376
31 0.033333 0.094444 0.037500 0.066667
30 0.070833 0.094444 0.037500 0.066667
4 0.108333 0.094444 0.037500 0.066667
28 0.145833 0.094444 0.037500 0.066667
199 0.183333 0.094444 0.037500 0.066667
173 0.220833 0.094444 0.037500 0.066667
93 0.258333 0.094444 0.037500 0.066667
184 0.295833 0.094444 0.037500 0.066667
4 0.333333 0.094444 0.037500 0.066667
199 0.370833 0.094444 0.037500 0.066667
36 0.408333 0.094444 0.037500 0.066667
199 0.445833 0.094444 0.037500 0.066667
129 0.483333 0.094444 0.037500 0.066667
324 0.334375 0.027778 0.033333 0.059259
12 0.363542 0.027778 0.033333 0.059259
13 0.392708 0.027778 0.033333 0.059259
13 0.421875 0.027778 0.033333 0.059259
13 0.451042 0.027778 0.033333 0.059259
14 0.247917 0.565741 0.114583 0.268519
15 0.247917 0.716667 0.120312 0.023333
306 0.195833 0.744444 0.025000 0.044444
313 0.220833 0.744444 0.025000 0.044444
56 0.245833 0.744444 0.025000 0.044444
146 0.270833 0.744444 0.025000 0.044444
258 0.808333 0.706481 0.025000 0.044444
524 0.833333 0.706481 0.025000 0.044444
134 0.858333 0.706481 0.025000 0.044444
47 0.850000 0.597222 0.093750 0.129630
20 0.850000 0.678704 0.098437 0.023333
82 0.850000 0.502778 0.038333 0.068148
