90 0.193750 1.000000 0.149621 0.310807
430 0.259375 0.982716 0.140084 0.302077
312 0.332656 0.955556 0.129526 0.291092
577 0.412500 0.930247 0.117934 0.277839
639 0.500000 0.925926 0.105469 0.262500
518 0.587500 0.930247 0.117877 0.277768
316 0.667344 0.955556 0.129470 0.291021
389 0.740625 0.982716 0.140029 0.302007
508 0.806250 1.000000 0.149567 0.310740
35 0.033333 0.094444 0.037500 0.066667
5 0.070833 0.094444 0.037500 0.066667
4 0.108333 0.094444 0.037500 0.066667
30 0.145833 0.094444 0.037500 0.066667
30 0.183333 0.094444 0.037500 0.066667
29 0.220833 0.094444 0.037500 0.066667
173 0.258333 0.094444 0.037500 0.066667
7 0.295833 0.094444 0.037500 0.066667
28 0.333333 0.094444 0.037500 0.066667
36 0.370833 0.094444 0.037500 0.066667
6 0.408333 0.094444 0.037500 0.066667
32 0.445833 0.094444 0.037500 0.066667
199 0.483333 0.094444 0.037500 0.066667
214 0.334375 0.027778 0.033333 0.059259
95 0.363542 0.027778 0.033333 0.059259
304 0.392708 0.027778 0.033333 0.059259
13 0.421875 0.027778 0.033333 0.059259
13 0.451042 0.027778 0.033333 0.059259
14 0.247917 0.565741 0.114583 0.268519
15 0.247917 0.716667 0.120312 0.023333
44 0.195833 0.744444 0.025000 0.044444
137 0.756250 0.734259 0.025000 0.044444
190 0.850000 0.555556 0.197917 0.268519
20 0.850000 0.706481 0.207812 0.023333
167 0.850000 0.391667 0.038333 0.068148
