23 0.193750 1.000000 0.149621 0.310807
501 0.259375 0.982716 0.140084 0.302077
633 0.332656 0.955556 0.129526 0.291092
605 0.412500 0.930247 0.117934 0.277839
500 0.500000 0.925926 0.105469 0.262500
412 0.587500 0.930247 0.117877 0.277768
439 0.667344 0.955556 0.129470 0.291021
480 0.740625 0.982716 0.140029 0.302007
647 0.806250 1.000000 0.149567 0.310740
92 0.033333 0.094444 0.037500 0.066667
199 0.070833 0.094444 0.037500 0.066667
132 0.108333 0.094444 0.037500 0.066667
38 0.145833 0.094444 0.037500 0.066667
38 0.183333 0.094444 0.037500 0.066667
173 0.220833 0.094444 0.037500 0.066667
110 0.258333 0.094444 0.037500 0.066667
131 0.295833 0.094444 0.037500 0.066667
7 0.333333 0.094444 0.037500 0.066667
93 0.370833 0.094444 0.037500 0.066667
113 0.334375 0.027778 0.033333 0.059259
9 0.363542 0.027778 0.033333 0.059259
13 0.392708 0.027778 0.033333 0.059259
13 0.421875 0.027778 0.033333 0.059259
13 0.451042 0.027778 0.033333 0.059259
14 0.247917 0.565741 0.114583 0.268519
15 0.247917 0.716667 0.120312 0.023333
203 0.195833 0.744444 0.025000 0.044444
50 0.826563 0.740741 0.025000 0.044444
267 0.850000 0.594444 0.057292 0.203704
20 0.850000 0.712963 0.060156 0.023333
170 0.850000 0.462963 0.038333 0.068148
69 0.621354 0.731481 0.025000 0.044444
367 0.646354 0.731481 0.025000 0.044444
105 0.650000 0.640741 0.067708 0.092593
20 0.650000 0.703704 0.071094 0.023333
82 0.650000 0.564815 0.038333 0.068148
222 0.325000 0.752778 0.025000 0.044444
137 0.350000 0.752778 0.025000 0.044444
378 0.375000 0.752778 0.025000 0.044444
119 0.400000 0.752778 0.025000 0.044444
397 0.444792 0.509259 0.250000 0.398148
20 0.444792 0.725000 0.262500 0.023333
21 0.444792 0.280556 0.038333 0.068148
