576 0.351250 0.960648 0.137609 0.316375
24 0.449688 0.935185 0.124215 0.300456
554 0.550312 0.935185 0.124152 0.300376
656 0.648750 0.960648 0.137546 0.316296
108 0.033333 0.094444 0.037500 0.066667
37 0.070833 0.094444 0.037500 0.066667
37 0.108333 0.094444 0.037500 0.066667
5 0.145833 0.094444 0.037500 0.066667
94 0.183333 0.094444 0.037500 0.066667
35 0.220833 0.094444 0.037500 0.066667
129 0.258333 0.094444 0.037500 0.066667
35 0.295833 0.094444 0.037500 0.066667
163 0.333333 0.094444 0.037500 0.066667
29 0.370833 0.094444 0.037500 0.066667
7 0.408333 0.094444 0.037500 0.066667
174 0.334375 0.027778 0.033333 0.059259
145 0.363542 0.027778 0.033333 0.059259
13 0.392708 0.027778 0.033333 0.059259
13 0.421875 0.027778 0.033333 0.059259
13 0.451042 0.027778 0.033333 0.059259
14 0.247917 0.565741 0.114583 0.268519
15 0.247917 0.716667 0.120312 0.023333
178 0.195833 0.744444 0.025000 0.044444
203 0.220833 0.744444 0.025000 0.044444
337 0.245833 0.744444 0.025000 0.044444
16 0.270833 0.744444 0.025000 0.044444
425 0.811979 0.740741 0.025000 0.044444
81 0.845833 0.626852 0.078125 0.138889
20 0.845833 0.712963 0.082031 0.023333
82 0.845833 0.527778 0.038333 0.068148
