605 0.270312 0.986111 0.149899 0.329824
0 0.357812 0.949074 0.137609 0.316375
420 0.452969 0.925926 0.124215 0.300456
191 0.547031 0.925926 0.124152 0.300376
450 0.642187 0.949074 0.137546 0.316296
495 0.729688 0.986111 0.149838 0.329746
107 0.033333 0.094444 0.037500 0.066667
163 0.070833 0.094444 0.037500 0.066667
214 0.334375 0.027778 0.033333 0.059259
12 0.363542 0.027778 0.033333 0.059259
377 0.392708 0.027778 0.033333 0.059259
133 0.421875 0.027778 0.033333 0.059259
13 0.451042 0.027778 0.033333 0.059259
14 0.247917 0.565741 0.114583 0.268519
15 0.247917 0.716667 0.120312 0.023333
79 0.195833 0.744444 0.025000 0.044444
56 0.220833 0.744444 0.025000 0.044444
79 0.621354 0.731481 0.025000 0.044444
270 0.646354 0.731481 0.025000 0.044444
148 0.671354 0.731481 0.025000 0.044444
97 0.696354 0.731481 0.025000 0.044444
105 0.650000 0.640741 0.067708 0.092593
20 0.650000 0.703704 0.071094 0.023333
82 0.650000 0.564815 0.038333 0.068148
168 0.756250 0.734259 0.025000 0.044444
275 0.781250 0.734259 0.025000 0.044444
125 0.850000 0.555556 0.197917 0.268519
20 0.850000 0.706481 0.207812 0.023333
48 0.850000 0.391667 0.038333 0.068148
