210 0.500000 0.925926 0.117188 0.291667
108 0.033333 0.094444 0.037500 0.066667
5 0.070833 0.094444 0.037500 0.066667
132 0.108333 0.094444 0.037500 0.066667
67 0.145833 0.094444 0.037500 0.066667
6 0.183333 0.094444 0.037500 0.066667
163 0.220833 0.094444 0.037500 0.066667
4 0.258333 0.094444 0.037500 0.066667
173 0.295833 0.094444 0.037500 0.066667
96 0.334375 0.027778 0.033333 0.059259
95 0.363542 0.027778 0.033333 0.059259
13 0.392708 0.027778 0.033333 0.059259
13 0.421875 0.027778 0.033333 0.059259
13 0.451042 0.027778 0.033333 0.059259
14 0.247917 0.565741 0.114583 0.268519
15 0.247917 0.716667 0.120312 0.023333
114 0.195833 0.744444 0.025000 0.044444
274 0.220833 0.744444 0.025000 0.044444
337 0.810938 0.729630 0.025000 0.044444
516 0.850000 0.578704 0.088542 0.212963
20 0.850000 0.701852 0.092969 0.023333
48 0.850000 0.442593 0.038333 0.068148
44 0.577083 0.729630 0.025000 0.044444
135 0.602083 0.729630 0.025000 0.044444
447 0.627083 0.729630 0.025000 0.044444
265 0.652083 0.729630 0.025000 0.044444
464 0.650000 0.601852 0.156250 0.166667
20 0.650000 0.701852 0.164063 0.023333
170 0.650000 0.488889 0.038333 0.068148
117 0.384896 0.738889 0.025000 0.044444
273 0.409896 0.738889 0.025000 0.044444
118 0.434896 0.738889 0.025000 0.044444
139 0.459896 0.738889 0.025000 0.044444
53 0.450000 0.509259 0.140625 0.370370
20 0.450000 0.711111 0.147656 0.023333
48 0.450000 0.294444 0.038333 0.068148
