159 0.448594 0.925926 0.124215 0.300456
507 0.557969 0.925926 0.124152 0.300376
64 0.033333 0.094444 0.037500 0.066667
108 0.070833 0.094444 0.037500 0.066667
33 0.108333 0.094444 0.037500 0.066667
93 0.145833 0.094444 0.037500 0.066667
129 0.183333 0.094444 0.037500 0.066667
28 0.220833 0.094444 0.037500 0.066667
8 0.258333 0.094444 0.037500 0.066667
131 0.295833 0.094444 0.037500 0.066667
130 0.333333 0.094444 0.037500 0.066667
5 0.370833 0.094444 0.037500 0.066667
33 0.408333 0.094444 0.037500 0.066667
129 0.445833 0.094444 0.037500 0.066667
130 0.483333 0.094444 0.037500 0.066667
184 0.520833 0.094444 0.037500 0.066667
37 0.558333 0.094444 0.037500 0.066667
66 0.595833 0.094444 0.037500 0.066667
132 0.633333 0.094444 0.037500 0.066667
8 0.670833 0.094444 0.037500 0.066667
10 0.334375 0.027778 0.033333 0.059259
214 0.363542 0.027778 0.033333 0.059259
13 0.392708 0.027778 0.033333 0.059259
13 0.421875 0.027778 0.033333 0.059259
13 0.451042 0.027778 0.033333 0.059259
14 0.247917 0.565741 0.114583 0.268519
15 0.247917 0.716667 0.120312 0.023333
97 0.195833 0.744444 0.025000 0.044444
74 0.220833 0.744444 0.025000 0.044444
100 0.245833 0.744444 0.025000 0.044444
54 0.821354 0.731481 0.025000 0.044444
325 0.846354 0.731481 0.025000 0.044444
105 0.850000 0.640741 0.067708 0.092593
20 0.850000 0.703704 0.071094 0.023333
82 0.850000 0.564815 0.038333 0.068148
