1 0.270312 0.986111 0.149899 0.329824
573 0.357812 0.949074 0.137609 0.316375
346 0.452969 0.925926 0.124215 0.300456
22 0.547031 0.925926 0.124152 0.300376
211 0.642187 0.949074 0.137546 0.316296
537 0.729688 0.986111 0.149838 0.329746
67 0.033333 0.094444 0.037500 0.066667
91 0.070833 0.094444 0.037500 0.066667
110 0.108333 0.094444 0.037500 0.066667
36 0.145833 0.094444 0.037500 0.066667
33 0.183333 0.094444 0.037500 0.066667
33 0.220833 0.094444 0.037500 0.066667
6 0.258333 0.094444 0.037500 0.066667
163 0.295833 0.094444 0.037500 0.066667
7 0.333333 0.094444 0.037500 0.066667
4 0.370833 0.094444 0.037500 0.066667
30 0.408333 0.094444 0.037500 0.066667
38 0.445833 0.094444 0.037500 0.066667
94 0.483333 0.094444 0.037500 0.066667
254 0.334375 0.027778 0.033333 0.059259
95 0.363542 0.027778 0.033333 0.059259
214 0.392708 0.027778 0.033333 0.059259
186 0.421875 0.027778 0.033333 0.059259
40 0.451042 0.027778 0.033333 0.059259
14 0.247917 0.565741 0.114583 0.268519
15 0.247917 0.716667 0.120312 0.023333
455 0.195833 0.744444 0.025000 0.044444
296 0.621354 0.724074 0.025000 0.044444
207 0.646354 0.724074 0.025000 0.044444
314 0.671354 0.724074 0.025000 0.044444
175 0.696354 0.724074 0.025000 0.044444
260 0.650000 0.633333 0.067708 0.092593
20 0.650000 0.696296 0.071094 0.023333
48 0.650000 0.557407 0.038333 0.068148
337 0.782292 0.720370 0.025000 0.044444
268 0.807292 0.720370 0.025000 0.044444
45 0.832292 0.720370 0.025000 0.044444
601 0.850000 0.546296 0.145833 0.259259
20 0.850000 0.692593 0.153125 0.023333
48 0.850000 0.387037 0.038333 0.068148
46 0.356250 0.734259 0.025000 0.044444
378 0.381250 0.734259 0.025000 0.044444
146 0.406250 0.734259 0.025000 0.044444
366 0.431250 0.734259 0.025000 0.044444
190 0.450000 0.555556 0.197917 0.268519
20 0.450000 0.706481 0.207812 0.023333
72 0.450000 0.391667 0.038333 0.068148
