471 0.351250 0.960648 0.137609 0.316375
372 0.449688 0.935185 0.124215 0.300456
566 0.550312 0.935185 0.124152 0.300376
180 0.648750 0.960648 0.137546 0.316296
108 0.033333 0.094444 0.037500 0.066667
38 0.070833 0.094444 0.037500 0.066667
109 0.108333 0.094444 0.037500 0.066667
6 0.145833 0.094444 0.037500 0.066667
38 0.183333 0.094444 0.037500 0.066667
132 0.220833 0.094444 0.037500 0.066667
132 0.258333 0.094444 0.037500 0.066667
184 0.295833 0.094444 0.037500 0.066667
184 0.333333 0.094444 0.037500 0.066667
129 0.370833 0.094444 0.037500 0.066667
110 0.408333 0.094444 0.037500 0.066667
5 0.445833 0.094444 0.037500 0.066667
9 0.334375 0.027778 0.033333 0.059259
381 0.363542 0.027778 0.033333 0.059259
355 0.392708 0.027778 0.033333 0.059259
10 0.421875 0.027778 0.033333 0.059259
11 0.451042 0.027778 0.033333 0.059259
14 0.247917 0.565741 0.114583 0.268519
15 0.247917 0.716667 0.120312 0.023333
402 0.195833 0.744444 0.025000 0.044444
118 0.810938 0.720681 0.025000 0.044444
608 0.850000 0.616052 0.088542 0.120370
20 0.850000 0.692903 0.092969 0.023333
82 0.850000 0.526237 0.038333 0.068148
305 0.351042 0.743519 0.025000 0.044444
293 0.376042 0.743519 0.025000 0.044444
338 0.450000 0.509259 0.208333 0.379630
20 0.450000 0.715741 0.218750 0.023333
48 0.450000 0.289815 0.038333 0.068148
402 0.558854 0.725000 0.025000 0.044444
476 0.650000 0.523148 0.192708 0.314815
20 0.650000 0.697222 0.202344 0.023333
48 0.650000 0.336111 0.038333 0.068148
