629 0.193750 1.000000 0.149621 0.310807
466 0.259375 0.982716 0.140084 0.302077
404 0.332656 0.955556 0.129526 0.291092
562 0.412500 0.930247 0.117934 0.277839
320 0.500000 0.925926 0.105469 0.262500
496 0.587500 0.930247 0.117877 0.277768
465 0.667344 0.955556 0.129470 0.291021
622 0.740625 0.982716 0.140029 0.302007
251 0.806250 1.000000 0.149567 0.310740
130 0.033333 0.094444 0.037500 0.066667
173 0.070833 0.094444 0.037500 0.066667
132 0.108333 0.094444 0.037500 0.066667
32 0.145833 0.094444 0.037500 0.066667
34 0.183333 0.094444 0.037500 0.066667
5 0.220833 0.094444 0.037500 0.066667
163 0.258333 0.094444 0.037500 0.066667
173 0.295833 0.094444 0.037500 0.066667
28 0.333333 0.094444 0.037500 0.066667
4 0.370833 0.094444 0.037500 0.066667
30 0.408333 0.094444 0.037500 0.066667
377 0.334375 0.027778 0.033333 0.059259
186 0.363542 0.027778 0.033333 0.059259
13 0.392708 0.027778 0.033333 0.059259
13 0.421875 0.027778 0.033333 0.059259
13 0.451042 0.027778 0.033333 0.059259
14 0.247917 0.565741 0.114583 0.268519
15 0.247917 0.716667 0.120312 0.023333
239 0.195833 0.744444 0.025000 0.044444
481 0.808333 0.725000 0.025000 0.044444
103 0.833333 0.725000 0.025000 0.044444
207 0.858333 0.725000 0.025000 0.044444
47 0.850000 0.615741 0.093750 0.129630
20 0.850000 0.697222 0.098437 0.023333
48 0.850000 0.521296 0.038333 0.068148
