576 0.270312 0.986111 0.149899 0.329824
172 0.357812 0.949074 0.137609 0.316375
480 0.452969 0.925926 0.124215 0.300456
510 0.547031 0.925926 0.124152 0.300376
480 0.642187 0.949074 0.137546 0.316296
640 0.729688 0.986111 0.149838 0.329746
108 0.033333 0.094444 0.037500 0.066667
31 0.070833 0.094444 0.037500 0.066667
34 0.108333 0.094444 0.037500 0.066667
132 0.145833 0.094444 0.037500 0.066667
36 0.183333 0.094444 0.037500 0.066667
66 0.220833 0.094444 0.037500 0.066667
272 0.334375 0.027778 0.033333 0.059259
144 0.363542 0.027778 0.033333 0.059259
381 0.392708 0.027778 0.033333 0.059259
303 0.421875 0.027778 0.033333 0.059259
13 0.451042 0.027778 0.033333 0.059259
14 0.247917 0.565741 0.114583 0.268519
15 0.247917 0.716667 0.120312 0.023333
98 0.195833 0.744444 0.025000 0.044444
120 0.220833 0.744444 0.025000 0.044444
175 0.621354 0.731481 0.025000 0.044444
16 0.646354 0.731481 0.025000 0.044444
18 0.671354 0.731481 0.025000 0.044444
105 0.650000 0.640741 0.067708 0.092593
20 0.650000 0.703704 0.071094 0.023333
82 0.650000 0.564815 0.038333 0.068148
274 0.803125 0.741667 0.025000 0.044444
217 0.844792 0.565278 0.093750 0.263889
20 0.844792 0.713889 0.098437 0.023333
158 0.844792 0.403704 0.038333 0.068148
