463 0.351250 0.960648 0.137609 0.316375
196 0.449688 0.935185 0.124215 0.300456
616 0.550312 0.935185 0.124152 0.300376
320 0.648750 0.960648 0.137546 0.316296
28 0.033333 0.094444 0.037500 0.066667
131 0.070833 0.094444 0.037500 0.066667
64 0.108333 0.094444 0.037500 0.066667
66 0.145833 0.094444 0.037500 0.066667
108 0.183333 0.094444 0.037500 0.066667
163 0.220833 0.094444 0.037500 0.066667
38 0.258333 0.094444 0.037500 0.066667
110 0.295833 0.094444 0.037500 0.066667
107 0.333333 0.094444 0.037500 0.066667
163 0.370833 0.094444 0.037500 0.066667
355 0.334375 0.027778 0.033333 0.059259
13 0.363542 0.027778 0.033333 0.059259
13 0.392708 0.027778 0.033333 0.059259
13 0.421875 0.027778 0.033333 0.059259
13 0.451042 0.027778 0.033333 0.059259
14 0.247917 0.565741 0.114583 0.268519
15 0.247917 0.716667 0.120312 0.023333
371 0.195833 0.744444 0.025000 0.044444
136 0.220833 0.744444 0.025000 0.044444
416 0.245833 0.744444 0.025000 0.044444
408 0.270833 0.744444 0.025000 0.044444
408 0.740625 0.734259 0.025000 0.044444
529 0.850000 0.527778 0.229167 0.324074
20 0.850000 0.706481 0.240625 0.023333
72 0.850000 0.336111 0.038333 0.068148
202 0.556250 0.743519 0.025000 0.044444
297 0.670833 0.583333 0.239583 0.231481
20 0.670833 0.715741 0.251562 0.023333
48 0.670833 0.437963 0.038333 0.068148
