237 0.270312 0.986111 0.149899 0.329824
387 0.357812 0.949074 0.137609 0.316375
565 0.452969 0.925926 0.124215 0.300456
515 0.547031 0.925926 0.124152 0.300376
323 0.642187 0.949074 0.137546 0.316296
86 0.729688 0.986111 0.149838 0.329746
163 0.033333 0.094444 0.037500 0.066667
66 0.070833 0.094444 0.037500 0.066667
184 0.108333 0.094444 0.037500 0.066667
6 0.145833 0.094444 0.037500 0.066667
110 0.183333 0.094444 0.037500 0.066667
35 0.220833 0.094444 0.037500 0.066667
8 0.258333 0.094444 0.037500 0.066667
33 0.295833 0.094444 0.037500 0.066667
30 0.333333 0.094444 0.037500 0.066667
92 0.370833 0.094444 0.037500 0.066667
8 0.408333 0.094444 0.037500 0.066667
36 0.445833 0.094444 0.037500 0.066667
4 0.483333 0.094444 0.037500 0.066667
92 0.520833 0.094444 0.037500 0.066667
36 0.558333 0.094444 0.037500 0.066667
130 0.595833 0.094444 0.037500 0.066667
36 0.633333 0.094444 0.037500 0.066667
31 0.670833 0.094444 0.037500 0.066667
238 0.334375 0.027778 0.033333 0.059259
185 0.363542 0.027778 0.033333 0.059259
143 0.392708 0.027778 0.033333 0.059259
143 0.421875 0.027778 0.033333 0.059259
13 0.451042 0.027778 0.033333 0.059259
14 0.247917 0.565741 0.114583 0.268519
15 0.247917 0.716667 0.120312 0.023333
119 0.195833 0.744444 0.025000 0.044444
264 0.220833 0.744444 0.025000 0.044444
137 0.571875 0.734259 0.025000 0.044444
314 0.596875 0.734259 0.025000 0.044444
149 0.650000 0.587963 0.166667 0.203704
20 0.650000 0.706481 0.175000 0.023333
150 0.650000 0.456481 0.038333 0.068148
435 0.743229 0.748148 0.025000 0.044444
314 0.768229 0.748148 0.025000 0.044444
227 0.793229 0.748148 0.025000 0.044444
358 0.850000 0.537037 0.223958 0.333333
20 0.850000 0.720370 0.235156 0.023333
21 0.850000 0.340741 0.038333 0.068148
