492 0.448594 0.925926 0.124215 0.300456
564 0.557969 0.925926 0.124152 0.300376
99 0.033333 0.094444 0.037500 0.066667
49 0.334375 0.027778 0.033333 0.059259
337 0.363542 0.027778 0.033333 0.059259
204 0.392708 0.027778 0.033333 0.059259
13 0.421875 0.027778 0.033333 0.059259
13 0.451042 0.027778 0.033333 0.059259
14 0.247917 0.565741 0.114583 0.268519
15 0.247917 0.716667 0.120312 0.023333
248 0.195833 0.744444 0.025000 0.044444
240 0.220833 0.744444 0.025000 0.044444
194 0.245833 0.744444 0.025000 0.044444
235 0.270833 0.744444 0.025000 0.044444
79 0.808333 0.711111 0.025000 0.044444
184 0.850000 0.601852 0.093750 0.129630
23 0.850000 0.683333 0.098437 0.023333
61 0.850000 0.507407 0.038333 0.068148
257 0.546875 0.729630 0.025000 0.044444
280 0.571875 0.729630 0.025000 0.044444
229 0.665625 0.495370 0.247917 0.379630
23 0.665625 0.701852 0.260312 0.023333
61 0.665625 0.275926 0.038333 0.068148
193 0.356250 0.734259 0.025000 0.044444
110 0.381250 0.734259 0.025000 0.044444
208 0.406250 0.734259 0.025000 0.044444
357 0.431250 0.734259 0.025000 0.044444
539 0.450000 0.555556 0.197917 0.268519
23 0.450000 0.706481 0.207812 0.023333
57 0.450000 0.391667 0.038333 0.068148
