492 0.193750 1.000000 0.149621 0.310807
499 0.259375 0.982716 0.140084 0.302077
480 0.332656 0.955556 0.129526 0.291092
318 0.412500 0.930247 0.117934 0.277839
468 0.500000 0.925926 0.105469 0.262500
445 0.587500 0.930247 0.117877 0.277768
284 0.667344 0.955556 0.129470 0.291021
496 0.740625 0.982716 0.140029 0.302007
443 0.806250 1.000000 0.149567 0.310740
5 0.033333 0.094444 0.037500 0.066667
108 0.070833 0.094444 0.037500 0.066667
92 0.108333 0.094444 0.037500 0.066667
109 0.145833 0.094444 0.037500 0.066667
30 0.183333 0.094444 0.037500 0.066667
110 0.220833 0.094444 0.037500 0.066667
65 0.258333 0.094444 0.037500 0.066667
92 0.295833 0.094444 0.037500 0.066667
92 0.333333 0.094444 0.037500 0.066667
290 0.334375 0.027778 0.033333 0.059259
255 0.363542 0.027778 0.033333 0.059259
355 0.392708 0.027778 0.033333 0.059259
10 0.421875 0.027778 0.033333 0.059259
13 0.451042 0.027778 0.033333 0.059259
14 0.247917 0.565741 0.114583 0.268519
15 0.247917 0.716667 0.120312 0.023333
43 0.195833 0.744444 0.025000 0.044444
80 0.784896 0.641667 0.025000 0.044444
157 0.857813 0.416667 0.156250 0.361111
20 0.857813 0.613889 0.164063 0.023333
158 0.857813 0.206481 0.038333 0.068148
