196 0.351250 0.960648 0.137609 0.316375
309 0.449688 0.935185 0.124215 0.300456
578 0.550312 0.935185 0.124152 0.300376
26 0.648750 0.960648 0.137546 0.316296
64 0.033333 0.094444 0.037500 0.066667
109 0.070833 0.094444 0.037500 0.066667
94 0.108333 0.094444 0.037500 0.066667
184 0.145833 0.094444 0.037500 0.066667
143 0.334375 0.027778 0.033333 0.059259
13 0.363542 0.027778 0.033333 0.059259
13 0.392708 0.027778 0.033333 0.059259
13 0.421875 0.027778 0.033333 0.059259
13 0.451042 0.027778 0.033333 0.059259
14 0.247917 0.565741 0.114583 0.268519
15 0.247917 0.716667 0.120312 0.023333
49 0.195833 0.744444 0.025000 0.044444
137 0.610937 0.720681 0.025000 0.044444
608 0.650000 0.616052 0.088542 0.120370
20 0.650000 0.692903 0.092969 0.023333
170 0.650000 0.526237 0.038333 0.068148
168 0.748438 0.738889 0.025000 0.044444
203 0.773438 0.738889 0.025000 0.044444
299 0.798437 0.738889 0.025000 0.044444
45 0.823438 0.738889 0.025000 0.044444
169 0.813542 0.518519 0.140625 0.351852
20 0.813542 0.711111 0.147656 0.023333
170 0.797917 0.312963 0.038333 0.068148
138 0.392708 0.645113 0.025000 0.044444
134 0.417708 0.645113 0.025000 0.044444
140 0.450000 0.517335 0.125000 0.166667
20 0.450000 0.617335 0.131250 0.023333
48 0.450000 0.404372 0.038333 0.068148
