602 0.500000 0.925926 0.117188 0.291667
163 0.033333 0.094444 0.037500 0.066667
66 0.070833 0.094444 0.037500 0.066667
29 0.108333 0.094444 0.037500 0.066667
4 0.145833 0.094444 0.037500 0.066667
91 0.183333 0.094444 0.037500 0.066667
130 0.220833 0.094444 0.037500 0.066667
37 0.258333 0.094444 0.037500 0.066667
29 0.295833 0.094444 0.037500 0.066667
131 0.333333 0.094444 0.037500 0.066667
35 0.370833 0.094444 0.037500 0.066667
64 0.408333 0.094444 0.037500 0.066667
67 0.445833 0.094444 0.037500 0.066667
111 0.334375 0.027778 0.033333 0.059259
185 0.363542 0.027778 0.033333 0.059259
133 0.392708 0.027778 0.033333 0.059259
200 0.421875 0.027778 0.033333 0.059259
10 0.451042 0.027778 0.033333 0.059259
14 0.247917 0.565741 0.114583 0.268519
15 0.247917 0.716667 0.120312 0.023333
401 0.195833 0.744444 0.025000 0.044444
134 0.220833 0.744444 0.025000 0.044444
51 0.811979 0.735185 0.025000 0.044444
549 0.845833 0.621296 0.078125 0.138889
20 0.845833 0.707407 0.082031 0.023333
48 0.845833 0.522222 0.038333 0.068148
