570 0.314063 0.986111 0.143917 0.323435
219 0.401563 0.953704 0.131037 0.308710
171 0.500000 0.935185 0.117188 0.291667
493 0.598437 0.953704 0.130975 0.308631
198 0.685938 0.986111 0.143855 0.323357
35 0.033333 0.094444 0.037500 0.066667
108 0.070833 0.094444 0.037500 0.066667
28 0.108333 0.094444 0.037500 0.066667
7 0.145833 0.094444 0.037500 0.066667
67 0.183333 0.094444 0.037500 0.066667
110 0.220833 0.094444 0.037500 0.066667
33 0.258333 0.094444 0.037500 0.066667
30 0.295833 0.094444 0.037500 0.066667
184 0.333333 0.094444 0.037500 0.066667
130 0.370833 0.094444 0.037500 0.066667
132 0.408333 0.094444 0.037500 0.066667
199 0.445833 0.094444 0.037500 0.066667
66 0.483333 0.094444 0.037500 0.066667
107 0.520833 0.094444 0.037500 0.066667
107 0.558333 0.094444 0.037500 0.066667
129 0.595833 0.094444 0.037500 0.066667
145 0.334375 0.027778 0.033333 0.059259
185 0.363542 0.027778 0.033333 0.059259
13 0.392708 0.027778 0.033333 0.059259
13 0.421875 0.027778 0.033333 0.059259
13 0.451042 0.027778 0.033333 0.059259
14 0.247917 0.565741 0.114583 0.268519
15 0.247917 0.716667 0.120312 0.023333
270 0.195833 0.744444 0.025000 0.044444
103 0.220833 0.744444 0.025000 0.044444
281 0.592708 0.645113 0.025000 0.044444
140 0.650000 0.517335 0.125000 0.166667
20 0.650000 0.617335 0.131250 0.023333
216 0.650000 0.404372 0.038333 0.068148
147 0.771875 0.734259 0.025000 0.044444
152 0.796875 0.734259 0.025000 0.044444
43 0.821875 0.734259 0.025000 0.044444
46 0.846875 0.734259 0.025000 0.044444
76 0.850000 0.495370 0.166667 0.388889
20 0.850000 0.706481 0.175000 0.023333
48 0.850000 0.271296 0.038333 0.068148
242 0.346875 0.729630 0.025000 0.044444
46 0.371875 0.729630 0.025000 0.044444
153 0.396875 0.729630 0.025000 0.044444
121 0.465625 0.495370 0.247917 0.379630
20 0.465625 0.701852 0.260312 0.023333
216 0.465625 0.275926 0.038333 0.068148
