565 0.237500 1.000000 0.155649 0.335641
363 0.314063 0.968783 0.143917 0.323435
626 0.401563 0.945767 0.131037 0.308710
410 0.500000 0.931481 0.117188 0.291667
596 0.598437 0.945767 0.130975 0.308631
519 0.685938 0.968783 0.143855 0.323357
89 0.762500 1.000000 0.155588 0.335564
37 0.033333 0.094444 0.037500 0.066667
92 0.070833 0.094444 0.037500 0.066667
32 0.108333 0.094444 0.037500 0.066667
185 0.334375 0.027778 0.033333 0.059259
13 0.363542 0.027778 0.033333 0.059259
13 0.392708 0.027778 0.033333 0.059259
13 0.421875 0.027778 0.033333 0.059259
13 0.451042 0.027778 0.033333 0.059259
14 0.247917 0.565741 0.114583 0.268519
15 0.247917 0.716667 0.120312 0.023333
292 0.195833 0.744444 0.025000 0.044444
325 0.220833 0.744444 0.025000 0.044444
367 0.403125 0.729630 0.025000 0.044444
104 0.428125 0.729630 0.025000 0.044444
382 0.450000 0.583333 0.104167 0.203704
20 0.450000 0.701852 0.109375 0.023333
48 0.450000 0.451852 0.038333 0.068148
299 0.803125 0.741667 0.025000 0.044444
52 0.828125 0.741667 0.025000 0.044444
217 0.844792 0.565278 0.093750 0.263889
20 0.844792 0.713889 0.098437 0.023333
158 0.844792 0.403704 0.038333 0.068148
116 0.618750 0.706481 0.025000 0.044444
307 0.643750 0.706481 0.025000 0.044444
454 0.668750 0.706481 0.025000 0.044444
258 0.693750 0.706481 0.025000 0.044444
57 0.650000 0.601852 0.072917 0.120370
20 0.650000 0.678704 0.076563 0.023333
48 0.650000 0.512037 0.038333 0.068148
