333 0.351250 0.960648 0.137609 0.316375
196 0.449688 0.935185 0.124215 0.300456
362 0.550312 0.935185 0.124152 0.300376
650 0.648750 0.960648 0.137546 0.316296
6 0.033333 0.094444 0.037500 0.066667
91 0.070833 0.094444 0.037500 0.066667
290 0.334375 0.027778 0.033333 0.059259
272 0.363542 0.027778 0.033333 0.059259
111 0.392708 0.027778 0.033333 0.059259
12 0.421875 0.027778 0.033333 0.059259
377 0.451042 0.027778 0.033333 0.059259
14 0.247917 0.565741 0.114583 0.268519
15 0.247917 0.716667 0.120312 0.023333
435 0.195833 0.744444 0.025000 0.044444
401 0.220833 0.744444 0.025000 0.044444
274 0.771875 0.734259 0.025000 0.044444
138 0.796875 0.734259 0.025000 0.044444
77 0.821875 0.734259 0.025000 0.044444
328 0.846875 0.734259 0.025000 0.044444
149 0.850000 0.587963 0.166667 0.203704
20 0.850000 0.706481 0.175000 0.023333
150 0.850000 0.456481 0.038333 0.068148
