581 0.401563 0.953704 0.131037 0.308710
322 0.500000 0.925926 0.117188 0.291667
434 0.598437 0.953704 0.130975 0.308631
94 0.033333 0.094444 0.037500 0.066667
34 0.070833 0.094444 0.037500 0.066667
64 0.108333 0.094444 0.037500 0.066667
92 0.145833 0.094444 0.037500 0.066667
173 0.183333 0.094444 0.037500 0.066667
32 0.220833 0.094444 0.037500 0.066667
32 0.258333 0.094444 0.037500 0.066667
28 0.295833 0.094444 0.037500 0.066667
66 0.333333 0.094444 0.037500 0.066667
34 0.370833 0.094444 0.037500 0.066667
67 0.408333 0.094444 0.037500 0.066667
36 0.445833 0.094444 0.037500 0.066667
173 0.483333 0.094444 0.037500 0.066667
107 0.520833 0.094444 0.037500 0.066667
132 0.558333 0.094444 0.037500 0.066667
131 0.595833 0.094444 0.037500 0.066667
36 0.633333 0.094444 0.037500 0.066667
8 0.670833 0.094444 0.037500 0.066667
64 0.708333 0.094444 0.037500 0.066667
131 0.745833 0.094444 0.037500 0.066667
12 0.334375 0.027778 0.033333 0.059259
381 0.363542 0.027778 0.033333 0.059259
200 0.392708 0.027778 0.033333 0.059259
11 0.421875 0.027778 0.033333 0.059259
113 0.451042 0.027778 0.033333 0.059259
14 0.247917 0.565741 0.114583 0.268519
15 0.247917 0.716667 0.120312 0.023333
168 0.195833 0.744444 0.025000 0.044444
326 0.220833 0.744444 0.025000 0.044444
256 0.245833 0.744444 0.025000 0.044444
435 0.595312 0.748148 0.025000 0.044444
277 0.620313 0.748148 0.025000 0.044444
116 0.645312 0.748148 0.025000 0.044444
482 0.650000 0.587963 0.119792 0.231481
20 0.650000 0.720370 0.125781 0.023333
170 0.650000 0.442593 0.038333 0.068148
524 0.803125 0.741667 0.025000 0.044444
80 0.828125 0.741667 0.025000 0.044444
147 0.853125 0.741667 0.025000 0.044444
228 0.878125 0.741667 0.025000 0.044444
217 0.844792 0.565278 0.093750 0.263889
20 0.844792 0.713889 0.098437 0.023333
158 0.844792 0.403704 0.038333 0.068148
