651 0.448594 0.925926 0.124215 0.300456
142 0.557969 0.925926 0.124152 0.300376
8 0.033333 0.094444 0.037500 0.066667
67 0.070833 0.094444 0.037500 0.066667
67 0.108333 0.094444 0.037500 0.066667
66 0.145833 0.094444 0.037500 0.066667
30 0.183333 0.094444 0.037500 0.066667
8 0.220833 0.094444 0.037500 0.066667
129 0.258333 0.094444 0.037500 0.066667
91 0.295833 0.094444 0.037500 0.066667
131 0.333333 0.094444 0.037500 0.066667
38 0.370833 0.094444 0.037500 0.066667
110 0.408333 0.094444 0.037500 0.066667
37 0.445833 0.094444 0.037500 0.066667
6 0.483333 0.094444 0.037500 0.066667
6 0.520833 0.094444 0.037500 0.066667
5 0.558333 0.094444 0.037500 0.066667
65 0.595833 0.094444 0.037500 0.066667
8 0.633333 0.094444 0.037500 0.066667
39 0.334375 0.027778 0.033333 0.059259
336 0.363542 0.027778 0.033333 0.059259
272 0.392708 0.027778 0.033333 0.059259
13 0.421875 0.027778 0.033333 0.059259
13 0.451042 0.027778 0.033333 0.059259
14 0.247917 0.565741 0.114583 0.268519
15 0.247917 0.716667 0.120312 0.023333
390 0.195833 0.744444 0.025000 0.044444
17 0.220833 0.744444 0.025000 0.044444
120 0.245833 0.744444 0.025000 0.044444
177 0.270833 0.744444 0.025000 0.044444
296 0.408333 0.725000 0.025000 0.044444
416 0.433333 0.725000 0.025000 0.044444
102 0.450000 0.615741 0.093750 0.129630
20 0.450000 0.697222 0.098437 0.023333
48 0.450000 0.521296 0.038333 0.068148
203 0.782812 0.734259 0.025000 0.044444
124 0.807813 0.734259 0.025000 0.044444
485 0.842708 0.537037 0.130208 0.305556
20 0.842708 0.706481 0.136719 0.023333
48 0.842708 0.354630 0.038333 0.068148
227 0.584896 0.738889 0.025000 0.044444
139 0.609896 0.738889 0.025000 0.044444
305 0.634896 0.738889 0.025000 0.044444
228 0.659896 0.738889 0.025000 0.044444
53 0.650000 0.509259 0.140625 0.370370
20 0.650000 0.711111 0.147656 0.023333
48 0.650000 0.294444 0.038333 0.068148
