654 0.270312 0.986111 0.149899 0.329824
363 0.357812 0.949074 0.137609 0.316375
566 0.452969 0.925926 0.124215 0.300456
317 0.547031 0.925926 0.124152 0.300376
562 0.642187 0.949074 0.137546 0.316296
620 0.729688 0.986111 0.149838 0.329746
31 0.033333 0.094444 0.037500 0.066667
91 0.070833 0.094444 0.037500 0.066667
7 0.108333 0.094444 0.037500 0.066667
31 0.145833 0.094444 0.037500 0.066667
7 0.183333 0.094444 0.037500 0.066667
64 0.220833 0.094444 0.037500 0.066667
173 0.258333 0.094444 0.037500 0.066667
94 0.295833 0.094444 0.037500 0.066667
110 0.333333 0.094444 0.037500 0.066667
92 0.370833 0.094444 0.037500 0.066667
66 0.408333 0.094444 0.037500 0.066667
7 0.445833 0.094444 0.037500 0.066667
91 0.483333 0.094444 0.037500 0.066667
129 0.520833 0.094444 0.037500 0.066667
6 0.558333 0.094444 0.037500 0.066667
7 0.595833 0.094444 0.037500 0.066667
255 0.334375 0.027778 0.033333 0.059259
186 0.363542 0.027778 0.033333 0.059259
13 0.392708 0.027778 0.033333 0.059259
13 0.421875 0.027778 0.033333 0.059259
13 0.451042 0.027778 0.033333 0.059259
14 0.247917 0.565741 0.114583 0.268519
15 0.247917 0.716667 0.120312 0.023333
16 0.195833 0.744444 0.025000 0.044444
239 0.220833 0.744444 0.025000 0.044444
371 0.245833 0.744444 0.025000 0.044444
201 0.811979 0.724074 0.025000 0.044444
425 0.836979 0.724074 0.025000 0.044444
315 0.845833 0.610185 0.078125 0.138889
20 0.845833 0.696296 0.082031 0.023333
48 0.845833 0.511111 0.038333 0.068148
