515 0.401563 0.953704 0.131037 0.308710
656 0.500000 0.925926 0.117188 0.291667
244 0.598437 0.953704 0.130975 0.308631
94 0.033333 0.094444 0.037500 0.066667
4 0.070833 0.094444 0.037500 0.066667
34 0.108333 0.094444 0.037500 0.066667
107 0.145833 0.094444 0.037500 0.066667
93 0.183333 0.094444 0.037500 0.066667
184 0.220833 0.094444 0.037500 0.066667
30 0.258333 0.094444 0.037500 0.066667
29 0.295833 0.094444 0.037500 0.066667
130 0.333333 0.094444 0.037500 0.066667
65 0.370833 0.094444 0.037500 0.066667
33 0.408333 0.094444 0.037500 0.066667
65 0.445833 0.094444 0.037500 0.066667
4 0.483333 0.094444 0.037500 0.066667
38 0.520833 0.094444 0.037500 0.066667
173 0.558333 0.094444 0.037500 0.066667
34 0.595833 0.094444 0.037500 0.066667
91 0.633333 0.094444 0.037500 0.066667
29 0.670833 0.094444 0.037500 0.066667
272 0.334375 0.027778 0.033333 0.059259
95 0.363542 0.027778 0.033333 0.059259
254 0.392708 0.027778 0.033333 0.059259
13 0.421875 0.027778 0.033333 0.059259
13 0.451042 0.027778 0.033333 0.059259
14 0.247917 0.565741 0.114583 0.268519
15 0.247917 0.716667 0.120312 0.023333
80 0.195833 0.744444 0.025000 0.044444
49 0.220833 0.744444 0.025000 0.044444
97 0.245833 0.744444 0.025000 0.044444
147 0.823958 0.733333 0.025000 0.044444
207 0.848958 0.733333 0.025000 0.044444
203 0.873958 0.733333 0.025000 0.044444
154 0.850000 0.614815 0.062500 0.148148
20 0.850000 0.705556 0.065625 0.023333
48 0.850000 0.511111 0.038333 0.068148
469 0.605729 0.738889 0.025000 0.044444
203 0.630729 0.738889 0.025000 0.044444
296 0.655729 0.738889 0.025000 0.044444
329 0.647396 0.564815 0.093750 0.259259
20 0.647396 0.711111 0.098437 0.023333
21 0.647396 0.405556 0.038333 0.068148
98 0.353646 0.729630 0.025000 0.044444
101 0.378646 0.729630 0.025000 0.044444
77 0.403646 0.729630 0.025000 0.044444
383 0.450000 0.504630 0.203125 0.361111
20 0.450000 0.701852 0.213281 0.023333
216 0.450000 0.294444 0.038333 0.068148
