472 0.351250 0.960648 0.137609 0.316375
600 0.449688 0.935185 0.124215 0.300456
86 0.550312 0.935185 0.124152 0.300376
552 0.648750 0.960648 0.137546 0.316296
8 0.033333 0.094444 0.037500 0.066667
108 0.070833 0.094444 0.037500 0.066667
8 0.108333 0.094444 0.037500 0.066667
95 0.334375 0.027778 0.033333 0.059259
13 0.363542 0.027778 0.033333 0.059259
13 0.392708 0.027778 0.033333 0.059259
13 0.421875 0.027778 0.033333 0.059259
13 0.451042 0.027778 0.033333 0.059259
14 0.247917 0.565741 0.114583 0.268519
15 0.247917 0.716667 0.120312 0.023333
178 0.195833 0.744444 0.025000 0.044444
202 0.791146 0.729630 0.025000 0.044444
221 0.845833 0.574074 0.119792 0.222222
20 0.845833 0.701852 0.125781 0.023333
48 0.845833 0.433333 0.038333 0.068148
