562 0.351250 0.960648 0.137609 0.316375
541 0.449688 0.935185 0.124215 0.300456
225 0.550312 0.935185 0.124152 0.300376
653 0.648750 0.960648 0.137546 0.316296
94 0.033333 0.094444 0.037500 0.066667
33 0.070833 0.094444 0.037500 0.066667
4 0.108333 0.094444 0.037500 0.066667
67 0.145833 0.094444 0.037500 0.066667
29 0.183333 0.094444 0.037500 0.066667
130 0.220833 0.094444 0.037500 0.066667
30 0.258333 0.094444 0.037500 0.066667
132 0.295833 0.094444 0.037500 0.066667
109 0.333333 0.094444 0.037500 0.066667
8 0.370833 0.094444 0.037500 0.066667
33 0.408333 0.094444 0.037500 0.066667
91 0.445833 0.094444 0.037500 0.066667
184 0.483333 0.094444 0.037500 0.066667
30 0.520833 0.094444 0.037500 0.066667
132 0.558333 0.094444 0.037500 0.066667
7 0.595833 0.094444 0.037500 0.066667
28 0.633333 0.094444 0.037500 0.066667
4 0.670833 0.094444 0.037500 0.066667
92 0.708333 0.094444 0.037500 0.066667
66 0.745833 0.094444 0.037500 0.066667
214 0.334375 0.027778 0.033333 0.059259
144 0.363542 0.027778 0.033333 0.059259
174 0.392708 0.027778 0.033333 0.059259
13 0.421875 0.027778 0.033333 0.059259
13 0.451042 0.027778 0.033333 0.059259
14 0.247917 0.565741 0.114583 0.268519
15 0.247917 0.716667 0.120312 0.023333
79 0.195833 0.744444 0.025000 0.044444
74 0.220833 0.744444 0.025000 0.044444
122 0.245833 0.744444 0.025000 0.044444
435 0.751042 0.743519 0.025000 0.044444
75 0.776042 0.743519 0.025000 0.044444
338 0.850000 0.509259 0.208333 0.379630
20 0.850000 0.715741 0.218750 0.023333
48 0.850000 0.289815 0.038333 0.068148
