263 0.448594 0.925926 0.124215 0.300456
385 0.557969 0.925926 0.124152 0.300376
31 0.033333 0.094444 0.037500 0.066667
32 0.070833 0.094444 0.037500 0.066667
184 0.108333 0.094444 0.037500 0.066667
30 0.145833 0.094444 0.037500 0.066667
31 0.183333 0.094444 0.037500 0.066667
129 0.220833 0.094444 0.037500 0.066667
65 0.258333 0.094444 0.037500 0.066667
145 0.334375 0.027778 0.033333 0.059259
133 0.363542 0.027778 0.033333 0.059259
336 0.392708 0.027778 0.033333 0.059259
10 0.421875 0.027778 0.033333 0.059259
113 0.451042 0.027778 0.033333 0.059259
14 0.247917 0.565741 0.114583 0.268519
15 0.247917 0.716667 0.120312 0.023333
242 0.195833 0.744444 0.025000 0.044444
295 0.220833 0.744444 0.025000 0.044444
222 0.245833 0.744444 0.025000 0.044444
50 0.810938 0.729630 0.025000 0.044444
516 0.850000 0.578704 0.088542 0.212963
20 0.850000 0.701852 0.092969 0.023333
170 0.850000 0.442593 0.038333 0.068148
124 0.577083 0.729630 0.025000 0.044444
464 0.650000 0.601852 0.156250 0.166667
20 0.650000 0.701852 0.164063 0.023333
170 0.650000 0.488889 0.038333 0.068148
202 0.421354 0.731481 0.025000 0.044444
105 0.450000 0.640741 0.067708 0.092593
20 0.450000 0.703704 0.071094 0.023333
82 0.450000 0.564815 0.038333 0.068148
