323 0.182812 1.000000 0.145411 0.296825
88 0.237500 0.976852 0.136936 0.289694
591 0.303125 0.951852 0.127414 0.280350
403 0.379687 0.928704 0.116968 0.268919
610 0.456250 0.921296 0.105583 0.255387
647 0.543750 0.921296 0.105530 0.255319
340 0.620313 0.928704 0.116914 0.268851
224 0.696875 0.951852 0.127362 0.280284
298 0.762500 0.976852 0.136885 0.289630
560 0.817187 1.000000 0.145376 0.296799
66 0.033333 0.094444 0.037500 0.066667
29 0.070833 0.094444 0.037500 0.066667
130 0.108333 0.094444 0.037500 0.066667
31 0.145833 0.094444 0.037500 0.066667
199 0.183333 0.094444 0.037500 0.066667
67 0.220833 0.094444 0.037500 0.066667
173 0.258333 0.094444 0.037500 0.066667
28 0.295833 0.094444 0.037500 0.066667
36 0.333333 0.094444 0.037500 0.066667
38 0.370833 0.094444 0.037500 0.066667
36 0.408333 0.094444 0.037500 0.066667
186 0.334375 0.027778 0.033333 0.059259
377 0.363542 0.027778 0.033333 0.059259
377 0.392708 0.027778 0.033333 0.059259
13 0.421875 0.027778 0.033333 0.059259
13 0.451042 0.027778 0.033333 0.059259
14 0.247917 0.565741 0.114583 0.268519
15 0.247917 0.716667 0.120312 0.023333
469 0.195833 0.744444 0.025000 0.044444
313 0.220833 0.744444 0.025000 0.044444
114 0.245833 0.744444 0.025000 0.044444
69 0.623958 0.706481 0.025000 0.044444
71 0.650000 0.569444 0.062500 0.185185
20 0.650000 0.678704 0.065625 0.023333
72 0.650000 0.447222 0.038333 0.068148
415 0.766667 0.738889 0.025000 0.044444
422 0.852604 0.490741 0.182292 0.407407
20 0.852604 0.711111 0.191406 0.023333
82 0.852604 0.257407 0.038333 0.068148
