85 0.182812 1.000000 0.145411 0.296825
638 0.237500 0.976852 0.136936 0.289694
27 0.303125 0.951852 0.127414 0.280350
312 0.379687 0.928704 0.116968 0.268919
449 0.456250 0.921296 0.105583 0.255387
427 0.543750 0.921296 0.105530 0.255319
285 0.620313 0.928704 0.116914 0.268851
437 0.696875 0.951852 0.127362 0.280284
344 0.762500 0.976852 0.136885 0.289630
495 0.817187 1.000000 0.145376 0.296799
7 0.033333 0.094444 0.037500 0.066667
66 0.070833 0.094444 0.037500 0.066667
131 0.108333 0.094444 0.037500 0.066667
67 0.145833 0.094444 0.037500 0.066667
8 0.183333 0.094444 0.037500 0.066667
29 0.220833 0.094444 0.037500 0.066667
5 0.258333 0.094444 0.037500 0.066667
67 0.295833 0.094444 0.037500 0.066667
92 0.333333 0.094444 0.037500 0.066667
64 0.370833 0.094444 0.037500 0.066667
93 0.408333 0.094444 0.037500 0.066667
30 0.445833 0.094444 0.037500 0.066667
110 0.483333 0.094444 0.037500 0.066667
110 0.520833 0.094444 0.037500 0.066667
4 0.558333 0.094444 0.037500 0.066667
173 0.595833 0.094444 0.037500 0.066667
173 0.633333 0.094444 0.037500 0.066667
163 0.670833 0.094444 0.037500 0.066667
4 0.708333 0.094444 0.037500 0.066667
66 0.745833 0.094444 0.037500 0.066667
304 0.334375 0.027778 0.033333 0.059259
111 0.363542 0.027778 0.033333 0.059259
10 0.392708 0.027778 0.033333 0.059259
214 0.421875 0.027778 0.033333 0.059259
13 0.451042 0.027778 0.033333 0.059259
14 0.247917 0.565741 0.114583 0.268519
15 0.247917 0.716667 0.120312 0.023333
258 0.195833 0.744444 0.025000 0.044444
265 0.220833 0.744444 0.025000 0.044444
178 0.245833 0.744444 0.025000 0.044444
259 0.270833 0.744444 0.025000 0.044444
414 0.777083 0.729630 0.025000 0.044444
367 0.802083 0.729630 0.025000 0.044444
464 0.850000 0.601852 0.156250 0.166667
20 0.850000 0.701852 0.164063 0.023333
48 0.850000 0.488889 0.038333 0.068148
55 0.582292 0.720370 0.025000 0.044444
281 0.607292 0.720370 0.025000 0.044444
601 0.650000 0.546296 0.145833 0.259259
20 0.650000 0.692593 0.153125 0.023333
48 0.650000 0.387037 0.038333 0.068148
