60 0.500000 0.925926 0.117188 0.291667
199 0.033333 0.094444 0.037500 0.066667
132 0.070833 0.094444 0.037500 0.066667
132 0.108333 0.094444 0.037500 0.066667
93 0.145833 0.094444 0.037500 0.066667
129 0.183333 0.094444 0.037500 0.066667
163 0.220833 0.094444 0.037500 0.066667
131 0.258333 0.094444 0.037500 0.066667
34 0.295833 0.094444 0.037500 0.066667
31 0.333333 0.094444 0.037500 0.066667
34 0.370833 0.094444 0.037500 0.066667
8 0.408333 0.094444 0.037500 0.066667
110 0.445833 0.094444 0.037500 0.066667
143 0.334375 0.027778 0.033333 0.059259
324 0.363542 0.027778 0.033333 0.059259
111 0.392708 0.027778 0.033333 0.059259
143 0.421875 0.027778 0.033333 0.059259
39 0.451042 0.027778 0.033333 0.059259
14 0.247917 0.565741 0.114583 0.268519
15 0.247917 0.716667 0.120312 0.023333
152 0.195833 0.744444 0.025000 0.044444
273 0.220833 0.744444 0.025000 0.044444
425 0.245833 0.744444 0.025000 0.044444
483 0.270833 0.744444 0.025000 0.044444
328 0.803125 0.729630 0.025000 0.044444
292 0.828125 0.729630 0.025000 0.044444
207 0.853125 0.729630 0.025000 0.044444
382 0.850000 0.583333 0.104167 0.203704
20 0.850000 0.701852 0.109375 0.023333
48 0.850000 0.451852 0.038333 0.068148
