442 0.500000 0.925926 0.117188 0.291667
29 0.033333 0.094444 0.037500 0.066667
110 0.070833 0.094444 0.037500 0.066667
30 0.108333 0.094444 0.037500 0.066667
132 0.145833 0.094444 0.037500 0.066667
7 0.183333 0.094444 0.037500 0.066667
107 0.220833 0.094444 0.037500 0.066667
91 0.258333 0.094444 0.037500 0.066667
143 0.334375 0.027778 0.033333 0.059259
133 0.363542 0.027778 0.033333 0.059259
13 0.392708 0.027778 0.033333 0.059259
13 0.421875 0.027778 0.033333 0.059259
13 0.451042 0.027778 0.033333 0.059259
14 0.247917 0.565741 0.114583 0.268519
15 0.247917 0.716667 0.120312 0.023333
281 0.195833 0.744444 0.025000 0.044444
326 0.220833 0.744444 0.025000 0.044444
258 0.608333 0.706481 0.025000 0.044444
101 0.633333 0.706481 0.025000 0.044444
47 0.650000 0.597222 0.093750 0.129630
20 0.650000 0.678704 0.098437 0.023333
48 0.650000 0.502778 0.038333 0.068148
18 0.787500 0.720370 0.025000 0.044444
138 0.812500 0.720370 0.025000 0.044444
115 0.837500 0.720370 0.025000 0.044444
330 0.850000 0.583333 0.135417 0.185185
20 0.850000 0.692593 0.142188 0.023333
331 0.850000 0.461111 0.038333 0.068148
