473 0.237500 1.000000 0.155649 0.335641
460 0.314063 0.968783 0.143917 0.323435
340 0.401563 0.945767 0.131037 0.308710
609 0.500000 0.931481 0.117188 0.291667
394 0.598437 0.945767 0.130975 0.308631
384 0.685938 0.968783 0.143855 0.323357
533 0.762500 1.000000 0.155588 0.335564
30 0.033333 0.094444 0.037500 0.066667
37 0.070833 0.094444 0.037500 0.066667
32 0.108333 0.094444 0.037500 0.066667
34 0.145833 0.094444 0.037500 0.066667
4 0.183333 0.094444 0.037500 0.066667
8 0.220833 0.094444 0.037500 0.066667
38 0.258333 0.094444 0.037500 0.066667
28 0.295833 0.094444 0.037500 0.066667
65 0.333333 0.094444 0.037500 0.066667
92 0.370833 0.094444 0.037500 0.066667
65 0.408333 0.094444 0.037500 0.066667
107 0.445833 0.094444 0.037500 0.066667
355 0.334375 0.027778 0.033333 0.059259
95 0.363542 0.027778 0.033333 0.059259
9 0.392708 0.027778 0.033333 0.059259
13 0.421875 0.027778 0.033333 0.059259
13 0.451042 0.027778 0.033333 0.059259
14 0.247917 0.565741 0.114583 0.268519
15 0.247917 0.716667 0.120312 0.023333
202 0.195833 0.744444 0.025000 0.044444
119 0.220833 0.744444 0.025000 0.044444
306 0.245833 0.744444 0.025000 0.044444
305 0.270833 0.744444 0.025000 0.044444
202 0.803125 0.743519 0.025000 0.044444
368 0.850000 0.555556 0.104167 0.287037
20 0.850000 0.715741 0.109375 0.023333
331 0.850000 0.382407 0.038333 0.068148
100 0.403125 0.741667 0.025000 0.044444
270 0.428125 0.741667 0.025000 0.044444
75 0.453125 0.741667 0.025000 0.044444
217 0.444792 0.565278 0.093750 0.263889
20 0.444792 0.713889 0.098437 0.023333
158 0.444792 0.403704 0.038333 0.068148
357 0.556250 0.734259 0.025000 0.044444
222 0.581250 0.734259 0.025000 0.044444
313 0.606250 0.734259 0.025000 0.044444
190 0.650000 0.555556 0.197917 0.268519
20 0.650000 0.706481 0.207812 0.023333
167 0.650000 0.391667 0.038333 0.068148
