557 0.401563 0.953704 0.131037 0.308710
310 0.500000 0.925926 0.117188 0.291667
428 0.598437 0.953704 0.130975 0.308631
129 0.033333 0.094444 0.037500 0.066667
64 0.070833 0.094444 0.037500 0.066667
66 0.108333 0.094444 0.037500 0.066667
34 0.145833 0.094444 0.037500 0.066667
163 0.183333 0.094444 0.037500 0.066667
108 0.220833 0.094444 0.037500 0.066667
199 0.258333 0.094444 0.037500 0.066667
5 0.295833 0.094444 0.037500 0.066667
199 0.333333 0.094444 0.037500 0.066667
5 0.370833 0.094444 0.037500 0.066667
304 0.334375 0.027778 0.033333 0.059259
254 0.363542 0.027778 0.033333 0.059259
324 0.392708 0.027778 0.033333 0.059259
40 0.421875 0.027778 0.033333 0.059259
11 0.451042 0.027778 0.033333 0.059259
14 0.247917 0.565741 0.114583 0.268519
15 0.247917 0.716667 0.120312 0.023333
153 0.195833 0.744444 0.025000 0.044444
228 0.220833 0.744444 0.025000 0.044444
175 0.245833 0.744444 0.025000 0.044444
156 0.270833 0.744444 0.025000 0.044444
435 0.608333 0.711111 0.025000 0.044444
206 0.650000 0.523148 0.093750 0.287037
20 0.650000 0.683333 0.098437 0.023333
82 0.650000 0.350000 0.038333 0.068148
314 0.803125 0.741667 0.025000 0.044444
326 0.828125 0.741667 0.025000 0.044444
217 0.844792 0.565278 0.093750 0.263889
20 0.844792 0.713889 0.098437 0.023333
158 0.844792 0.403704 0.038333 0.068148
