60 0.237500 1.000000 0.155649 0.335641
609 0.314063 0.968783 0.143917 0.323435
579 0.401563 0.945767 0.131037 0.308710
386 0.500000 0.931481 0.117188 0.291667
471 0.598437 0.945767 0.130975 0.308631
375 0.685938 0.968783 0.143855 0.323357
451 0.762500 1.000000 0.155588 0.335564
37 0.033333 0.094444 0.037500 0.066667
4 0.070833 0.094444 0.037500 0.066667
29 0.108333 0.094444 0.037500 0.066667
40 0.334375 0.027778 0.033333 0.059259
304 0.363542 0.027778 0.033333 0.059259
272 0.392708 0.027778 0.033333 0.059259
13 0.421875 0.027778 0.033333 0.059259
13 0.451042 0.027778 0.033333 0.059259
14 0.247917 0.565741 0.114583 0.268519
15 0.247917 0.716667 0.120312 0.023333
74 0.195833 0.744444 0.025000 0.044444
328 0.748438 0.729630 0.025000 0.044444
326 0.773438 0.729630 0.025000 0.044444
79 0.798437 0.729630 0.025000 0.044444
78 0.823438 0.729630 0.025000 0.044444
278 0.860417 0.476852 0.234375 0.416667
20 0.860417 0.701852 0.246094 0.023333
170 0.860417 0.238889 0.038333 0.068148
123 0.582812 0.734259 0.025000 0.044444
277 0.607813 0.734259 0.025000 0.044444
273 0.632813 0.734259 0.025000 0.044444
485 0.642708 0.537037 0.130208 0.305556
20 0.642708 0.706481 0.136719 0.023333
48 0.642708 0.354630 0.038333 0.068148
