372 0.448594 0.925926 0.124215 0.300456
465 0.557969 0.925926 0.124152 0.300376
28 0.033333 0.094444 0.037500 0.066667
33 0.070833 0.094444 0.037500 0.066667
92 0.108333 0.094444 0.037500 0.066667
7 0.145833 0.094444 0.037500 0.066667
94 0.183333 0.094444 0.037500 0.066667
238 0.334375 0.027778 0.033333 0.059259
290 0.363542 0.027778 0.033333 0.059259
303 0.392708 0.027778 0.033333 0.059259
13 0.421875 0.027778 0.033333 0.059259
13 0.451042 0.027778 0.033333 0.059259
14 0.247917 0.565741 0.114583 0.268519
15 0.247917 0.716667 0.120312 0.023333
269 0.195833 0.744444 0.025000 0.044444
152 0.220833 0.744444 0.025000 0.044444
239 0.245833 0.744444 0.025000 0.044444
313 0.270833 0.744444 0.025000 0.044444
156 0.787500 0.729630 0.025000 0.044444
136 0.812500 0.729630 0.025000 0.044444
293 0.837500 0.729630 0.025000 0.044444
137 0.862500 0.729630 0.025000 0.044444
166 0.850000 0.606481 0.135417 0.157407
20 0.850000 0.701852 0.142188 0.023333
331 0.850000 0.498148 0.038333 0.068148
205 0.558854 0.748148 0.025000 0.044444
470 0.634375 0.562500 0.161458 0.282407
20 0.634375 0.720370 0.169531 0.023333
48 0.634375 0.391667 0.038333 0.068148
54 0.397917 0.737037 0.025000 0.044444
178 0.422917 0.737037 0.025000 0.044444
426 0.444792 0.562963 0.104167 0.259259
20 0.444792 0.709259 0.109375 0.023333
170 0.444792 0.403704 0.038333 0.068148
