560 0.500000 0.925926 0.117188 0.291667
38 0.033333 0.094444 0.037500 0.066667
109 0.070833 0.094444 0.037500 0.066667
336 0.334375 0.027778 0.033333 0.059259
13 0.363542 0.027778 0.033333 0.059259
13 0.392708 0.027778 0.033333 0.059259
13 0.421875 0.027778 0.033333 0.059259
13 0.451042 0.027778 0.033333 0.059259
14 0.247917 0.565741 0.114583 0.268519
15 0.247917 0.716667 0.120312 0.023333
406 0.195833 0.744444 0.025000 0.044444
269 0.220833 0.744444 0.025000 0.044444
17 0.751042 0.743519 0.025000 0.044444
203 0.776042 0.743519 0.025000 0.044444
51 0.801042 0.743519 0.025000 0.044444
292 0.826042 0.743519 0.025000 0.044444
338 0.850000 0.509259 0.208333 0.379630
20 0.850000 0.715741 0.218750 0.023333
170 0.850000 0.289815 0.038333 0.068148
