436 0.226563 1.000000 0.153046 0.323776
142 0.300938 0.968750 0.142404 0.313332
532 0.379687 0.943287 0.130728 0.300556
230 0.458438 0.925926 0.118005 0.285433
420 0.541562 0.925926 0.117945 0.285357
436 0.620313 0.943287 0.130669 0.300481
253 0.693594 0.968750 0.142346 0.313258
610 0.773438 1.000000 0.152989 0.323704
184 0.033333 0.094444 0.037500 0.066667
92 0.070833 0.094444 0.037500 0.066667
5 0.108333 0.094444 0.037500 0.066667
67 0.145833 0.094444 0.037500 0.066667
129 0.183333 0.094444 0.037500 0.066667
33 0.220833 0.094444 0.037500 0.066667
29 0.258333 0.094444 0.037500 0.066667
28 0.295833 0.094444 0.037500 0.066667
91 0.333333 0.094444 0.037500 0.066667
33 0.370833 0.094444 0.037500 0.066667
111 0.334375 0.027778 0.033333 0.059259
238 0.363542 0.027778 0.033333 0.059259
133 0.392708 0.027778 0.033333 0.059259
13 0.421875 0.027778 0.033333 0.059259
13 0.451042 0.027778 0.033333 0.059259
14 0.247917 0.565741 0.114583 0.268519
15 0.247917 0.716667 0.120312 0.023333
241 0.195833 0.744444 0.025000 0.044444
220 0.220833 0.744444 0.025000 0.044444
204 0.642187 0.728704 0.025000 0.044444
313 0.667188 0.728704 0.025000 0.044444
276 0.692187 0.728704 0.025000 0.044444
396 0.670833 0.600926 0.067708 0.166667
20 0.670833 0.700926 0.071094 0.023333
158 0.670833 0.487963 0.038333 0.068148
273 0.803125 0.743519 0.025000 0.044444
116 0.828125 0.743519 0.025000 0.044444
299 0.853125 0.743519 0.025000 0.044444
368 0.850000 0.555556 0.104167 0.287037
20 0.850000 0.715741 0.109375 0.023333
331 0.850000 0.382407 0.038333 0.068148
118 0.411979 0.735185 0.025000 0.044444
313 0.436979 0.735185 0.025000 0.044444
549 0.445833 0.621296 0.078125 0.138889
20 0.445833 0.707407 0.082031 0.023333
216 0.445833 0.522222 0.038333 0.068148
