22 0.237500 1.000000 0.155649 0.335641
320 0.314063 0.968783 0.143917 0.323435
359 0.401563 0.945767 0.131037 0.308710
360 0.500000 0.931481 0.117188 0.291667
361 0.598437 0.945767 0.130975 0.308631
263 0.685938 0.968783 0.143855 0.323357
362 0.762500 1.000000 0.155588 0.335564
30 0.033333 0.094444 0.037500 0.066667
6 0.070833 0.094444 0.037500 0.066667
163 0.108333 0.094444 0.037500 0.066667
94 0.145833 0.094444 0.037500 0.066667
108 0.183333 0.094444 0.037500 0.066667
91 0.220833 0.094444 0.037500 0.066667
4 0.258333 0.094444 0.037500 0.066667
67 0.295833 0.094444 0.037500 0.066667
36 0.333333 0.094444 0.037500 0.066667
31 0.370833 0.094444 0.037500 0.066667
30 0.408333 0.094444 0.037500 0.066667
65 0.445833 0.094444 0.037500 0.066667
64 0.483333 0.094444 0.037500 0.066667
92 0.520833 0.094444 0.037500 0.066667
5 0.558333 0.094444 0.037500 0.066667
129 0.595833 0.094444 0.037500 0.066667
31 0.633333 0.094444 0.037500 0.066667
174 0.334375 0.027778 0.033333 0.059259
39 0.363542 0.027778 0.033333 0.059259
145 0.392708 0.027778 0.033333 0.059259
13 0.421875 0.027778 0.033333 0.059259
13 0.451042 0.027778 0.033333 0.059259
14 0.247917 0.565741 0.114583 0.268519
15 0.247917 0.716667 0.120312 0.023333
120 0.195833 0.744444 0.025000 0.044444
357 0.220833 0.744444 0.025000 0.044444
51 0.245833 0.744444 0.025000 0.044444
151 0.270833 0.744444 0.025000 0.044444
69 0.805729 0.738889 0.025000 0.044444
46 0.830729 0.738889 0.025000 0.044444
329 0.847396 0.564815 0.093750 0.259259
20 0.847396 0.711111 0.098437 0.023333
21 0.847396 0.405556 0.038333 0.068148
