278 0.351250 0.960648 0.137609 0.316375
72 0.449688 0.935185 0.124215 0.300456
478 0.550312 0.935185 0.124152 0.300376
232 0.648750 0.960648 0.137546 0.316296
41 0.033333 0.094444 0.037500 0.066667
144 0.070833 0.094444 0.037500 0.066667
22 0.334375 0.027778 0.033333 0.059259
24 0.363542 0.027778 0.033333 0.059259
24 0.392708 0.027778 0.033333 0.059259
24 0.421875 0.027778 0.033333 0.059259
24 0.451042 0.027778 0.033333 0.059259
25 0.247917 0.565741 0.114583 0.268519
26 0.247917 0.716667 0.120312 0.023333
116 0.195833 0.744444 0.025000 0.044444
106 0.220833 0.744444 0.025000 0.044444
519 0.245833 0.744444 0.025000 0.044444
114 0.777083 0.729630 0.025000 0.044444
136 0.802083 0.729630 0.025000 0.044444
400 0.850000 0.601852 0.156250 0.166667
32 0.850000 0.701852 0.164063 0.023333
33 0.850000 0.488889 0.038333 0.068148
