649 0.270312 0.986111 0.149899 0.329824
301 0.357812 0.949074 0.137609 0.316375
87 0.452969 0.925926 0.124215 0.300456
393 0.547031 0.925926 0.124152 0.300376
465 0.642187 0.949074 0.137546 0.316296
409 0.729688 0.986111 0.149838 0.329746
93 0.033333 0.094444 0.037500 0.066667
7 0.070833 0.094444 0.037500 0.066667
130 0.108333 0.094444 0.037500 0.066667
30 0.145833 0.094444 0.037500 0.066667
7 0.183333 0.094444 0.037500 0.066667
65 0.220833 0.094444 0.037500 0.066667
110 0.258333 0.094444 0.037500 0.066667
94 0.295833 0.094444 0.037500 0.066667
67 0.333333 0.094444 0.037500 0.066667
113 0.334375 0.027778 0.033333 0.059259
272 0.363542 0.027778 0.033333 0.059259
68 0.392708 0.027778 0.033333 0.059259
13 0.421875 0.027778 0.033333 0.059259
13 0.451042 0.027778 0.033333 0.059259
14 0.247917 0.565741 0.114583 0.268519
15 0.247917 0.716667 0.120312 0.023333
226 0.195833 0.744444 0.025000 0.044444
314 0.220833 0.744444 0.025000 0.044444
74 0.245833 0.744444 0.025000 0.044444
481 0.270833 0.744444 0.025000 0.044444
402 0.805729 0.738889 0.025000 0.044444
119 0.830729 0.738889 0.025000 0.044444
239 0.855729 0.738889 0.025000 0.044444
164 0.880729 0.738889 0.025000 0.044444
329 0.847396 0.564815 0.093750 0.259259
20 0.847396 0.711111 0.098437 0.023333
21 0.847396 0.405556 0.038333 0.068148
