486 0.182812 1.000000 0.145411 0.296825
436 0.237500 0.976852 0.136936 0.289694
182 0.303125 0.951852 0.127414 0.280350
244 0.379687 0.928704 0.116968 0.268919
508 0.456250 0.921296 0.105583 0.255387
610 0.543750 0.921296 0.105530 0.255319
606 0.620313 0.928704 0.116914 0.268851
614 0.696875 0.951852 0.127362 0.280284
588 0.762500 0.976852 0.136885 0.289630
620 0.817187 1.000000 0.145376 0.296799
36 0.033333 0.094444 0.037500 0.066667
30 0.070833 0.094444 0.037500 0.066667
92 0.108333 0.094444 0.037500 0.066667
34 0.145833 0.094444 0.037500 0.066667
64 0.183333 0.094444 0.037500 0.066667
109 0.220833 0.094444 0.037500 0.066667
66 0.258333 0.094444 0.037500 0.066667
131 0.295833 0.094444 0.037500 0.066667
107 0.333333 0.094444 0.037500 0.066667
5 0.370833 0.094444 0.037500 0.066667
66 0.408333 0.094444 0.037500 0.066667
110 0.445833 0.094444 0.037500 0.066667
132 0.483333 0.094444 0.037500 0.066667
30 0.520833 0.094444 0.037500 0.066667
35 0.558333 0.094444 0.037500 0.066667
95 0.334375 0.027778 0.033333 0.059259
381 0.363542 0.027778 0.033333 0.059259
10 0.392708 0.027778 0.033333 0.059259
254 0.421875 0.027778 0.033333 0.059259
13 0.451042 0.027778 0.033333 0.059259
14 0.247917 0.565741 0.114583 0.268519
15 0.247917 0.716667 0.120312 0.023333
114 0.195833 0.744444 0.025000 0.044444
187 0.577083 0.729630 0.025000 0.044444
347 0.602083 0.729630 0.025000 0.044444
469 0.627083 0.729630 0.025000 0.044444
75 0.652083 0.729630 0.025000 0.044444
464 0.650000 0.601852 0.156250 0.166667
20 0.650000 0.701852 0.164063 0.023333
48 0.650000 0.488889 0.038333 0.068148
146 0.797917 0.737037 0.025000 0.044444
401 0.822917 0.737037 0.025000 0.044444
426 0.844792 0.562963 0.104167 0.259259
20 0.844792 0.709259 0.109375 0.023333
170 0.844792 0.403704 0.038333 0.068148
201 0.356250 0.743519 0.025000 0.044444
297 0.470833 0.583333 0.239583 0.231481
20 0.470833 0.715741 0.251562 0.023333
48 0.470833 0.437963 0.038333 0.068148
