439 0.448594 0.925926 0.124215 0.300456
61 0.557969 0.925926 0.124152 0.300376
65 0.033333 0.094444 0.037500 0.066667
93 0.070833 0.094444 0.037500 0.066667
37 0.108333 0.094444 0.037500 0.066667
8 0.145833 0.094444 0.037500 0.066667
91 0.183333 0.094444 0.037500 0.066667
381 0.334375 0.027778 0.033333 0.059259
143 0.363542 0.027778 0.033333 0.059259
12 0.392708 0.027778 0.033333 0.059259
12 0.421875 0.027778 0.033333 0.059259
13 0.451042 0.027778 0.033333 0.059259
14 0.247917 0.565741 0.114583 0.268519
15 0.247917 0.716667 0.120312 0.023333
226 0.195833 0.744444 0.025000 0.044444
18 0.220833 0.744444 0.025000 0.044444
228 0.245833 0.744444 0.025000 0.044444
327 0.766667 0.738889 0.025000 0.044444
408 0.791667 0.738889 0.025000 0.044444
293 0.816667 0.738889 0.025000 0.044444
69 0.841667 0.738889 0.025000 0.044444
422 0.852604 0.490741 0.182292 0.407407
20 0.852604 0.711111 0.191406 0.023333
82 0.852604 0.257407 0.038333 0.068148
