501 0.226563 1.000000 0.153046 0.323776
433 0.300938 0.968750 0.142404 0.313332
561 0.379687 0.943287 0.130728 0.300556
354 0.458438 0.925926 0.118005 0.285433
646 0.541562 0.925926 0.117945 0.285357
211 0.620313 0.943287 0.130669 0.300481
595 0.693594 0.968750 0.142346 0.313258
380 0.773438 1.000000 0.152989 0.323704
129 0.033333 0.094444 0.037500 0.066667
110 0.070833 0.094444 0.037500 0.066667
7 0.108333 0.094444 0.037500 0.066667
132 0.145833 0.094444 0.037500 0.066667
33 0.183333 0.094444 0.037500 0.066667
7 0.220833 0.094444 0.037500 0.066667
31 0.258333 0.094444 0.037500 0.066667
64 0.295833 0.094444 0.037500 0.066667
29 0.333333 0.094444 0.037500 0.066667
199 0.370833 0.094444 0.037500 0.066667
5 0.408333 0.094444 0.037500 0.066667
173 0.445833 0.094444 0.037500 0.066667
110 0.483333 0.094444 0.037500 0.066667
93 0.520833 0.094444 0.037500 0.066667
7 0.558333 0.094444 0.037500 0.066667
131 0.595833 0.094444 0.037500 0.066667
174 0.334375 0.027778 0.033333 0.059259
200 0.363542 0.027778 0.033333 0.059259
12 0.392708 0.027778 0.033333 0.059259
186 0.421875 0.027778 0.033333 0.059259
13 0.451042 0.027778 0.033333 0.059259
14 0.247917 0.565741 0.114583 0.268519
15 0.247917 0.716667 0.120312 0.023333
228 0.195833 0.744444 0.025000 0.044444
176 0.220833 0.744444 0.025000 0.044444
41 0.777083 0.729630 0.025000 0.044444
202 0.802083 0.729630 0.025000 0.044444
328 0.827083 0.729630 0.025000 0.044444
464 0.850000 0.601852 0.156250 0.166667
20 0.850000 0.701852 0.164063 0.023333
48 0.850000 0.488889 0.038333 0.068148
367 0.387500 0.716667 0.025000 0.044444
115 0.412500 0.716667 0.025000 0.044444
454 0.437500 0.716667 0.025000 0.044444
45 0.462500 0.716667 0.025000 0.044444
348 0.450000 0.593518 0.135417 0.157407
20 0.450000 0.688889 0.142188 0.023333
216 0.450000 0.485185 0.038333 0.068148
264 0.603125 0.743519 0.025000 0.044444
369 0.628125 0.743519 0.025000 0.044444
56 0.653125 0.743519 0.025000 0.044444
368 0.650000 0.555556 0.104167 0.287037
20 0.650000 0.715741 0.109375 0.023333
331 0.650000 0.382407 0.038333 0.068148
