597 0.226563 1.000000 0.153046 0.323776
595 0.300938 0.968750 0.142404 0.313332
652 0.379687 0.943287 0.130728 0.300556
127 0.458438 0.925926 0.118005 0.285433
351 0.541562 0.925926 0.117945 0.285357
374 0.620313 0.943287 0.130669 0.300481
639 0.693594 0.968750 0.142346 0.313258
300 0.773438 1.000000 0.152989 0.323704
35 0.033333 0.094444 0.037500 0.066667
30 0.070833 0.094444 0.037500 0.066667
108 0.108333 0.094444 0.037500 0.066667
37 0.145833 0.094444 0.037500 0.066667
66 0.183333 0.094444 0.037500 0.066667
272 0.334375 0.027778 0.033333 0.059259
377 0.363542 0.027778 0.033333 0.059259
12 0.392708 0.027778 0.033333 0.059259
238 0.421875 0.027778 0.033333 0.059259
272 0.451042 0.027778 0.033333 0.059259
14 0.247917 0.565741 0.114583 0.268519
15 0.247917 0.716667 0.120312 0.023333
270 0.195833 0.744444 0.025000 0.044444
414 0.220833 0.744444 0.025000 0.044444
165 0.621354 0.731481 0.025000 0.044444
105 0.650000 0.640741 0.067708 0.092593
20 0.650000 0.703704 0.071094 0.023333
82 0.650000 0.564815 0.038333 0.068148
269 0.405729 0.757407 0.025000 0.044444
469 0.430729 0.757407 0.025000 0.044444
141 0.452604 0.583333 0.104167 0.259259
20 0.452604 0.729630 0.109375 0.023333
48 0.452604 0.424074 0.038333 0.068148
187 0.811979 0.735185 0.025000 0.044444
114 0.836979 0.735185 0.025000 0.044444
549 0.845833 0.621296 0.078125 0.138889
20 0.845833 0.707407 0.082031 0.023333
48 0.845833 0.522222 0.038333 0.068148
