0 0.226563 1.000000 0.153046 0.323776
1 0.300938 0.968750 0.142404 0.313332
2 0.379687 0.943287 0.130728 0.300556
3 0.458438 0.925926 0.118005 0.285433
4 0.541562 0.925926 0.117945 0.285357
5 0.620313 0.943287 0.130669 0.300481
6 0.693594 0.968750 0.142346 0.313258
7 0.773438 1.000000 0.152989 0.323704
8 0.033333 0.094444 0.037500 0.066667
8 0.070833 0.094444 0.037500 0.066667
9 0.108333 0.094444 0.037500 0.066667
10 0.145833 0.094444 0.037500 0.066667
11 0.183333 0.094444 0.037500 0.066667
12 0.220833 0.094444 0.037500 0.066667
13 0.258333 0.094444 0.037500 0.066667
14 0.295833 0.094444 0.037500 0.066667
15 0.333333 0.094444 0.037500 0.066667
16 0.370833 0.094444 0.037500 0.066667
17 0.408333 0.094444 0.037500 0.066667
18 0.445833 0.094444 0.037500 0.066667
8 0.483333 0.094444 0.037500 0.066667
19 0.520833 0.094444 0.037500 0.066667
20 0.558333 0.094444 0.037500 0.066667
21 0.334375 0.027778 0.033333 0.059259
22 0.363542 0.027778 0.033333 0.059259
23 0.392708 0.027778 0.033333 0.059259
24 0.421875 0.027778 0.033333 0.059259
24 0.451042 0.027778 0.033333 0.059259
25 0.247917 0.565741 0.114583 0.268519
26 0.247917 0.716667 0.120312 0.023333
27 0.195833 0.744444 0.025000 0.044444
28 0.220833 0.744444 0.025000 0.044444
29 0.821354 0.724074 0.025000 0.044444
30 0.846354 0.724074 0.025000 0.044444
28 0.871354 0.724074 0.025000 0.044444
31 0.850000 0.633333 0.067708 0.092593
32 0.850000 0.696296 0.071094 0.023333
33 0.850000 0.557407 0.038333 0.068148
34 0.558854 0.748148 0.025000 0.044444
35 0.583854 0.748148 0.025000 0.044444
36 0.608854 0.748148 0.025000 0.044444
37 0.634375 0.562500 0.161458 0.282407
32 0.634375 0.720370 0.169531 0.023333
38 0.634375 0.391667 0.038333 0.068148
