379 0.314063 0.986111 0.143917 0.323435
607 0.401563 0.953704 0.131037 0.308710
375 0.500000 0.935185 0.117188 0.291667
640 0.598437 0.953704 0.130975 0.308631
466 0.685938 0.986111 0.143855 0.323357
92 0.033333 0.094444 0.037500 0.066667
35 0.070833 0.094444 0.037500 0.066667
109 0.108333 0.094444 0.037500 0.066667
66 0.145833 0.094444 0.037500 0.066667
173 0.183333 0.094444 0.037500 0.066667
33 0.220833 0.094444 0.037500 0.066667
37 0.258333 0.094444 0.037500 0.066667
184 0.295833 0.094444 0.037500 0.066667
131 0.333333 0.094444 0.037500 0.066667
32 0.370833 0.094444 0.037500 0.066667
4 0.408333 0.094444 0.037500 0.066667
199 0.445833 0.094444 0.037500 0.066667
199 0.483333 0.094444 0.037500 0.066667
64 0.520833 0.094444 0.037500 0.066667
129 0.558333 0.094444 0.037500 0.066667
163 0.595833 0.094444 0.037500 0.066667
38 0.633333 0.094444 0.037500 0.066667
355 0.334375 0.027778 0.033333 0.059259
9 0.363542 0.027778 0.033333 0.059259
96 0.392708 0.027778 0.033333 0.059259
13 0.421875 0.027778 0.033333 0.059259
13 0.451042 0.027778 0.033333 0.059259
14 0.247917 0.565741 0.114583 0.268519
15 0.247917 0.716667 0.120312 0.023333
402 0.195833 0.744444 0.025000 0.044444
114 0.220833 0.744444 0.025000 0.044444
268 0.245833 0.744444 0.025000 0.044444
45 0.270833 0.744444 0.025000 0.044444
305 0.810938 0.729630 0.025000 0.044444
516 0.850000 0.578704 0.088542 0.212963
20 0.850000 0.701852 0.092969 0.023333
21 0.850000 0.442593 0.038333 0.068148
325 0.358854 0.748148 0.025000 0.044444
46 0.383854 0.748148 0.025000 0.044444
115 0.408854 0.748148 0.025000 0.044444
152 0.433854 0.748148 0.025000 0.044444
470 0.434375 0.562500 0.161458 0.282407
20 0.434375 0.720370 0.169531 0.023333
170 0.434375 0.391667 0.038333 0.068148
215 0.595312 0.748148 0.025000 0.044444
120 0.620313 0.748148 0.025000 0.044444
148 0.645312 0.748148 0.025000 0.044444
482 0.650000 0.587963 0.119792 0.231481
20 0.650000 0.720370 0.125781 0.023333
216 0.650000 0.442593 0.038333 0.068148
