534 0.351250 0.960648 0.137609 0.316375
657 0.449688 0.935185 0.124215 0.300456
339 0.550312 0.935185 0.124152 0.300376
567 0.648750 0.960648 0.137546 0.316296
31 0.033333 0.094444 0.037500 0.066667
35 0.070833 0.094444 0.037500 0.066667
66 0.108333 0.094444 0.037500 0.066667
29 0.145833 0.094444 0.037500 0.066667
30 0.183333 0.094444 0.037500 0.066667
92 0.220833 0.094444 0.037500 0.066667
173 0.258333 0.094444 0.037500 0.066667
110 0.295833 0.094444 0.037500 0.066667
6 0.333333 0.094444 0.037500 0.066667
66 0.370833 0.094444 0.037500 0.066667
32 0.408333 0.094444 0.037500 0.066667
107 0.445833 0.094444 0.037500 0.066667
129 0.483333 0.094444 0.037500 0.066667
173 0.520833 0.094444 0.037500 0.066667
66 0.558333 0.094444 0.037500 0.066667
4 0.595833 0.094444 0.037500 0.066667
12 0.334375 0.027778 0.033333 0.059259
304 0.363542 0.027778 0.033333 0.059259
254 0.392708 0.027778 0.033333 0.059259
113 0.421875 0.027778 0.033333 0.059259
9 0.451042 0.027778 0.033333 0.059259
14 0.247917 0.565741 0.114583 0.268519
15 0.247917 0.716667 0.120312 0.023333
103 0.195833 0.744444 0.025000 0.044444
100 0.795313 0.748148 0.025000 0.044444
115 0.820313 0.748148 0.025000 0.044444
425 0.845312 0.748148 0.025000 0.044444
414 0.870313 0.748148 0.025000 0.044444
482 0.850000 0.587963 0.119792 0.231481
20 0.850000 0.720370 0.125781 0.023333
216 0.850000 0.442593 0.038333 0.068148
137 0.543229 0.748148 0.025000 0.044444
73 0.568229 0.748148 0.025000 0.044444
358 0.650000 0.537037 0.223958 0.333333
20 0.650000 0.720370 0.235156 0.023333
21 0.650000 0.340741 0.038333 0.068148
