480 0.351250 0.960648 0.137609 0.316375
403 0.449688 0.935185 0.124215 0.300456
533 0.550312 0.935185 0.124152 0.300376
320 0.648750 0.960648 0.137546 0.316296
132 0.033333 0.094444 0.037500 0.066667
38 0.070833 0.094444 0.037500 0.066667
32 0.108333 0.094444 0.037500 0.066667
32 0.145833 0.094444 0.037500 0.066667
129 0.183333 0.094444 0.037500 0.066667
4 0.220833 0.094444 0.037500 0.066667
36 0.258333 0.094444 0.037500 0.066667
36 0.295833 0.094444 0.037500 0.066667
184 0.333333 0.094444 0.037500 0.066667
36 0.370833 0.094444 0.037500 0.066667
94 0.408333 0.094444 0.037500 0.066667
6 0.445833 0.094444 0.037500 0.066667
37 0.483333 0.094444 0.037500 0.066667
64 0.520833 0.094444 0.037500 0.066667
39 0.334375 0.027778 0.033333 0.059259
336 0.363542 0.027778 0.033333 0.059259
40 0.392708 0.027778 0.033333 0.059259
13 0.421875 0.027778 0.033333 0.059259
13 0.451042 0.027778 0.033333 0.059259
14 0.247917 0.565741 0.114583 0.268519
15 0.247917 0.716667 0.120312 0.023333
75 0.195833 0.744444 0.025000 0.044444
189 0.220833 0.744444 0.025000 0.044444
119 0.758854 0.748148 0.025000 0.044444
470 0.834375 0.562500 0.161458 0.282407
20 0.834375 0.720370 0.169531 0.023333
170 0.834375 0.391667 0.038333 0.068148
