60 0.193750 1.000000 0.149621 0.310807
197 0.259375 0.982716 0.140084 0.302077
86 0.332656 0.955556 0.129526 0.291092
477 0.412500 0.930247 0.117934 0.277839
342 0.500000 0.925926 0.105469 0.262500
496 0.587500 0.930247 0.117877 0.277768
548 0.667344 0.955556 0.129470 0.291021
301 0.740625 0.982716 0.140029 0.302007
473 0.806250 1.000000 0.149567 0.310740
6 0.033333 0.094444 0.037500 0.066667
93 0.070833 0.094444 0.037500 0.066667
254 0.334375 0.027778 0.033333 0.059259
336 0.363542 0.027778 0.033333 0.059259
111 0.392708 0.027778 0.033333 0.059259
13 0.421875 0.027778 0.033333 0.059259
13 0.451042 0.027778 0.033333 0.059259
14 0.247917 0.565741 0.114583 0.268519
15 0.247917 0.716667 0.120312 0.023333
524 0.195833 0.744444 0.025000 0.044444
408 0.220833 0.744444 0.025000 0.044444
469 0.245833 0.744444 0.025000 0.044444
202 0.270833 0.744444 0.025000 0.044444
378 0.803125 0.729630 0.025000 0.044444
138 0.828125 0.729630 0.025000 0.044444
382 0.850000 0.583333 0.104167 0.203704
20 0.850000 0.701852 0.109375 0.023333
48 0.850000 0.451852 0.038333 0.068148
402 0.374479 0.725926 0.025000 0.044444
153 0.399479 0.725926 0.025000 0.044444
279 0.460417 0.561111 0.182292 0.240741
20 0.460417 0.698148 0.191406 0.023333
48 0.460417 0.411111 0.038333 0.068148
313 0.571875 0.724074 0.025000 0.044444
441 0.639583 0.563889 0.145833 0.231481
20 0.639583 0.696296 0.153125 0.023333
170 0.639583 0.418519 0.038333 0.068148
