236 0.500000 0.925926 0.117188 0.291667
28 0.033333 0.094444 0.037500 0.066667
107 0.070833 0.094444 0.037500 0.066667
93 0.108333 0.094444 0.037500 0.066667
5 0.145833 0.094444 0.037500 0.066667
37 0.183333 0.094444 0.037500 0.066667
10 0.334375 0.027778 0.033333 0.059259
11 0.363542 0.027778 0.033333 0.059259
112 0.392708 0.027778 0.033333 0.059259
13 0.421875 0.027778 0.033333 0.059259
13 0.451042 0.027778 0.033333 0.059259
14 0.247917 0.565741 0.114583 0.268519
15 0.247917 0.716667 0.120312 0.023333
202 0.195833 0.744444 0.025000 0.044444
104 0.797917 0.748148 0.025000 0.044444
269 0.822917 0.748148 0.025000 0.044444
179 0.850000 0.555556 0.114583 0.296296
20 0.850000 0.720370 0.120312 0.023333
170 0.850000 0.377778 0.038333 0.068148
