354 0.448594 0.925926 0.124215 0.300456
478 0.557969 0.925926 0.124152 0.300376
9 0.033333 0.094444 0.037500 0.066667
10 0.070833 0.094444 0.037500 0.066667
160 0.108333 0.094444 0.037500 0.066667
100 0.145833 0.094444 0.037500 0.066667
78 0.183333 0.094444 0.037500 0.066667
15 0.220833 0.094444 0.037500 0.066667
48 0.258333 0.094444 0.037500 0.066667
17 0.295833 0.094444 0.037500 0.066667
19 0.333333 0.094444 0.037500 0.066667
44 0.370833 0.094444 0.037500 0.066667
15 0.408333 0.094444 0.037500 0.066667
47 0.445833 0.094444 0.037500 0.066667
40 0.483333 0.094444 0.037500 0.066667
42 0.520833 0.094444 0.037500 0.066667
15 0.558333 0.094444 0.037500 0.066667
42 0.595833 0.094444 0.037500 0.066667
10 0.633333 0.094444 0.037500 0.066667
8 0.670833 0.094444 0.037500 0.066667
46 0.708333 0.094444 0.037500 0.066667
14 0.745833 0.094444 0.037500 0.066667
53 0.334375 0.027778 0.033333 0.059259
282 0.363542 0.027778 0.033333 0.059259
245 0.392708 0.027778 0.033333 0.059259
145 0.421875 0.027778 0.033333 0.059259
50 0.451042 0.027778 0.033333 0.059259
25 0.247917 0.565741 0.114583 0.268519
26 0.247917 0.716667 0.120312 0.023333
55 0.195833 0.744444 0.025000 0.044444
225 0.220833 0.744444 0.025000 0.044444
226 0.245833 0.744444 0.025000 0.044444
397 0.270833 0.744444 0.025000 0.044444
153 0.571875 0.734259 0.025000 0.044444
436 0.596875 0.734259 0.025000 0.044444
172 0.621875 0.734259 0.025000 0.044444
165 0.646875 0.734259 0.025000 0.044444
66 0.650000 0.495370 0.166667 0.388889
32 0.650000 0.706481 0.175000 0.023333
33 0.650000 0.271296 0.038333 0.068148
509 0.811979 0.724074 0.025000 0.044444
165 0.836979 0.724074 0.025000 0.044444
262 0.861979 0.724074 0.025000 0.044444
503 0.886979 0.724074 0.025000 0.044444
169 0.845833 0.610185 0.078125 0.138889
32 0.845833 0.696296 0.082031 0.023333
33 0.845833 0.511111 0.038333 0.068148
