200 0.448594 0.925926 0.124215 0.300456
473 0.557969 0.925926 0.124152 0.300376
116 0.033333 0.094444 0.037500 0.066667
140 0.070833 0.094444 0.037500 0.066667
116 0.108333 0.094444 0.037500 0.066667
100 0.145833 0.094444 0.037500 0.066667
44 0.183333 0.094444 0.037500 0.066667
316 0.334375 0.027778 0.033333 0.059259
141 0.363542 0.027778 0.033333 0.059259
180 0.392708 0.027778 0.033333 0.059259
341 0.421875 0.027778 0.033333 0.059259
13 0.451042 0.027778 0.033333 0.059259
14 0.247917 0.565741 0.114583 0.268519
15 0.247917 0.716667 0.120312 0.023333
257 0.195833 0.744444 0.025000 0.044444
171 0.220833 0.744444 0.025000 0.044444
456 0.245833 0.744444 0.025000 0.044444
151 0.810938 0.729630 0.025000 0.044444
466 0.835938 0.729630 0.025000 0.044444
207 0.860937 0.729630 0.025000 0.044444
168 0.850000 0.578704 0.088542 0.212963
23 0.850000 0.701852 0.092969 0.023333
61 0.850000 0.442593 0.038333 0.068148
79 0.603125 0.741667 0.025000 0.044444
109 0.628125 0.741667 0.025000 0.044444
466 0.653125 0.741667 0.025000 0.044444
481 0.644792 0.565278 0.093750 0.263889
23 0.644792 0.713889 0.098437 0.023333
114 0.644792 0.403704 0.038333 0.068148
280 0.384896 0.738889 0.025000 0.044444
219 0.409896 0.738889 0.025000 0.044444
441 0.434896 0.738889 0.025000 0.044444
227 0.459896 0.738889 0.025000 0.044444
414 0.450000 0.509259 0.140625 0.370370
23 0.450000 0.711111 0.147656 0.023333
61 0.450000 0.294444 0.038333 0.068148
