520 0.237500 1.000000 0.155649 0.335641
573 0.314063 0.968783 0.143917 0.323435
286 0.401563 0.945767 0.131037 0.308710
494 0.500000 0.931481 0.117188 0.291667
572 0.598437 0.945767 0.130975 0.308631
412 0.685938 0.968783 0.143855 0.323357
386 0.762500 1.000000 0.155588 0.335564
34 0.033333 0.094444 0.037500 0.066667
35 0.070833 0.094444 0.037500 0.066667
64 0.108333 0.094444 0.037500 0.066667
107 0.145833 0.094444 0.037500 0.066667
35 0.183333 0.094444 0.037500 0.066667
109 0.220833 0.094444 0.037500 0.066667
143 0.334375 0.027778 0.033333 0.059259
255 0.363542 0.027778 0.033333 0.059259
324 0.392708 0.027778 0.033333 0.059259
13 0.421875 0.027778 0.033333 0.059259
13 0.451042 0.027778 0.033333 0.059259
14 0.247917 0.565741 0.114583 0.268519
15 0.247917 0.716667 0.120312 0.023333
226 0.195833 0.744444 0.025000 0.044444
406 0.220833 0.744444 0.025000 0.044444
42 0.810938 0.729630 0.025000 0.044444
51 0.835938 0.729630 0.025000 0.044444
296 0.860937 0.729630 0.025000 0.044444
405 0.850000 0.578704 0.088542 0.212963
20 0.850000 0.701852 0.092969 0.023333
48 0.850000 0.442593 0.038333 0.068148
118 0.418750 0.706481 0.025000 0.044444
165 0.443750 0.706481 0.025000 0.044444
371 0.468750 0.706481 0.025000 0.044444
469 0.493750 0.706481 0.025000 0.044444
57 0.450000 0.601852 0.072917 0.120370
20 0.450000 0.678704 0.076563 0.023333
48 0.450000 0.512037 0.038333 0.068148
165 0.543229 0.748148 0.025000 0.044444
358 0.650000 0.537037 0.223958 0.333333
20 0.650000 0.720370 0.235156 0.023333
21 0.650000 0.340741 0.038333 0.068148
