332 0.226563 1.000000 0.153046 0.323776
360 0.300938 0.968750 0.142404 0.313332
607 0.379687 0.943287 0.130728 0.300556
599 0.458438 0.925926 0.118005 0.285433
607 0.541562 0.925926 0.117945 0.285357
486 0.620313 0.943287 0.130669 0.300481
585 0.693594 0.968750 0.142346 0.313258
316 0.773438 1.000000 0.152989 0.323704
129 0.033333 0.094444 0.037500 0.066667
9 0.334375 0.027778 0.033333 0.059259
111 0.363542 0.027778 0.033333 0.059259
336 0.392708 0.027778 0.033333 0.059259
39 0.421875 0.027778 0.033333 0.059259
13 0.451042 0.027778 0.033333 0.059259
14 0.247917 0.565741 0.114583 0.268519
15 0.247917 0.716667 0.120312 0.023333
524 0.195833 0.744444 0.025000 0.044444
98 0.220833 0.744444 0.025000 0.044444
201 0.740625 0.734259 0.025000 0.044444
75 0.765625 0.734259 0.025000 0.044444
425 0.790625 0.734259 0.025000 0.044444
77 0.815625 0.734259 0.025000 0.044444
529 0.850000 0.527778 0.229167 0.324074
20 0.850000 0.706481 0.240625 0.023333
72 0.850000 0.336111 0.038333 0.068148
