430 0.270312 0.986111 0.149899 0.329824
505 0.357812 0.949074 0.137609 0.316375
197 0.452969 0.925926 0.124215 0.300456
627 0.547031 0.925926 0.124152 0.300376
617 0.642187 0.949074 0.137546 0.316296
161 0.729688 0.986111 0.149838 0.329746
93 0.033333 0.094444 0.037500 0.066667
31 0.070833 0.094444 0.037500 0.066667
132 0.108333 0.094444 0.037500 0.066667
108 0.145833 0.094444 0.037500 0.066667
32 0.183333 0.094444 0.037500 0.066667
199 0.220833 0.094444 0.037500 0.066667
35 0.258333 0.094444 0.037500 0.066667
38 0.295833 0.094444 0.037500 0.066667
36 0.333333 0.094444 0.037500 0.066667
163 0.370833 0.094444 0.037500 0.066667
30 0.408333 0.094444 0.037500 0.066667
32 0.445833 0.094444 0.037500 0.066667
199 0.483333 0.094444 0.037500 0.066667
94 0.520833 0.094444 0.037500 0.066667
110 0.558333 0.094444 0.037500 0.066667
39 0.334375 0.027778 0.033333 0.059259
290 0.363542 0.027778 0.033333 0.059259
40 0.392708 0.027778 0.033333 0.059259
13 0.421875 0.027778 0.033333 0.059259
13 0.451042 0.027778 0.033333 0.059259
14 0.247917 0.565741 0.114583 0.268519
15 0.247917 0.716667 0.120312 0.023333
49 0.195833 0.744444 0.025000 0.044444
51 0.220833 0.744444 0.025000 0.044444
264 0.245833 0.744444 0.025000 0.044444
483 0.270833 0.744444 0.025000 0.044444
114 0.810938 0.729630 0.025000 0.044444
326 0.835938 0.729630 0.025000 0.044444
402 0.860937 0.729630 0.025000 0.044444
205 0.885938 0.729630 0.025000 0.044444
516 0.850000 0.578704 0.088542 0.212963
20 0.850000 0.701852 0.092969 0.023333
170 0.850000 0.442593 0.038333 0.068148
268 0.592708 0.645113 0.025000 0.044444
55 0.617708 0.645113 0.025000 0.044444
328 0.642708 0.645113 0.025000 0.044444
241 0.667708 0.645113 0.025000 0.044444
140 0.650000 0.517335 0.125000 0.166667
20 0.650000 0.617335 0.131250 0.023333
48 0.650000 0.404372 0.038333 0.068148
