473 0.401563 0.953704 0.131037 0.308710
351 0.500000 0.925926 0.117188 0.291667
540 0.598437 0.953704 0.130975 0.308631
7 0.033333 0.094444 0.037500 0.066667
7 0.070833 0.094444 0.037500 0.066667
33 0.108333 0.094444 0.037500 0.066667
132 0.145833 0.094444 0.037500 0.066667
33 0.183333 0.094444 0.037500 0.066667
304 0.334375 0.027778 0.033333 0.059259
13 0.363542 0.027778 0.033333 0.059259
13 0.392708 0.027778 0.033333 0.059259
13 0.421875 0.027778 0.033333 0.059259
13 0.451042 0.027778 0.033333 0.059259
14 0.247917 0.565741 0.114583 0.268519
15 0.247917 0.716667 0.120312 0.023333
314 0.195833 0.744444 0.025000 0.044444
74 0.220833 0.744444 0.025000 0.044444
164 0.245833 0.744444 0.025000 0.044444
265 0.270833 0.744444 0.025000 0.044444
357 0.740625 0.734259 0.025000 0.044444
119 0.765625 0.734259 0.025000 0.044444
41 0.790625 0.734259 0.025000 0.044444
117 0.815625 0.734259 0.025000 0.044444
529 0.850000 0.527778 0.229167 0.324074
20 0.850000 0.706481 0.240625 0.023333
72 0.850000 0.336111 0.038333 0.068148
327 0.556250 0.743519 0.025000 0.044444
103 0.581250 0.743519 0.025000 0.044444
297 0.670833 0.583333 0.239583 0.231481
20 0.670833 0.715741 0.251562 0.023333
48 0.670833 0.437963 0.038333 0.068148
