193 0.270312 0.986111 0.149899 0.329824
472 0.357812 0.949074 0.137609 0.316375
1 0.452969 0.925926 0.124215 0.300456
286 0.547031 0.925926 0.124152 0.300376
544 0.642187 0.949074 0.137546 0.316296
90 0.729688 0.986111 0.149838 0.329746
64 0.033333 0.094444 0.037500 0.066667
35 0.070833 0.094444 0.037500 0.066667
108 0.108333 0.094444 0.037500 0.066667
109 0.145833 0.094444 0.037500 0.066667
38 0.183333 0.094444 0.037500 0.066667
107 0.220833 0.094444 0.037500 0.066667
35 0.258333 0.094444 0.037500 0.066667
4 0.295833 0.094444 0.037500 0.066667
35 0.333333 0.094444 0.037500 0.066667
129 0.370833 0.094444 0.037500 0.066667
94 0.408333 0.094444 0.037500 0.066667
31 0.445833 0.094444 0.037500 0.066667
33 0.483333 0.094444 0.037500 0.066667
130 0.520833 0.094444 0.037500 0.066667
173 0.558333 0.094444 0.037500 0.066667
110 0.595833 0.094444 0.037500 0.066667
133 0.334375 0.027778 0.033333 0.059259
40 0.363542 0.027778 0.033333 0.059259
39 0.392708 0.027778 0.033333 0.059259
113 0.421875 0.027778 0.033333 0.059259
13 0.451042 0.027778 0.033333 0.059259
14 0.247917 0.565741 0.114583 0.268519
15 0.247917 0.716667 0.120312 0.023333
264 0.195833 0.744444 0.025000 0.044444
274 0.608333 0.725000 0.025000 0.044444
124 0.633333 0.725000 0.025000 0.044444
47 0.650000 0.615741 0.093750 0.129630
20 0.650000 0.697222 0.098437 0.023333
48 0.650000 0.521296 0.038333 0.068148
146 0.421354 0.731481 0.025000 0.044444
138 0.446354 0.731481 0.025000 0.044444
105 0.450000 0.640741 0.067708 0.092593
20 0.450000 0.703704 0.071094 0.023333
82 0.450000 0.564815 0.038333 0.068148
16 0.740625 0.734259 0.025000 0.044444
274 0.765625 0.734259 0.025000 0.044444
306 0.790625 0.734259 0.025000 0.044444
115 0.815625 0.734259 0.025000 0.044444
529 0.850000 0.527778 0.229167 0.324074
20 0.850000 0.706481 0.240625 0.023333
72 0.850000 0.336111 0.038333 0.068148
