398 0.500000 0.925926 0.117188 0.291667
8 0.033333 0.094444 0.037500 0.066667
6 0.070833 0.094444 0.037500 0.066667
110 0.108333 0.094444 0.037500 0.066667
66 0.145833 0.094444 0.037500 0.066667
93 0.183333 0.094444 0.037500 0.066667
33 0.220833 0.094444 0.037500 0.066667
66 0.258333 0.094444 0.037500 0.066667
93 0.295833 0.094444 0.037500 0.066667
110 0.333333 0.094444 0.037500 0.066667
109 0.370833 0.094444 0.037500 0.066667
91 0.408333 0.094444 0.037500 0.066667
8 0.445833 0.094444 0.037500 0.066667
129 0.483333 0.094444 0.037500 0.066667
173 0.520833 0.094444 0.037500 0.066667
184 0.558333 0.094444 0.037500 0.066667
129 0.595833 0.094444 0.037500 0.066667
145 0.334375 0.027778 0.033333 0.059259
68 0.363542 0.027778 0.033333 0.059259
11 0.392708 0.027778 0.033333 0.059259
144 0.421875 0.027778 0.033333 0.059259
12 0.451042 0.027778 0.033333 0.059259
14 0.247917 0.565741 0.114583 0.268519
15 0.247917 0.716667 0.120312 0.023333
390 0.195833 0.744444 0.025000 0.044444
337 0.797917 0.737037 0.025000 0.044444
426 0.844792 0.562963 0.104167 0.259259
20 0.844792 0.709259 0.109375 0.023333
170 0.844792 0.403704 0.038333 0.068148
168 0.558854 0.725000 0.025000 0.044444
476 0.650000 0.523148 0.192708 0.314815
20 0.650000 0.697222 0.202344 0.023333
48 0.650000 0.336111 0.038333 0.068148
