197 0.226563 1.000000 0.153046 0.323776
421 0.300938 0.968750 0.142404 0.313332
87 0.379687 0.943287 0.130728 0.300556
502 0.458438 0.925926 0.118005 0.285433
2 0.541562 0.925926 0.117945 0.285357
586 0.620313 0.943287 0.130669 0.300481
392 0.693594 0.968750 0.142346 0.313258
372 0.773438 1.000000 0.152989 0.323704
31 0.033333 0.094444 0.037500 0.066667
7 0.070833 0.094444 0.037500 0.066667
7 0.108333 0.094444 0.037500 0.066667
94 0.145833 0.094444 0.037500 0.066667
36 0.183333 0.094444 0.037500 0.066667
37 0.220833 0.094444 0.037500 0.066667
131 0.258333 0.094444 0.037500 0.066667
37 0.295833 0.094444 0.037500 0.066667
173 0.333333 0.094444 0.037500 0.066667
132 0.370833 0.094444 0.037500 0.066667
132 0.408333 0.094444 0.037500 0.066667
173 0.445833 0.094444 0.037500 0.066667
35 0.483333 0.094444 0.037500 0.066667
32 0.520833 0.094444 0.037500 0.066667
6 0.558333 0.094444 0.037500 0.066667
10 0.334375 0.027778 0.033333 0.059259
40 0.363542 0.027778 0.033333 0.059259
381 0.392708 0.027778 0.033333 0.059259
133 0.421875 0.027778 0.033333 0.059259
13 0.451042 0.027778 0.033333 0.059259
14 0.247917 0.565741 0.114583 0.268519
15 0.247917 0.716667 0.120312 0.023333
435 0.195833 0.744444 0.025000 0.044444
124 0.220833 0.744444 0.025000 0.044444
356 0.245833 0.744444 0.025000 0.044444
177 0.270833 0.744444 0.025000 0.044444
414 0.810938 0.720681 0.025000 0.044444
296 0.835938 0.720681 0.025000 0.044444
367 0.860937 0.720681 0.025000 0.044444
608 0.850000 0.616052 0.088542 0.120370
20 0.850000 0.692903 0.092969 0.023333
170 0.850000 0.526237 0.038333 0.068148
307 0.605729 0.738889 0.025000 0.044444
276 0.630729 0.738889 0.025000 0.044444
347 0.655729 0.738889 0.025000 0.044444
188 0.680729 0.738889 0.025000 0.044444
329 0.647396 0.564815 0.093750 0.259259
20 0.647396 0.711111 0.098437 0.023333
21 0.647396 0.405556 0.038333 0.068148
