543 0.182812 1.000000 0.145411 0.296825
219 0.237500 0.976852 0.136936 0.289694
576 0.303125 0.951852 0.127414 0.280350
617 0.379687 0.928704 0.116968 0.268919
645 0.456250 0.921296 0.105583 0.255387
339 0.543750 0.921296 0.105530 0.255319
553 0.620313 0.928704 0.116914 0.268851
477 0.696875 0.951852 0.127362 0.280284
213 0.762500 0.976852 0.136885 0.289630
541 0.817187 1.000000 0.145376 0.296799
66 0.033333 0.094444 0.037500 0.066667
30 0.070833 0.094444 0.037500 0.066667
129 0.108333 0.094444 0.037500 0.066667
184 0.145833 0.094444 0.037500 0.066667
107 0.183333 0.094444 0.037500 0.066667
33 0.220833 0.094444 0.037500 0.066667
37 0.258333 0.094444 0.037500 0.066667
94 0.295833 0.094444 0.037500 0.066667
130 0.333333 0.094444 0.037500 0.066667
64 0.370833 0.094444 0.037500 0.066667
163 0.408333 0.094444 0.037500 0.066667
92 0.445833 0.094444 0.037500 0.066667
32 0.483333 0.094444 0.037500 0.066667
64 0.520833 0.094444 0.037500 0.066667
29 0.558333 0.094444 0.037500 0.066667
91 0.595833 0.094444 0.037500 0.066667
132 0.633333 0.094444 0.037500 0.066667
29 0.670833 0.094444 0.037500 0.066667
38 0.708333 0.094444 0.037500 0.066667
173 0.745833 0.094444 0.037500 0.066667
143 0.334375 0.027778 0.033333 0.059259
13 0.363542 0.027778 0.033333 0.059259
13 0.392708 0.027778 0.033333 0.059259
13 0.421875 0.027778 0.033333 0.059259
13 0.451042 0.027778 0.033333 0.059259
14 0.247917 0.565741 0.114583 0.268519
15 0.247917 0.716667 0.120312 0.023333
147 0.195833 0.744444 0.025000 0.044444
228 0.587500 0.716667 0.025000 0.044444
97 0.612500 0.716667 0.025000 0.044444
177 0.637500 0.716667 0.025000 0.044444
73 0.662500 0.716667 0.025000 0.044444
348 0.650000 0.593518 0.135417 0.157407
20 0.650000 0.688889 0.142188 0.023333
48 0.650000 0.485185 0.038333 0.068148
73 0.766667 0.738889 0.025000 0.044444
46 0.791667 0.738889 0.025000 0.044444
122 0.816667 0.738889 0.025000 0.044444
422 0.852604 0.490741 0.182292 0.407407
20 0.852604 0.711111 0.191406 0.023333
48 0.852604 0.257407 0.038333 0.068148
