433 0.401563 0.953704 0.131037 0.308710
562 0.500000 0.925926 0.117188 0.291667
308 0.598437 0.953704 0.130975 0.308631
36 0.033333 0.094444 0.037500 0.066667
94 0.070833 0.094444 0.037500 0.066667
163 0.108333 0.094444 0.037500 0.066667
173 0.145833 0.094444 0.037500 0.066667
108 0.183333 0.094444 0.037500 0.066667
91 0.220833 0.094444 0.037500 0.066667
34 0.258333 0.094444 0.037500 0.066667
129 0.295833 0.094444 0.037500 0.066667
163 0.333333 0.094444 0.037500 0.066667
131 0.370833 0.094444 0.037500 0.066667
66 0.408333 0.094444 0.037500 0.066667
238 0.334375 0.027778 0.033333 0.059259
255 0.363542 0.027778 0.033333 0.059259
13 0.392708 0.027778 0.033333 0.059259
13 0.421875 0.027778 0.033333 0.059259
13 0.451042 0.027778 0.033333 0.059259
14 0.247917 0.565741 0.114583 0.268519
15 0.247917 0.716667 0.120312 0.023333
152 0.195833 0.744444 0.025000 0.044444
79 0.595312 0.748148 0.025000 0.044444
447 0.620313 0.748148 0.025000 0.044444
178 0.645312 0.748148 0.025000 0.044444
482 0.650000 0.587963 0.119792 0.231481
20 0.650000 0.720370 0.125781 0.023333
216 0.650000 0.442593 0.038333 0.068148
124 0.751042 0.743519 0.025000 0.044444
16 0.776042 0.743519 0.025000 0.044444
337 0.801042 0.743519 0.025000 0.044444
481 0.826042 0.743519 0.025000 0.044444
338 0.850000 0.509259 0.208333 0.379630
20 0.850000 0.715741 0.218750 0.023333
48 0.850000 0.289815 0.038333 0.068148
