478 0.351250 0.960648 0.137609 0.316375
427 0.449688 0.935185 0.124215 0.300456
496 0.550312 0.935185 0.124152 0.300376
492 0.648750 0.960648 0.137546 0.316296
5 0.033333 0.094444 0.037500 0.066667
107 0.070833 0.094444 0.037500 0.066667
37 0.108333 0.094444 0.037500 0.066667
28 0.145833 0.094444 0.037500 0.066667
108 0.183333 0.094444 0.037500 0.066667
108 0.220833 0.094444 0.037500 0.066667
110 0.258333 0.094444 0.037500 0.066667
31 0.295833 0.094444 0.037500 0.066667
129 0.333333 0.094444 0.037500 0.066667
92 0.370833 0.094444 0.037500 0.066667
131 0.408333 0.094444 0.037500 0.066667
7 0.445833 0.094444 0.037500 0.066667
131 0.483333 0.094444 0.037500 0.066667
37 0.520833 0.094444 0.037500 0.066667
65 0.558333 0.094444 0.037500 0.066667
64 0.595833 0.094444 0.037500 0.066667
108 0.633333 0.094444 0.037500 0.066667
7 0.670833 0.094444 0.037500 0.066667
130 0.708333 0.094444 0.037500 0.066667
35 0.745833 0.094444 0.037500 0.066667
95 0.334375 0.027778 0.033333 0.059259
144 0.363542 0.027778 0.033333 0.059259
255 0.392708 0.027778 0.033333 0.059259
13 0.421875 0.027778 0.033333 0.059259
13 0.451042 0.027778 0.033333 0.059259
14 0.247917 0.565741 0.114583 0.268519
15 0.247917 0.716667 0.120312 0.023333
165 0.195833 0.744444 0.025000 0.044444
435 0.551042 0.731481 0.025000 0.044444
357 0.576042 0.731481 0.025000 0.044444
103 0.601042 0.731481 0.025000 0.044444
19 0.650000 0.525000 0.208333 0.324074
20 0.650000 0.703704 0.218750 0.023333
21 0.650000 0.333333 0.038333 0.068148
356 0.726042 0.729630 0.025000 0.044444
406 0.751042 0.729630 0.025000 0.044444
282 0.844792 0.495370 0.247917 0.379630
20 0.844792 0.701852 0.260312 0.023333
48 0.844792 0.275926 0.038333 0.068148
258 0.356250 0.734259 0.025000 0.044444
55 0.381250 0.734259 0.025000 0.044444
45 0.406250 0.734259 0.025000 0.044444
188 0.431250 0.734259 0.025000 0.044444
190 0.450000 0.555556 0.197917 0.268519
20 0.450000 0.706481 0.207812 0.023333
72 0.450000 0.391667 0.038333 0.068148
