23 0.401563 0.953704 0.131037 0.308710
639 0.500000 0.925926 0.117188 0.291667
468 0.598437 0.953704 0.130975 0.308631
91 0.033333 0.094444 0.037500 0.066667
93 0.070833 0.094444 0.037500 0.066667
32 0.108333 0.094444 0.037500 0.066667
132 0.145833 0.094444 0.037500 0.066667
9 0.334375 0.027778 0.033333 0.059259
145 0.363542 0.027778 0.033333 0.059259
144 0.392708 0.027778 0.033333 0.059259
10 0.421875 0.027778 0.033333 0.059259
355 0.451042 0.027778 0.033333 0.059259
14 0.247917 0.565741 0.114583 0.268519
15 0.247917 0.716667 0.120312 0.023333
73 0.195833 0.744444 0.025000 0.044444
294 0.220833 0.744444 0.025000 0.044444
455 0.348437 0.738889 0.025000 0.044444
169 0.413542 0.518519 0.140625 0.351852
20 0.413542 0.711111 0.147656 0.023333
48 0.397917 0.312963 0.038333 0.068148
46 0.803125 0.741667 0.025000 0.044444
45 0.828125 0.741667 0.025000 0.044444
122 0.853125 0.741667 0.025000 0.044444
134 0.878125 0.741667 0.025000 0.044444
217 0.844792 0.565278 0.093750 0.263889
20 0.844792 0.713889 0.098437 0.023333
158 0.844792 0.403704 0.038333 0.068148
139 0.611979 0.740741 0.025000 0.044444
81 0.645833 0.626852 0.078125 0.138889
20 0.645833 0.712963 0.082031 0.023333
82 0.645833 0.527778 0.038333 0.068148
