313 0.182812 1.000000 0.145411 0.296825
197 0.237500 0.976852 0.136936 0.289694
351 0.303125 0.951852 0.127414 0.280350
651 0.379687 0.928704 0.116968 0.268919
231 0.456250 0.921296 0.105583 0.255387
322 0.543750 0.921296 0.105530 0.255319
479 0.620313 0.928704 0.116914 0.268851
246 0.696875 0.951852 0.127362 0.280284
533 0.762500 0.976852 0.136885 0.289630
252 0.817187 1.000000 0.145376 0.296799
116 0.033333 0.094444 0.037500 0.066667
99 0.070833 0.094444 0.037500 0.066667
48 0.108333 0.094444 0.037500 0.066667
102 0.334375 0.027778 0.033333 0.059259
13 0.363542 0.027778 0.033333 0.059259
13 0.392708 0.027778 0.033333 0.059259
13 0.421875 0.027778 0.033333 0.059259
13 0.451042 0.027778 0.033333 0.059259
14 0.247917 0.565741 0.114583 0.268519
15 0.247917 0.716667 0.120312 0.023333
173 0.195833 0.744444 0.025000 0.044444
236 0.220833 0.744444 0.025000 0.044444
220 0.245833 0.744444 0.025000 0.044444
396 0.270833 0.744444 0.025000 0.044444
107 0.619271 0.750926 0.025000 0.044444
123 0.644271 0.750926 0.025000 0.044444
235 0.669271 0.750926 0.025000 0.044444
304 0.694271 0.750926 0.025000 0.044444
364 0.647917 0.616667 0.067708 0.179630
23 0.647917 0.723148 0.071094 0.023333
61 0.647917 0.497222 0.038333 0.068148
153 0.787500 0.720370 0.025000 0.044444
149 0.812500 0.720370 0.025000 0.044444
183 0.837500 0.720370 0.025000 0.044444
344 0.862500 0.720370 0.025000 0.044444
429 0.850000 0.583333 0.135417 0.185185
23 0.850000 0.692593 0.142188 0.023333
61 0.850000 0.461111 0.038333 0.068148
