317 0.182812 1.000000 0.145411 0.296825
353 0.237500 0.976852 0.136936 0.289694
350 0.303125 0.951852 0.127414 0.280350
209 0.379687 0.928704 0.116968 0.268919
460 0.456250 0.921296 0.105583 0.255387
641 0.543750 0.921296 0.105530 0.255319
354 0.620313 0.928704 0.116914 0.268851
477 0.696875 0.951852 0.127362 0.280284
403 0.762500 0.976852 0.136885 0.289630
106 0.817187 1.000000 0.145376 0.296799
32 0.033333 0.094444 0.037500 0.066667
129 0.070833 0.094444 0.037500 0.066667
5 0.108333 0.094444 0.037500 0.066667
30 0.145833 0.094444 0.037500 0.066667
130 0.183333 0.094444 0.037500 0.066667
36 0.220833 0.094444 0.037500 0.066667
35 0.258333 0.094444 0.037500 0.066667
109 0.295833 0.094444 0.037500 0.066667
132 0.333333 0.094444 0.037500 0.066667
31 0.370833 0.094444 0.037500 0.066667
131 0.408333 0.094444 0.037500 0.066667
132 0.445833 0.094444 0.037500 0.066667
131 0.483333 0.094444 0.037500 0.066667
64 0.520833 0.094444 0.037500 0.066667
129 0.558333 0.094444 0.037500 0.066667
129 0.595833 0.094444 0.037500 0.066667
133 0.334375 0.027778 0.033333 0.059259
68 0.363542 0.027778 0.033333 0.059259
290 0.392708 0.027778 0.033333 0.059259
238 0.421875 0.027778 0.033333 0.059259
13 0.451042 0.027778 0.033333 0.059259
14 0.247917 0.565741 0.114583 0.268519
15 0.247917 0.716667 0.120312 0.023333
401 0.195833 0.744444 0.025000 0.044444
227 0.220833 0.744444 0.025000 0.044444
242 0.608333 0.706481 0.025000 0.044444
123 0.633333 0.706481 0.025000 0.044444
276 0.658333 0.706481 0.025000 0.044444
118 0.683333 0.706481 0.025000 0.044444
47 0.650000 0.597222 0.093750 0.129630
20 0.650000 0.678704 0.098437 0.023333
48 0.650000 0.502778 0.038333 0.068148
307 0.803125 0.743519 0.025000 0.044444
70 0.828125 0.743519 0.025000 0.044444
207 0.853125 0.743519 0.025000 0.044444
368 0.850000 0.555556 0.104167 0.287037
20 0.850000 0.715741 0.109375 0.023333
48 0.850000 0.382407 0.038333 0.068148
