583 0.226563 1.000000 0.153046 0.323776
419 0.300938 0.968750 0.142404 0.313332
569 0.379687 0.943287 0.130728 0.300556
127 0.458438 0.925926 0.118005 0.285433
400 0.541562 0.925926 0.117945 0.285357
631 0.620313 0.943287 0.130669 0.300481
479 0.693594 0.968750 0.142346 0.313258
322 0.773438 1.000000 0.152989 0.323704
35 0.033333 0.094444 0.037500 0.066667
6 0.070833 0.094444 0.037500 0.066667
28 0.108333 0.094444 0.037500 0.066667
92 0.145833 0.094444 0.037500 0.066667
64 0.183333 0.094444 0.037500 0.066667
93 0.220833 0.094444 0.037500 0.066667
92 0.258333 0.094444 0.037500 0.066667
91 0.295833 0.094444 0.037500 0.066667
132 0.333333 0.094444 0.037500 0.066667
132 0.370833 0.094444 0.037500 0.066667
6 0.408333 0.094444 0.037500 0.066667
32 0.445833 0.094444 0.037500 0.066667
109 0.483333 0.094444 0.037500 0.066667
5 0.520833 0.094444 0.037500 0.066667
163 0.558333 0.094444 0.037500 0.066667
38 0.595833 0.094444 0.037500 0.066667
8 0.633333 0.094444 0.037500 0.066667
96 0.334375 0.027778 0.033333 0.059259
355 0.363542 0.027778 0.033333 0.059259
13 0.392708 0.027778 0.033333 0.059259
13 0.421875 0.027778 0.033333 0.059259
13 0.451042 0.027778 0.033333 0.059259
14 0.247917 0.565741 0.114583 0.268519
15 0.247917 0.716667 0.120312 0.023333
307 0.195833 0.744444 0.025000 0.044444
119 0.220833 0.744444 0.025000 0.044444
406 0.756250 0.734259 0.025000 0.044444
414 0.781250 0.734259 0.025000 0.044444
190 0.850000 0.555556 0.197917 0.268519
20 0.850000 0.706481 0.207812 0.023333
167 0.850000 0.391667 0.038333 0.068148
408 0.556250 0.734259 0.025000 0.044444
274 0.581250 0.734259 0.025000 0.044444
138 0.606250 0.734259 0.025000 0.044444
414 0.631250 0.734259 0.025000 0.044444
125 0.650000 0.555556 0.197917 0.268519
20 0.650000 0.706481 0.207812 0.023333
216 0.650000 0.391667 0.038333 0.068148
