374 0.182812 1.000000 0.145411 0.296825
512 0.237500 0.976852 0.136936 0.289694
534 0.303125 0.951852 0.127414 0.280350
391 0.379687 0.928704 0.116968 0.268919
607 0.456250 0.921296 0.105583 0.255387
564 0.543750 0.921296 0.105530 0.255319
433 0.620313 0.928704 0.116914 0.268851
353 0.696875 0.951852 0.127362 0.280284
445 0.762500 0.976852 0.136885 0.289630
1 0.817187 1.000000 0.145376 0.296799
6 0.033333 0.094444 0.037500 0.066667
31 0.070833 0.094444 0.037500 0.066667
28 0.108333 0.094444 0.037500 0.066667
30 0.145833 0.094444 0.037500 0.066667
35 0.183333 0.094444 0.037500 0.066667
107 0.220833 0.094444 0.037500 0.066667
37 0.258333 0.094444 0.037500 0.066667
109 0.295833 0.094444 0.037500 0.066667
32 0.333333 0.094444 0.037500 0.066667
174 0.334375 0.027778 0.033333 0.059259
200 0.363542 0.027778 0.033333 0.059259
304 0.392708 0.027778 0.033333 0.059259
112 0.421875 0.027778 0.033333 0.059259
13 0.451042 0.027778 0.033333 0.059259
14 0.247917 0.565741 0.114583 0.268519
15 0.247917 0.716667 0.120312 0.023333
455 0.195833 0.744444 0.025000 0.044444
371 0.220833 0.744444 0.025000 0.044444
293 0.810938 0.720681 0.025000 0.044444
366 0.835938 0.720681 0.025000 0.044444
406 0.860937 0.720681 0.025000 0.044444
228 0.885938 0.720681 0.025000 0.044444
608 0.850000 0.616052 0.088542 0.120370
20 0.850000 0.692903 0.092969 0.023333
170 0.850000 0.526237 0.038333 0.068148
256 0.423958 0.733333 0.025000 0.044444
524 0.448958 0.733333 0.025000 0.044444
41 0.473958 0.733333 0.025000 0.044444
268 0.498958 0.733333 0.025000 0.044444
154 0.450000 0.614815 0.062500 0.148148
20 0.450000 0.705556 0.065625 0.023333
48 0.450000 0.511111 0.038333 0.068148
139 0.611979 0.724074 0.025000 0.044444
315 0.645833 0.610185 0.078125 0.138889
20 0.645833 0.696296 0.082031 0.023333
48 0.645833 0.511111 0.038333 0.068148
