61 0.351250 0.960648 0.137609 0.316375
62 0.449688 0.935185 0.124215 0.300456
63 0.550312 0.935185 0.124152 0.300376
64 0.648750 0.960648 0.137546 0.316296
47 0.033333 0.094444 0.037500 0.066667
65 0.070833 0.094444 0.037500 0.066667
11 0.108333 0.094444 0.037500 0.066667
18 0.145833 0.094444 0.037500 0.066667
11 0.183333 0.094444 0.037500 0.066667
48 0.220833 0.094444 0.037500 0.066667
66 0.258333 0.094444 0.037500 0.066667
67 0.295833 0.094444 0.037500 0.066667
68 0.333333 0.094444 0.037500 0.066667
67 0.370833 0.094444 0.037500 0.066667
69 0.408333 0.094444 0.037500 0.066667
70 0.445833 0.094444 0.037500 0.066667
71 0.483333 0.094444 0.037500 0.066667
72 0.520833 0.094444 0.037500 0.066667
73 0.558333 0.094444 0.037500 0.066667
43 0.595833 0.094444 0.037500 0.066667
16 0.633333 0.094444 0.037500 0.066667
69 0.670833 0.094444 0.037500 0.066667
70 0.708333 0.094444 0.037500 0.066667
8 0.745833 0.094444 0.037500 0.066667
74 0.334375 0.027778 0.033333 0.059259
75 0.363542 0.027778 0.033333 0.059259
76 0.392708 0.027778 0.033333 0.059259
77 0.421875 0.027778 0.033333 0.059259
78 0.451042 0.027778 0.033333 0.059259
23 0.247917 0.565741 0.114583 0.268519
24 0.247917 0.716667 0.120312 0.023333
51 0.195833 0.744444 0.025000 0.044444
79 0.220833 0.744444 0.025000 0.044444
80 0.245833 0.744444 0.025000 0.044444
81 0.270833 0.744444 0.025000 0.044444
82 0.803125 0.729630 0.025000 0.044444
83 0.850000 0.583333 0.104167 0.203704
32 0.850000 0.701852 0.109375 0.023333
33 0.850000 0.451852 0.038333 0.068148
