437 0.226563 1.000000 0.153046 0.323776
195 0.300938 0.968750 0.142404 0.313332
142 0.379687 0.943287 0.130728 0.300556
535 0.458438 0.925926 0.118005 0.285433
551 0.541562 0.925926 0.117945 0.285357
501 0.620313 0.943287 0.130669 0.300481
250 0.693594 0.968750 0.142346 0.313258
466 0.773438 1.000000 0.152989 0.323704
28 0.033333 0.094444 0.037500 0.066667
91 0.070833 0.094444 0.037500 0.066667
38 0.108333 0.094444 0.037500 0.066667
32 0.145833 0.094444 0.037500 0.066667
199 0.183333 0.094444 0.037500 0.066667
93 0.220833 0.094444 0.037500 0.066667
29 0.258333 0.094444 0.037500 0.066667
184 0.295833 0.094444 0.037500 0.066667
37 0.333333 0.094444 0.037500 0.066667
108 0.370833 0.094444 0.037500 0.066667
38 0.408333 0.094444 0.037500 0.066667
107 0.445833 0.094444 0.037500 0.066667
130 0.483333 0.094444 0.037500 0.066667
174 0.334375 0.027778 0.033333 0.059259
13 0.363542 0.027778 0.033333 0.059259
13 0.392708 0.027778 0.033333 0.059259
13 0.421875 0.027778 0.033333 0.059259
13 0.451042 0.027778 0.033333 0.059259
14 0.247917 0.565741 0.114583 0.268519
15 0.247917 0.716667 0.120312 0.023333
326 0.195833 0.744444 0.025000 0.044444
78 0.220833 0.744444 0.025000 0.044444
152 0.751042 0.731481 0.025000 0.044444
227 0.776042 0.731481 0.025000 0.044444
77 0.801042 0.731481 0.025000 0.044444
50 0.826042 0.731481 0.025000 0.044444
19 0.850000 0.525000 0.208333 0.324074
20 0.850000 0.703704 0.218750 0.023333
21 0.850000 0.333333 0.038333 0.068148
