130 0.448594 0.925926 0.124215 0.300456
272 0.557969 0.925926 0.124152 0.300376
97 0.033333 0.094444 0.037500 0.066667
289 0.334375 0.027778 0.033333 0.059259
13 0.363542 0.027778 0.033333 0.059259
13 0.392708 0.027778 0.033333 0.059259
13 0.421875 0.027778 0.033333 0.059259
13 0.451042 0.027778 0.033333 0.059259
14 0.247917 0.565741 0.114583 0.268519
15 0.247917 0.716667 0.120312 0.023333
227 0.195833 0.744444 0.025000 0.044444
280 0.220833 0.744444 0.025000 0.044444
227 0.410937 0.722837 0.025000 0.044444
499 0.435937 0.722837 0.025000 0.044444
237 0.460938 0.722837 0.025000 0.044444
627 0.450000 0.618207 0.088542 0.120370
23 0.450000 0.695059 0.092969 0.023333
61 0.450000 0.528392 0.038333 0.068148
82 0.735417 0.729630 0.025000 0.044444
106 0.760417 0.729630 0.025000 0.044444
304 0.785417 0.729630 0.025000 0.044444
485 0.850000 0.546296 0.239583 0.277778
23 0.850000 0.701852 0.251562 0.023333
24 0.850000 0.377778 0.038333 0.068148
124 0.546875 0.729630 0.025000 0.044444
26 0.571875 0.729630 0.025000 0.044444
229 0.665625 0.495370 0.247917 0.379630
23 0.665625 0.701852 0.260312 0.023333
30 0.665625 0.275926 0.038333 0.068148
