547 0.182812 1.000000 0.145411 0.296825
618 0.237500 0.976852 0.136936 0.289694
334 0.303125 0.951852 0.127414 0.280350
557 0.379687 0.928704 0.116968 0.268919
572 0.456250 0.921296 0.105583 0.255387
578 0.543750 0.921296 0.105530 0.255319
172 0.620313 0.928704 0.116914 0.268851
518 0.696875 0.951852 0.127362 0.280284
526 0.762500 0.976852 0.136885 0.289630
453 0.817187 1.000000 0.145376 0.296799
130 0.033333 0.094444 0.037500 0.066667
37 0.070833 0.094444 0.037500 0.066667
109 0.108333 0.094444 0.037500 0.066667
34 0.145833 0.094444 0.037500 0.066667
131 0.183333 0.094444 0.037500 0.066667
129 0.220833 0.094444 0.037500 0.066667
28 0.258333 0.094444 0.037500 0.066667
33 0.295833 0.094444 0.037500 0.066667
91 0.333333 0.094444 0.037500 0.066667
184 0.370833 0.094444 0.037500 0.066667
8 0.408333 0.094444 0.037500 0.066667
95 0.334375 0.027778 0.033333 0.059259
12 0.363542 0.027778 0.033333 0.059259
13 0.392708 0.027778 0.033333 0.059259
13 0.421875 0.027778 0.033333 0.059259
13 0.451042 0.027778 0.033333 0.059259
14 0.247917 0.565741 0.114583 0.268519
15 0.247917 0.716667 0.120312 0.023333
205 0.195833 0.744444 0.025000 0.044444
17 0.220833 0.744444 0.025000 0.044444
268 0.245833 0.744444 0.025000 0.044444
425 0.270833 0.744444 0.025000 0.044444
328 0.751042 0.731481 0.025000 0.044444
156 0.776042 0.731481 0.025000 0.044444
19 0.850000 0.525000 0.208333 0.324074
20 0.850000 0.703704 0.218750 0.023333
21 0.850000 0.333333 0.038333 0.068148
41 0.411979 0.735185 0.025000 0.044444
103 0.436979 0.735185 0.025000 0.044444
549 0.445833 0.621296 0.078125 0.138889
20 0.445833 0.707407 0.082031 0.023333
216 0.445833 0.522222 0.038333 0.068148
524 0.553646 0.725926 0.025000 0.044444
275 0.578646 0.725926 0.025000 0.044444
268 0.603646 0.725926 0.025000 0.044444
204 0.628646 0.725926 0.025000 0.044444
243 0.650000 0.500926 0.203125 0.361111
20 0.650000 0.698148 0.213281 0.023333
170 0.650000 0.290741 0.038333 0.068148
