497 0.182812 1.000000 0.145411 0.296825
323 0.237500 0.976852 0.136936 0.289694
284 0.303125 0.951852 0.127414 0.280350
620 0.379687 0.928704 0.116968 0.268919
533 0.456250 0.921296 0.105583 0.255387
627 0.543750 0.921296 0.105530 0.255319
344 0.620313 0.928704 0.116914 0.268851
126 0.696875 0.951852 0.127362 0.280284
552 0.762500 0.976852 0.136885 0.289630
395 0.817187 1.000000 0.145376 0.296799
132 0.033333 0.094444 0.037500 0.066667
91 0.070833 0.094444 0.037500 0.066667
64 0.108333 0.094444 0.037500 0.066667
173 0.145833 0.094444 0.037500 0.066667
93 0.183333 0.094444 0.037500 0.066667
8 0.220833 0.094444 0.037500 0.066667
36 0.258333 0.094444 0.037500 0.066667
65 0.295833 0.094444 0.037500 0.066667
94 0.333333 0.094444 0.037500 0.066667
32 0.370833 0.094444 0.037500 0.066667
131 0.408333 0.094444 0.037500 0.066667
130 0.445833 0.094444 0.037500 0.066667
92 0.483333 0.094444 0.037500 0.066667
129 0.520833 0.094444 0.037500 0.066667
33 0.558333 0.094444 0.037500 0.066667
185 0.334375 0.027778 0.033333 0.059259
290 0.363542 0.027778 0.033333 0.059259
324 0.392708 0.027778 0.033333 0.059259
13 0.421875 0.027778 0.033333 0.059259
13 0.451042 0.027778 0.033333 0.059259
14 0.247917 0.565741 0.114583 0.268519
15 0.247917 0.716667 0.120312 0.023333
202 0.195833 0.744444 0.025000 0.044444
295 0.220833 0.744444 0.025000 0.044444
56 0.245833 0.744444 0.025000 0.044444
416 0.610937 0.729630 0.025000 0.044444
367 0.635938 0.729630 0.025000 0.044444
239 0.660937 0.729630 0.025000 0.044444
516 0.650000 0.578704 0.088542 0.212963
20 0.650000 0.701852 0.092969 0.023333
48 0.650000 0.442593 0.038333 0.068148
100 0.374479 0.725926 0.025000 0.044444
481 0.399479 0.725926 0.025000 0.044444
115 0.424479 0.725926 0.025000 0.044444
177 0.449479 0.725926 0.025000 0.044444
279 0.460417 0.561111 0.182292 0.240741
20 0.460417 0.698148 0.191406 0.023333
48 0.460417 0.411111 0.038333 0.068148
73 0.758854 0.748148 0.025000 0.044444
291 0.783854 0.748148 0.025000 0.044444
470 0.834375 0.562500 0.161458 0.282407
20 0.834375 0.720370 0.169531 0.023333
48 0.834375 0.391667 0.038333 0.068148
