649 0.351250 0.960648 0.137609 0.316375
602 0.449688 0.935185 0.124215 0.300456
638 0.550312 0.935185 0.124152 0.300376
197 0.648750 0.960648 0.137546 0.316296
10 0.033333 0.094444 0.037500 0.066667
287 0.070833 0.094444 0.037500 0.066667
136 0.108333 0.094444 0.037500 0.066667
136 0.145833 0.094444 0.037500 0.066667
97 0.183333 0.094444 0.037500 0.066667
178 0.220833 0.094444 0.037500 0.066667
11 0.258333 0.094444 0.037500 0.066667
162 0.295833 0.094444 0.037500 0.066667
10 0.333333 0.094444 0.037500 0.066667
45 0.370833 0.094444 0.037500 0.066667
42 0.408333 0.094444 0.037500 0.066667
99 0.445833 0.094444 0.037500 0.066667
100 0.483333 0.094444 0.037500 0.066667
44 0.520833 0.094444 0.037500 0.066667
164 0.558333 0.094444 0.037500 0.066667
122 0.334375 0.027778 0.033333 0.059259
204 0.363542 0.027778 0.033333 0.059259
120 0.392708 0.027778 0.033333 0.059259
288 0.421875 0.027778 0.033333 0.059259
13 0.451042 0.027778 0.033333 0.059259
14 0.247917 0.565741 0.114583 0.268519
15 0.247917 0.716667 0.120312 0.023333
126 0.195833 0.744444 0.025000 0.044444
237 0.220833 0.744444 0.025000 0.044444
111 0.245833 0.744444 0.025000 0.044444
227 0.364062 0.751852 0.025000 0.044444
384 0.450000 0.540741 0.182292 0.333333
23 0.450000 0.724074 0.191406 0.023333
61 0.450000 0.344444 0.038333 0.068148
151 0.782812 0.734259 0.025000 0.044444
535 0.807813 0.734259 0.025000 0.044444
60 0.842708 0.537037 0.130208 0.305556
23 0.842708 0.706481 0.136719 0.023333
61 0.842708 0.354630 0.038333 0.068148
413 0.556250 0.743519 0.025000 0.044444
171 0.581250 0.743519 0.025000 0.044444
87 0.670833 0.583333 0.239583 0.231481
23 0.670833 0.715741 0.251562 0.023333
61 0.670833 0.437963 0.038333 0.068148
