567 0.401563 0.953704 0.131037 0.308710
571 0.500000 0.925926 0.117188 0.291667
234 0.598437 0.953704 0.130975 0.308631
130 0.033333 0.094444 0.037500 0.066667
110 0.070833 0.094444 0.037500 0.066667
107 0.108333 0.094444 0.037500 0.066667
6 0.145833 0.094444 0.037500 0.066667
28 0.183333 0.094444 0.037500 0.066667
173 0.220833 0.094444 0.037500 0.066667
131 0.258333 0.094444 0.037500 0.066667
109 0.295833 0.094444 0.037500 0.066667
108 0.333333 0.094444 0.037500 0.066667
199 0.370833 0.094444 0.037500 0.066667
163 0.408333 0.094444 0.037500 0.066667
37 0.445833 0.094444 0.037500 0.066667
8 0.483333 0.094444 0.037500 0.066667
96 0.334375 0.027778 0.033333 0.059259
290 0.363542 0.027778 0.033333 0.059259
303 0.392708 0.027778 0.033333 0.059259
13 0.421875 0.027778 0.033333 0.059259
13 0.451042 0.027778 0.033333 0.059259
14 0.247917 0.565741 0.114583 0.268519
15 0.247917 0.716667 0.120312 0.023333
69 0.195833 0.744444 0.025000 0.044444
178 0.220833 0.744444 0.025000 0.044444
189 0.245833 0.744444 0.025000 0.044444
524 0.270833 0.744444 0.025000 0.044444
328 0.771875 0.734259 0.025000 0.044444
149 0.850000 0.587963 0.166667 0.203704
20 0.850000 0.706481 0.175000 0.023333
150 0.850000 0.456481 0.038333 0.068148
