427 0.351250 0.960648 0.137609 0.316375
533 0.449688 0.935185 0.124215 0.300456
587 0.550312 0.935185 0.124152 0.300376
588 0.648750 0.960648 0.137546 0.316296
6 0.033333 0.094444 0.037500 0.066667
66 0.070833 0.094444 0.037500 0.066667
5 0.108333 0.094444 0.037500 0.066667
39 0.334375 0.027778 0.033333 0.059259
303 0.363542 0.027778 0.033333 0.059259
12 0.392708 0.027778 0.033333 0.059259
13 0.421875 0.027778 0.033333 0.059259
13 0.451042 0.027778 0.033333 0.059259
14 0.247917 0.565741 0.114583 0.268519
15 0.247917 0.716667 0.120312 0.023333
455 0.195833 0.744444 0.025000 0.044444
115 0.220833 0.744444 0.025000 0.044444
117 0.842188 0.728704 0.025000 0.044444
99 0.867188 0.728704 0.025000 0.044444
396 0.870833 0.600926 0.067708 0.166667
20 0.870833 0.700926 0.071094 0.023333
158 0.870833 0.487963 0.038333 0.068148
