655 0.500000 0.925926 0.117188 0.291667
65 0.033333 0.094444 0.037500 0.066667
129 0.070833 0.094444 0.037500 0.066667
31 0.108333 0.094444 0.037500 0.066667
94 0.145833 0.094444 0.037500 0.066667
109 0.183333 0.094444 0.037500 0.066667
173 0.220833 0.094444 0.037500 0.066667
64 0.258333 0.094444 0.037500 0.066667
255 0.334375 0.027778 0.033333 0.059259
377 0.363542 0.027778 0.033333 0.059259
96 0.392708 0.027778 0.033333 0.059259
112 0.421875 0.027778 0.033333 0.059259
13 0.451042 0.027778 0.033333 0.059259
14 0.247917 0.565741 0.114583 0.268519
15 0.247917 0.716667 0.120312 0.023333
313 0.195833 0.744444 0.025000 0.044444
277 0.220833 0.744444 0.025000 0.044444
104 0.808333 0.706481 0.025000 0.044444
47 0.850000 0.597222 0.093750 0.129630
20 0.850000 0.678704 0.098437 0.023333
82 0.850000 0.502778 0.038333 0.068148
51 0.556250 0.743519 0.025000 0.044444
454 0.581250 0.743519 0.025000 0.044444
297 0.670833 0.583333 0.239583 0.231481
20 0.670833 0.715741 0.251562 0.023333
48 0.670833 0.437963 0.038333 0.068148
