61 0.401563 0.953704 0.131037 0.308710
171 0.500000 0.925926 0.117188 0.291667
197 0.598437 0.953704 0.130975 0.308631
64 0.033333 0.094444 0.037500 0.066667
109 0.070833 0.094444 0.037500 0.066667
65 0.108333 0.094444 0.037500 0.066667
7 0.145833 0.094444 0.037500 0.066667
186 0.334375 0.027778 0.033333 0.059259
13 0.363542 0.027778 0.033333 0.059259
13 0.392708 0.027778 0.033333 0.059259
13 0.421875 0.027778 0.033333 0.059259
13 0.451042 0.027778 0.033333 0.059259
14 0.247917 0.565741 0.114583 0.268519
15 0.247917 0.716667 0.120312 0.023333
455 0.195833 0.744444 0.025000 0.044444
118 0.220833 0.744444 0.025000 0.044444
46 0.245833 0.744444 0.025000 0.044444
153 0.270833 0.744444 0.025000 0.044444
328 0.803125 0.729630 0.025000 0.044444
55 0.828125 0.729630 0.025000 0.044444
401 0.853125 0.729630 0.025000 0.044444
115 0.878125 0.729630 0.025000 0.044444
531 0.850000 0.583333 0.104167 0.203704
20 0.850000 0.701852 0.109375 0.023333
48 0.850000 0.451852 0.038333 0.068148
139 0.571875 0.734259 0.025000 0.044444
242 0.596875 0.734259 0.025000 0.044444
164 0.621875 0.734259 0.025000 0.044444
314 0.646875 0.734259 0.025000 0.044444
149 0.650000 0.587963 0.166667 0.203704
20 0.650000 0.706481 0.175000 0.023333
150 0.650000 0.456481 0.038333 0.068148
