495 0.226563 1.000000 0.153046 0.323776
362 0.300938 0.968750 0.142404 0.313332
521 0.379687 0.943287 0.130728 0.300556
361 0.458438 0.925926 0.118005 0.285433
244 0.541562 0.925926 0.117945 0.285357
385 0.620313 0.943287 0.130669 0.300481
631 0.693594 0.968750 0.142346 0.313258
370 0.773438 1.000000 0.152989 0.323704
34 0.033333 0.094444 0.037500 0.066667
65 0.070833 0.094444 0.037500 0.066667
64 0.108333 0.094444 0.037500 0.066667
131 0.145833 0.094444 0.037500 0.066667
31 0.183333 0.094444 0.037500 0.066667
184 0.220833 0.094444 0.037500 0.066667
143 0.334375 0.027778 0.033333 0.059259
13 0.363542 0.027778 0.033333 0.059259
13 0.392708 0.027778 0.033333 0.059259
13 0.421875 0.027778 0.033333 0.059259
13 0.451042 0.027778 0.033333 0.059259
14 0.247917 0.565741 0.114583 0.268519
15 0.247917 0.716667 0.120312 0.023333
275 0.195833 0.744444 0.025000 0.044444
220 0.748438 0.738889 0.025000 0.044444
74 0.773438 0.738889 0.025000 0.044444
138 0.798437 0.738889 0.025000 0.044444
414 0.823438 0.738889 0.025000 0.044444
169 0.813542 0.518519 0.140625 0.351852
20 0.813542 0.711111 0.147656 0.023333
48 0.797917 0.312963 0.038333 0.068148
220 0.571875 0.734259 0.025000 0.044444
313 0.596875 0.734259 0.025000 0.044444
76 0.650000 0.495370 0.166667 0.388889
20 0.650000 0.706481 0.175000 0.023333
48 0.650000 0.271296 0.038333 0.068148
