502 0.448594 0.925926 0.124215 0.300456
180 0.557969 0.925926 0.124152 0.300376
8 0.033333 0.094444 0.037500 0.066667
163 0.070833 0.094444 0.037500 0.066667
37 0.108333 0.094444 0.037500 0.066667
173 0.145833 0.094444 0.037500 0.066667
91 0.183333 0.094444 0.037500 0.066667
33 0.220833 0.094444 0.037500 0.066667
184 0.258333 0.094444 0.037500 0.066667
92 0.295833 0.094444 0.037500 0.066667
36 0.333333 0.094444 0.037500 0.066667
36 0.370833 0.094444 0.037500 0.066667
28 0.408333 0.094444 0.037500 0.066667
68 0.334375 0.027778 0.033333 0.059259
95 0.363542 0.027778 0.033333 0.059259
200 0.392708 0.027778 0.033333 0.059259
12 0.421875 0.027778 0.033333 0.059259
324 0.451042 0.027778 0.033333 0.059259
14 0.247917 0.565741 0.114583 0.268519
15 0.247917 0.716667 0.120312 0.023333
454 0.195833 0.744444 0.025000 0.044444
49 0.758854 0.725000 0.025000 0.044444
168 0.783854 0.725000 0.025000 0.044444
476 0.850000 0.523148 0.192708 0.314815
20 0.850000 0.697222 0.202344 0.023333
48 0.850000 0.336111 0.038333 0.068148
