651 0.448594 0.925926 0.124215 0.300456
283 0.557969 0.925926 0.124152 0.300376
33 0.033333 0.094444 0.037500 0.066667
93 0.070833 0.094444 0.037500 0.066667
6 0.108333 0.094444 0.037500 0.066667
130 0.145833 0.094444 0.037500 0.066667
36 0.183333 0.094444 0.037500 0.066667
67 0.220833 0.094444 0.037500 0.066667
254 0.334375 0.027778 0.033333 0.059259
186 0.363542 0.027778 0.033333 0.059259
39 0.392708 0.027778 0.033333 0.059259
185 0.421875 0.027778 0.033333 0.059259
39 0.451042 0.027778 0.033333 0.059259
14 0.247917 0.565741 0.114583 0.268519
15 0.247917 0.716667 0.120312 0.023333
155 0.195833 0.744444 0.025000 0.044444
273 0.220833 0.744444 0.025000 0.044444
203 0.751042 0.743519 0.025000 0.044444
408 0.776042 0.743519 0.025000 0.044444
401 0.801042 0.743519 0.025000 0.044444
202 0.826042 0.743519 0.025000 0.044444
338 0.850000 0.509259 0.208333 0.379630
20 0.850000 0.715741 0.218750 0.023333
170 0.850000 0.289815 0.038333 0.068148
402 0.543229 0.748148 0.025000 0.044444
358 0.650000 0.537037 0.223958 0.333333
20 0.650000 0.720370 0.235156 0.023333
21 0.650000 0.340741 0.038333 0.068148
175 0.340625 0.739815 0.025000 0.044444
275 0.365625 0.739815 0.025000 0.044444
446 0.452604 0.551852 0.234375 0.287037
20 0.452604 0.712037 0.246094 0.023333
48 0.452604 0.378704 0.038333 0.068148
