623 0.237500 1.000000 0.155649 0.335641
180 0.314063 0.968783 0.143917 0.323435
88 0.401563 0.945767 0.131037 0.308710
247 0.500000 0.931481 0.117188 0.291667
499 0.598437 0.945767 0.130975 0.308631
473 0.685938 0.968783 0.143855 0.323357
652 0.762500 1.000000 0.155588 0.335564
199 0.033333 0.094444 0.037500 0.066667
132 0.070833 0.094444 0.037500 0.066667
110 0.108333 0.094444 0.037500 0.066667
29 0.145833 0.094444 0.037500 0.066667
30 0.183333 0.094444 0.037500 0.066667
132 0.220833 0.094444 0.037500 0.066667
94 0.258333 0.094444 0.037500 0.066667
108 0.295833 0.094444 0.037500 0.066667
65 0.333333 0.094444 0.037500 0.066667
108 0.370833 0.094444 0.037500 0.066667
184 0.408333 0.094444 0.037500 0.066667
109 0.445833 0.094444 0.037500 0.066667
6 0.483333 0.094444 0.037500 0.066667
31 0.520833 0.094444 0.037500 0.066667
91 0.558333 0.094444 0.037500 0.066667
132 0.595833 0.094444 0.037500 0.066667
94 0.633333 0.094444 0.037500 0.066667
108 0.670833 0.094444 0.037500 0.066667
66 0.708333 0.094444 0.037500 0.066667
94 0.745833 0.094444 0.037500 0.066667
95 0.334375 0.027778 0.033333 0.059259
113 0.363542 0.027778 0.033333 0.059259
10 0.392708 0.027778 0.033333 0.059259
254 0.421875 0.027778 0.033333 0.059259
144 0.451042 0.027778 0.033333 0.059259
14 0.247917 0.565741 0.114583 0.268519
15 0.247917 0.716667 0.120312 0.023333
44 0.195833 0.744444 0.025000 0.044444
313 0.220833 0.744444 0.025000 0.044444
188 0.245833 0.744444 0.025000 0.044444
73 0.270833 0.744444 0.025000 0.044444
148 0.810938 0.720681 0.025000 0.044444
275 0.835938 0.720681 0.025000 0.044444
293 0.860937 0.720681 0.025000 0.044444
242 0.885938 0.720681 0.025000 0.044444
608 0.850000 0.616052 0.088542 0.120370
20 0.850000 0.692903 0.092969 0.023333
82 0.850000 0.526237 0.038333 0.068148
435 0.642187 0.728704 0.025000 0.044444
215 0.667188 0.728704 0.025000 0.044444
396 0.670833 0.600926 0.067708 0.166667
20 0.670833 0.700926 0.071094 0.023333
158 0.670833 0.487963 0.038333 0.068148
