495 0.226563 1.000000 0.153046 0.323776
439 0.300938 0.968750 0.142404 0.313332
193 0.379687 0.943287 0.130728 0.300556
127 0.458438 0.925926 0.118005 0.285433
436 0.541562 0.925926 0.117945 0.285357
437 0.620313 0.943287 0.130669 0.300481
537 0.693594 0.968750 0.142346 0.313258
85 0.773438 1.000000 0.152989 0.323704
163 0.033333 0.094444 0.037500 0.066667
29 0.070833 0.094444 0.037500 0.066667
4 0.108333 0.094444 0.037500 0.066667
110 0.145833 0.094444 0.037500 0.066667
34 0.183333 0.094444 0.037500 0.066667
66 0.220833 0.094444 0.037500 0.066667
92 0.258333 0.094444 0.037500 0.066667
9 0.334375 0.027778 0.033333 0.059259
355 0.363542 0.027778 0.033333 0.059259
272 0.392708 0.027778 0.033333 0.059259
13 0.421875 0.027778 0.033333 0.059259
13 0.451042 0.027778 0.033333 0.059259
14 0.247917 0.565741 0.114583 0.268519
15 0.247917 0.716667 0.120312 0.023333
369 0.195833 0.744444 0.025000 0.044444
153 0.220833 0.744444 0.025000 0.044444
114 0.245833 0.744444 0.025000 0.044444
337 0.270833 0.744444 0.025000 0.044444
239 0.774479 0.725926 0.025000 0.044444
367 0.799479 0.725926 0.025000 0.044444
118 0.824479 0.725926 0.025000 0.044444
279 0.860417 0.561111 0.182292 0.240741
20 0.860417 0.698148 0.191406 0.023333
48 0.860417 0.411111 0.038333 0.068148
268 0.382813 0.734259 0.025000 0.044444
188 0.407813 0.734259 0.025000 0.044444
274 0.432813 0.734259 0.025000 0.044444
18 0.457812 0.734259 0.025000 0.044444
485 0.442708 0.537037 0.130208 0.305556
20 0.442708 0.706481 0.136719 0.023333
72 0.442708 0.354630 0.038333 0.068148
369 0.605729 0.738889 0.025000 0.044444
55 0.630729 0.738889 0.025000 0.044444
329 0.647396 0.564815 0.093750 0.259259
20 0.647396 0.711111 0.098437 0.023333
21 0.647396 0.405556 0.038333 0.068148
