245 0.314063 0.986111 0.143917 0.323435
575 0.401563 0.953704 0.131037 0.308710
395 0.500000 0.935185 0.117188 0.291667
22 0.598437 0.953704 0.130975 0.308631
322 0.685938 0.986111 0.143855 0.323357
32 0.033333 0.094444 0.037500 0.066667
29 0.070833 0.094444 0.037500 0.066667
129 0.108333 0.094444 0.037500 0.066667
65 0.145833 0.094444 0.037500 0.066667
184 0.183333 0.094444 0.037500 0.066667
184 0.220833 0.094444 0.037500 0.066667
94 0.258333 0.094444 0.037500 0.066667
64 0.295833 0.094444 0.037500 0.066667
92 0.333333 0.094444 0.037500 0.066667
30 0.370833 0.094444 0.037500 0.066667
67 0.408333 0.094444 0.037500 0.066667
109 0.445833 0.094444 0.037500 0.066667
131 0.483333 0.094444 0.037500 0.066667
29 0.520833 0.094444 0.037500 0.066667
93 0.558333 0.094444 0.037500 0.066667
304 0.334375 0.027778 0.033333 0.059259
13 0.363542 0.027778 0.033333 0.059259
13 0.392708 0.027778 0.033333 0.059259
13 0.421875 0.027778 0.033333 0.059259
13 0.451042 0.027778 0.033333 0.059259
14 0.247917 0.565741 0.114583 0.268519
15 0.247917 0.716667 0.120312 0.023333
201 0.195833 0.744444 0.025000 0.044444
187 0.726042 0.729630 0.025000 0.044444
240 0.751042 0.729630 0.025000 0.044444
282 0.844792 0.495370 0.247917 0.379630
20 0.844792 0.701852 0.260312 0.023333
592 0.844792 0.275926 0.038333 0.068148
