573 0.226563 1.000000 0.153046 0.323776
511 0.300938 0.968750 0.142404 0.313332
459 0.379687 0.943287 0.130728 0.300556
442 0.458438 0.925926 0.118005 0.285433
453 0.541562 0.925926 0.117945 0.285357
339 0.620313 0.943287 0.130669 0.300481
317 0.693594 0.968750 0.142346 0.313258
568 0.773438 1.000000 0.152989 0.323704
66 0.033333 0.094444 0.037500 0.066667
173 0.070833 0.094444 0.037500 0.066667
66 0.108333 0.094444 0.037500 0.066667
29 0.145833 0.094444 0.037500 0.066667
254 0.334375 0.027778 0.033333 0.059259
143 0.363542 0.027778 0.033333 0.059259
272 0.392708 0.027778 0.033333 0.059259
13 0.421875 0.027778 0.033333 0.059259
13 0.451042 0.027778 0.033333 0.059259
14 0.247917 0.565741 0.114583 0.268519
15 0.247917 0.716667 0.120312 0.023333
146 0.195833 0.744444 0.025000 0.044444
227 0.574479 0.725926 0.025000 0.044444
279 0.660417 0.561111 0.182292 0.240741
20 0.660417 0.698148 0.191406 0.023333
280 0.660417 0.411111 0.038333 0.068148
228 0.382813 0.734259 0.025000 0.044444
118 0.407813 0.734259 0.025000 0.044444
485 0.442708 0.537037 0.130208 0.305556
20 0.442708 0.706481 0.136719 0.023333
72 0.442708 0.354630 0.038333 0.068148
307 0.740625 0.739815 0.025000 0.044444
242 0.765625 0.739815 0.025000 0.044444
446 0.852604 0.551852 0.234375 0.287037
20 0.852604 0.712037 0.246094 0.023333
48 0.852604 0.378704 0.038333 0.068148
