395 0.226563 1.000000 0.153046 0.323776
653 0.300938 0.968750 0.142404 0.313332
386 0.379687 0.943287 0.130728 0.300556
513 0.458438 0.925926 0.118005 0.285433
543 0.541562 0.925926 0.117945 0.285357
316 0.620313 0.943287 0.130669 0.300481
419 0.693594 0.968750 0.142346 0.313258
298 0.773438 1.000000 0.152989 0.323704
28 0.033333 0.094444 0.037500 0.066667
10 0.334375 0.027778 0.033333 0.059259
96 0.363542 0.027778 0.033333 0.059259
9 0.392708 0.027778 0.033333 0.059259
303 0.421875 0.027778 0.033333 0.059259
200 0.451042 0.027778 0.033333 0.059259
14 0.247917 0.565741 0.114583 0.268519
15 0.247917 0.716667 0.120312 0.023333
415 0.195833 0.744444 0.025000 0.044444
77 0.220833 0.744444 0.025000 0.044444
481 0.582812 0.734259 0.025000 0.044444
485 0.642708 0.537037 0.130208 0.305556
20 0.642708 0.706481 0.136719 0.023333
48 0.642708 0.354630 0.038333 0.068148
454 0.784896 0.641667 0.025000 0.044444
205 0.809896 0.641667 0.025000 0.044444
469 0.834896 0.641667 0.025000 0.044444
157 0.857813 0.416667 0.156250 0.361111
20 0.857813 0.613889 0.164063 0.023333
158 0.857813 0.206481 0.038333 0.068148
414 0.353646 0.725926 0.025000 0.044444
243 0.450000 0.500926 0.203125 0.361111
20 0.450000 0.698148 0.213281 0.023333
170 0.450000 0.290741 0.038333 0.068148
