245 0.448594 0.925926 0.124215 0.300456
577 0.557969 0.925926 0.124152 0.300376
7 0.033333 0.094444 0.037500 0.066667
64 0.070833 0.094444 0.037500 0.066667
28 0.108333 0.094444 0.037500 0.066667
36 0.145833 0.094444 0.037500 0.066667
107 0.183333 0.094444 0.037500 0.066667
108 0.220833 0.094444 0.037500 0.066667
109 0.258333 0.094444 0.037500 0.066667
5 0.295833 0.094444 0.037500 0.066667
173 0.333333 0.094444 0.037500 0.066667
91 0.370833 0.094444 0.037500 0.066667
36 0.408333 0.094444 0.037500 0.066667
107 0.445833 0.094444 0.037500 0.066667
36 0.483333 0.094444 0.037500 0.066667
130 0.520833 0.094444 0.037500 0.066667
91 0.558333 0.094444 0.037500 0.066667
66 0.595833 0.094444 0.037500 0.066667
184 0.633333 0.094444 0.037500 0.066667
91 0.670833 0.094444 0.037500 0.066667
110 0.708333 0.094444 0.037500 0.066667
144 0.334375 0.027778 0.033333 0.059259
145 0.363542 0.027778 0.033333 0.059259
254 0.392708 0.027778 0.033333 0.059259
200 0.421875 0.027778 0.033333 0.059259
377 0.451042 0.027778 0.033333 0.059259
14 0.247917 0.565741 0.114583 0.268519
15 0.247917 0.716667 0.120312 0.023333
52 0.195833 0.744444 0.025000 0.044444
215 0.220833 0.744444 0.025000 0.044444
371 0.245833 0.744444 0.025000 0.044444
305 0.270833 0.744444 0.025000 0.044444
270 0.610937 0.729630 0.025000 0.044444
164 0.635938 0.729630 0.025000 0.044444
117 0.660937 0.729630 0.025000 0.044444
405 0.650000 0.578704 0.088542 0.212963
20 0.650000 0.701852 0.092969 0.023333
170 0.650000 0.442593 0.038333 0.068148
49 0.803125 0.729630 0.025000 0.044444
524 0.828125 0.729630 0.025000 0.044444
531 0.850000 0.583333 0.104167 0.203704
20 0.850000 0.701852 0.109375 0.023333
48 0.850000 0.451852 0.038333 0.068148
