562 0.270312 0.986111 0.149899 0.329824
430 0.357812 0.949074 0.137609 0.316375
652 0.452969 0.925926 0.124215 0.300456
361 0.547031 0.925926 0.124152 0.300376
389 0.642187 0.949074 0.137546 0.316296
85 0.729688 0.986111 0.149838 0.329746
33 0.033333 0.094444 0.037500 0.066667
94 0.070833 0.094444 0.037500 0.066667
108 0.108333 0.094444 0.037500 0.066667
131 0.145833 0.094444 0.037500 0.066667
10 0.334375 0.027778 0.033333 0.059259
303 0.363542 0.027778 0.033333 0.059259
13 0.392708 0.027778 0.033333 0.059259
13 0.421875 0.027778 0.033333 0.059259
13 0.451042 0.027778 0.033333 0.059259
14 0.247917 0.565741 0.114583 0.268519
15 0.247917 0.716667 0.120312 0.023333
203 0.195833 0.744444 0.025000 0.044444
314 0.220833 0.744444 0.025000 0.044444
115 0.245833 0.744444 0.025000 0.044444
101 0.748438 0.738889 0.025000 0.044444
169 0.813542 0.518519 0.140625 0.351852
20 0.813542 0.711111 0.147656 0.023333
48 0.797917 0.312963 0.038333 0.068148
