478 0.448594 0.925926 0.124215 0.300456
564 0.557969 0.925926 0.124152 0.300376
163 0.033333 0.094444 0.037500 0.066667
29 0.070833 0.094444 0.037500 0.066667
6 0.108333 0.094444 0.037500 0.066667
109 0.145833 0.094444 0.037500 0.066667
32 0.183333 0.094444 0.037500 0.066667
108 0.220833 0.094444 0.037500 0.066667
6 0.258333 0.094444 0.037500 0.066667
4 0.295833 0.094444 0.037500 0.066667
7 0.333333 0.094444 0.037500 0.066667
33 0.370833 0.094444 0.037500 0.066667
254 0.334375 0.027778 0.033333 0.059259
13 0.363542 0.027778 0.033333 0.059259
13 0.392708 0.027778 0.033333 0.059259
13 0.421875 0.027778 0.033333 0.059259
13 0.451042 0.027778 0.033333 0.059259
14 0.247917 0.565741 0.114583 0.268519
15 0.247917 0.716667 0.120312 0.023333
204 0.195833 0.744444 0.025000 0.044444
270 0.220833 0.744444 0.025000 0.044444
378 0.245833 0.744444 0.025000 0.044444
241 0.270833 0.744444 0.025000 0.044444
104 0.791146 0.729630 0.025000 0.044444
44 0.816146 0.729630 0.025000 0.044444
221 0.845833 0.574074 0.119792 0.222222
20 0.845833 0.701852 0.125781 0.023333
48 0.845833 0.433333 0.038333 0.068148
215 0.608333 0.711111 0.025000 0.044444
371 0.633333 0.711111 0.025000 0.044444
178 0.658333 0.711111 0.025000 0.044444
77 0.683333 0.711111 0.025000 0.044444
47 0.650000 0.601852 0.093750 0.129630
20 0.650000 0.683333 0.098437 0.023333
82 0.650000 0.507407 0.038333 0.068148
187 0.384896 0.738889 0.025000 0.044444
114 0.409896 0.738889 0.025000 0.044444
53 0.450000 0.509259 0.140625 0.370370
20 0.450000 0.711111 0.147656 0.023333
331 0.450000 0.294444 0.038333 0.068148
