300 0.448594 0.925926 0.124215 0.300456
142 0.557969 0.925926 0.124152 0.300376
107 0.033333 0.094444 0.037500 0.066667
65 0.070833 0.094444 0.037500 0.066667
34 0.108333 0.094444 0.037500 0.066667
91 0.145833 0.094444 0.037500 0.066667
272 0.334375 0.027778 0.033333 0.059259
13 0.363542 0.027778 0.033333 0.059259
13 0.392708 0.027778 0.033333 0.059259
13 0.421875 0.027778 0.033333 0.059259
13 0.451042 0.027778 0.033333 0.059259
14 0.247917 0.565741 0.114583 0.268519
15 0.247917 0.716667 0.120312 0.023333
277 0.195833 0.744444 0.025000 0.044444
45 0.220833 0.744444 0.025000 0.044444
16 0.810938 0.729630 0.025000 0.044444
405 0.850000 0.578704 0.088542 0.212963
20 0.850000 0.701852 0.092969 0.023333
170 0.850000 0.442593 0.038333 0.068148
