499 0.270312 0.986111 0.149899 0.329824
537 0.357812 0.949074 0.137609 0.316375
468 0.452969 0.925926 0.124215 0.300456
562 0.547031 0.925926 0.124152 0.300376
85 0.642187 0.949074 0.137546 0.316296
247 0.729688 0.986111 0.149838 0.329746
109 0.033333 0.094444 0.037500 0.066667
4 0.070833 0.094444 0.037500 0.066667
184 0.108333 0.094444 0.037500 0.066667
28 0.145833 0.094444 0.037500 0.066667
93 0.183333 0.094444 0.037500 0.066667
199 0.220833 0.094444 0.037500 0.066667
131 0.258333 0.094444 0.037500 0.066667
64 0.295833 0.094444 0.037500 0.066667
5 0.333333 0.094444 0.037500 0.066667
65 0.370833 0.094444 0.037500 0.066667
130 0.408333 0.094444 0.037500 0.066667
6 0.445833 0.094444 0.037500 0.066667
303 0.334375 0.027778 0.033333 0.059259
11 0.363542 0.027778 0.033333 0.059259
10 0.392708 0.027778 0.033333 0.059259
324 0.421875 0.027778 0.033333 0.059259
13 0.451042 0.027778 0.033333 0.059259
14 0.247917 0.565741 0.114583 0.268519
15 0.247917 0.716667 0.120312 0.023333
56 0.195833 0.744444 0.025000 0.044444
258 0.387500 0.716667 0.025000 0.044444
527 0.412500 0.716667 0.025000 0.044444
348 0.450000 0.593518 0.135417 0.157407
20 0.450000 0.688889 0.142188 0.023333
216 0.450000 0.485185 0.038333 0.068148
256 0.571875 0.734259 0.025000 0.044444
118 0.596875 0.734259 0.025000 0.044444
314 0.621875 0.734259 0.025000 0.044444
149 0.650000 0.587963 0.166667 0.203704
20 0.650000 0.706481 0.175000 0.023333
150 0.650000 0.456481 0.038333 0.068148
215 0.784896 0.641667 0.025000 0.044444
157 0.857813 0.416667 0.156250 0.361111
20 0.857813 0.613889 0.164063 0.023333
158 0.857813 0.206481 0.038333 0.068148
