640 0.500000 0.925926 0.117188 0.291667
30 0.033333 0.094444 0.037500 0.066667
28 0.070833 0.094444 0.037500 0.066667
65 0.108333 0.094444 0.037500 0.066667
129 0.145833 0.094444 0.037500 0.066667
94 0.183333 0.094444 0.037500 0.066667
29 0.220833 0.094444 0.037500 0.066667
132 0.258333 0.094444 0.037500 0.066667
28 0.295833 0.094444 0.037500 0.066667
8 0.333333 0.094444 0.037500 0.066667
67 0.370833 0.094444 0.037500 0.066667
30 0.408333 0.094444 0.037500 0.066667
91 0.445833 0.094444 0.037500 0.066667
131 0.483333 0.094444 0.037500 0.066667
32 0.520833 0.094444 0.037500 0.066667
94 0.558333 0.094444 0.037500 0.066667
112 0.334375 0.027778 0.033333 0.059259
10 0.363542 0.027778 0.033333 0.059259
9 0.392708 0.027778 0.033333 0.059259
13 0.421875 0.027778 0.033333 0.059259
13 0.451042 0.027778 0.033333 0.059259
14 0.247917 0.565741 0.114583 0.268519
15 0.247917 0.716667 0.120312 0.023333
124 0.195833 0.744444 0.025000 0.044444
306 0.551042 0.731481 0.025000 0.044444
277 0.576042 0.731481 0.025000 0.044444
19 0.650000 0.525000 0.208333 0.324074
20 0.650000 0.703704 0.218750 0.023333
21 0.650000 0.333333 0.038333 0.068148
275 0.842188 0.728704 0.025000 0.044444
187 0.867188 0.728704 0.025000 0.044444
447 0.892187 0.728704 0.025000 0.044444
469 0.917188 0.728704 0.025000 0.044444
396 0.870833 0.600926 0.067708 0.166667
20 0.870833 0.700926 0.071094 0.023333
158 0.870833 0.487963 0.038333 0.068148
97 0.418750 0.706481 0.025000 0.044444
424 0.443750 0.706481 0.025000 0.044444
299 0.468750 0.706481 0.025000 0.044444
57 0.450000 0.601852 0.072917 0.120370
20 0.450000 0.678704 0.076563 0.023333
48 0.450000 0.512037 0.038333 0.068148
