183 0.401563 0.953704 0.131037 0.308710
512 0.500000 0.925926 0.117188 0.291667
561 0.598437 0.953704 0.130975 0.308631
35 0.033333 0.094444 0.037500 0.066667
108 0.070833 0.094444 0.037500 0.066667
67 0.108333 0.094444 0.037500 0.066667
6 0.145833 0.094444 0.037500 0.066667
67 0.183333 0.094444 0.037500 0.066667
130 0.220833 0.094444 0.037500 0.066667
32 0.258333 0.094444 0.037500 0.066667
163 0.295833 0.094444 0.037500 0.066667
7 0.333333 0.094444 0.037500 0.066667
10 0.334375 0.027778 0.033333 0.059259
39 0.363542 0.027778 0.033333 0.059259
144 0.392708 0.027778 0.033333 0.059259
13 0.421875 0.027778 0.033333 0.059259
13 0.451042 0.027778 0.033333 0.059259
14 0.247917 0.565741 0.114583 0.268519
15 0.247917 0.716667 0.120312 0.023333
202 0.195833 0.744444 0.025000 0.044444
73 0.220833 0.744444 0.025000 0.044444
356 0.245833 0.744444 0.025000 0.044444
258 0.270833 0.744444 0.025000 0.044444
313 0.408333 0.725000 0.025000 0.044444
222 0.433333 0.725000 0.025000 0.044444
47 0.450000 0.615741 0.093750 0.129630
20 0.450000 0.697222 0.098437 0.023333
48 0.450000 0.521296 0.038333 0.068148
54 0.587500 0.729630 0.025000 0.044444
137 0.612500 0.729630 0.025000 0.044444
45 0.637500 0.729630 0.025000 0.044444
166 0.650000 0.606481 0.135417 0.157407
20 0.650000 0.701852 0.142188 0.023333
331 0.650000 0.498148 0.038333 0.068148
41 0.784896 0.641667 0.025000 0.044444
241 0.809896 0.641667 0.025000 0.044444
201 0.834896 0.641667 0.025000 0.044444
277 0.859896 0.641667 0.025000 0.044444
157 0.857813 0.416667 0.156250 0.361111
20 0.857813 0.613889 0.164063 0.023333
158 0.857813 0.206481 0.038333 0.068148
