458 0.401563 0.953704 0.131037 0.308710
231 0.500000 0.925926 0.117188 0.291667
411 0.598437 0.953704 0.130975 0.308631
7 0.033333 0.094444 0.037500 0.066667
109 0.070833 0.094444 0.037500 0.066667
5 0.108333 0.094444 0.037500 0.066667
132 0.145833 0.094444 0.037500 0.066667
91 0.183333 0.094444 0.037500 0.066667
199 0.220833 0.094444 0.037500 0.066667
184 0.258333 0.094444 0.037500 0.066667
6 0.295833 0.094444 0.037500 0.066667
67 0.333333 0.094444 0.037500 0.066667
238 0.334375 0.027778 0.033333 0.059259
272 0.363542 0.027778 0.033333 0.059259
13 0.392708 0.027778 0.033333 0.059259
13 0.421875 0.027778 0.033333 0.059259
13 0.451042 0.027778 0.033333 0.059259
14 0.247917 0.565741 0.114583 0.268519
15 0.247917 0.716667 0.120312 0.023333
406 0.195833 0.744444 0.025000 0.044444
46 0.220833 0.744444 0.025000 0.044444
18 0.410937 0.720681 0.025000 0.044444
204 0.435937 0.720681 0.025000 0.044444
337 0.460938 0.720681 0.025000 0.044444
608 0.450000 0.616052 0.088542 0.120370
20 0.450000 0.692903 0.092969 0.023333
170 0.450000 0.526237 0.038333 0.068148
114 0.784896 0.738889 0.025000 0.044444
242 0.809896 0.738889 0.025000 0.044444
201 0.834896 0.738889 0.025000 0.044444
390 0.859896 0.738889 0.025000 0.044444
53 0.850000 0.509259 0.140625 0.370370
20 0.850000 0.711111 0.147656 0.023333
331 0.850000 0.294444 0.038333 0.068148
137 0.618750 0.706481 0.025000 0.044444
57 0.650000 0.601852 0.072917 0.120370
20 0.650000 0.678704 0.076563 0.023333
48 0.650000 0.512037 0.038333 0.068148
