552 0.351250 0.960648 0.137609 0.316375
461 0.449688 0.935185 0.124215 0.300456
181 0.550312 0.935185 0.124152 0.300376
341 0.648750 0.960648 0.137546 0.316296
110 0.033333 0.094444 0.037500 0.066667
129 0.070833 0.094444 0.037500 0.066667
93 0.108333 0.094444 0.037500 0.066667
130 0.145833 0.094444 0.037500 0.066667
65 0.183333 0.094444 0.037500 0.066667
129 0.220833 0.094444 0.037500 0.066667
130 0.258333 0.094444 0.037500 0.066667
12 0.334375 0.027778 0.033333 0.059259
355 0.363542 0.027778 0.033333 0.059259
303 0.392708 0.027778 0.033333 0.059259
145 0.421875 0.027778 0.033333 0.059259
95 0.451042 0.027778 0.033333 0.059259
14 0.247917 0.565741 0.114583 0.268519
15 0.247917 0.716667 0.120312 0.023333
447 0.195833 0.744444 0.025000 0.044444
390 0.220833 0.744444 0.025000 0.044444
155 0.535417 0.729630 0.025000 0.044444
176 0.560417 0.729630 0.025000 0.044444
165 0.585417 0.729630 0.025000 0.044444
208 0.650000 0.546296 0.239583 0.277778
20 0.650000 0.701852 0.251562 0.023333
48 0.650000 0.377778 0.038333 0.068148
259 0.753646 0.729630 0.025000 0.044444
383 0.850000 0.504630 0.203125 0.361111
20 0.850000 0.701852 0.213281 0.023333
216 0.850000 0.294444 0.038333 0.068148
