353 0.314063 0.986111 0.143917 0.323435
629 0.401563 0.953704 0.131037 0.308710
622 0.500000 0.935185 0.117188 0.291667
605 0.598437 0.953704 0.130975 0.308631
630 0.685938 0.986111 0.143855 0.323357
164 0.033333 0.094444 0.037500 0.066667
97 0.070833 0.094444 0.037500 0.066667
48 0.108333 0.094444 0.037500 0.066667
162 0.145833 0.094444 0.037500 0.066667
137 0.183333 0.094444 0.037500 0.066667
162 0.220833 0.094444 0.037500 0.066667
163 0.258333 0.094444 0.037500 0.066667
45 0.295833 0.094444 0.037500 0.066667
116 0.333333 0.094444 0.037500 0.066667
287 0.370833 0.094444 0.037500 0.066667
77 0.408333 0.094444 0.037500 0.066667
188 0.445833 0.094444 0.037500 0.066667
101 0.334375 0.027778 0.033333 0.059259
78 0.363542 0.027778 0.033333 0.059259
416 0.392708 0.027778 0.033333 0.059259
120 0.421875 0.027778 0.033333 0.059259
421 0.451042 0.027778 0.033333 0.059259
14 0.247917 0.565741 0.114583 0.268519
15 0.247917 0.716667 0.120312 0.023333
431 0.195833 0.744444 0.025000 0.044444
110 0.220833 0.744444 0.025000 0.044444
194 0.245833 0.744444 0.025000 0.044444
237 0.610937 0.729630 0.025000 0.044444
168 0.650000 0.578704 0.088542 0.212963
23 0.650000 0.701852 0.092969 0.023333
61 0.650000 0.442593 0.038333 0.068148
125 0.348437 0.738889 0.025000 0.044444
382 0.413542 0.518519 0.140625 0.351852
23 0.413542 0.711111 0.147656 0.023333
57 0.397917 0.312963 0.038333 0.068148
447 0.771875 0.734259 0.025000 0.044444
551 0.850000 0.587963 0.166667 0.203704
23 0.850000 0.706481 0.175000 0.023333
552 0.850000 0.456481 0.038333 0.068148
