312 0.270312 0.986111 0.149899 0.329824
404 0.357812 0.949074 0.137609 0.316375
630 0.452969 0.925926 0.124215 0.300456
376 0.547031 0.925926 0.124152 0.300376
532 0.642187 0.949074 0.137546 0.316296
436 0.729688 0.986111 0.149838 0.329746
6 0.033333 0.094444 0.037500 0.066667
109 0.070833 0.094444 0.037500 0.066667
130 0.108333 0.094444 0.037500 0.066667
91 0.145833 0.094444 0.037500 0.066667
34 0.183333 0.094444 0.037500 0.066667
7 0.220833 0.094444 0.037500 0.066667
163 0.258333 0.094444 0.037500 0.066667
93 0.295833 0.094444 0.037500 0.066667
34 0.333333 0.094444 0.037500 0.066667
107 0.370833 0.094444 0.037500 0.066667
9 0.334375 0.027778 0.033333 0.059259
68 0.363542 0.027778 0.033333 0.059259
13 0.392708 0.027778 0.033333 0.059259
13 0.421875 0.027778 0.033333 0.059259
13 0.451042 0.027778 0.033333 0.059259
14 0.247917 0.565741 0.114583 0.268519
15 0.247917 0.716667 0.120312 0.023333
314 0.195833 0.744444 0.025000 0.044444
17 0.220833 0.744444 0.025000 0.044444
296 0.245833 0.744444 0.025000 0.044444
327 0.270833 0.744444 0.025000 0.044444
136 0.592708 0.645113 0.025000 0.044444
97 0.617708 0.645113 0.025000 0.044444
140 0.650000 0.517335 0.125000 0.166667
20 0.650000 0.617335 0.131250 0.023333
48 0.650000 0.404372 0.038333 0.068148
227 0.764063 0.751852 0.025000 0.044444
306 0.789063 0.751852 0.025000 0.044444
277 0.814062 0.751852 0.025000 0.044444
153 0.839063 0.751852 0.025000 0.044444
590 0.850000 0.540741 0.182292 0.333333
20 0.850000 0.724074 0.191406 0.023333
21 0.850000 0.344444 0.038333 0.068148
