537 0.237500 1.000000 0.155649 0.335641
540 0.314063 0.968783 0.143917 0.323435
209 0.401563 0.945767 0.131037 0.308710
459 0.500000 0.931481 0.117188 0.291667
572 0.598437 0.945767 0.130975 0.308631
361 0.685938 0.968783 0.143855 0.323357
398 0.762500 1.000000 0.155588 0.335564
64 0.033333 0.094444 0.037500 0.066667
110 0.070833 0.094444 0.037500 0.066667
36 0.108333 0.094444 0.037500 0.066667
93 0.145833 0.094444 0.037500 0.066667
199 0.183333 0.094444 0.037500 0.066667
199 0.220833 0.094444 0.037500 0.066667
173 0.258333 0.094444 0.037500 0.066667
34 0.295833 0.094444 0.037500 0.066667
163 0.333333 0.094444 0.037500 0.066667
94 0.370833 0.094444 0.037500 0.066667
66 0.408333 0.094444 0.037500 0.066667
132 0.445833 0.094444 0.037500 0.066667
66 0.483333 0.094444 0.037500 0.066667
67 0.520833 0.094444 0.037500 0.066667
8 0.558333 0.094444 0.037500 0.066667
64 0.595833 0.094444 0.037500 0.066667
6 0.633333 0.094444 0.037500 0.066667
92 0.670833 0.094444 0.037500 0.066667
336 0.334375 0.027778 0.033333 0.059259
143 0.363542 0.027778 0.033333 0.059259
186 0.392708 0.027778 0.033333 0.059259
9 0.421875 0.027778 0.033333 0.059259
113 0.451042 0.027778 0.033333 0.059259
14 0.247917 0.565741 0.114583 0.268519
15 0.247917 0.716667 0.120312 0.023333
99 0.195833 0.744444 0.025000 0.044444
295 0.782812 0.734259 0.025000 0.044444
402 0.807813 0.734259 0.025000 0.044444
281 0.832812 0.734259 0.025000 0.044444
485 0.842708 0.537037 0.130208 0.305556
20 0.842708 0.706481 0.136719 0.023333
72 0.842708 0.354630 0.038333 0.068148
152 0.584896 0.738889 0.025000 0.044444
240 0.609896 0.738889 0.025000 0.044444
270 0.634896 0.738889 0.025000 0.044444
53 0.650000 0.509259 0.140625 0.370370
20 0.650000 0.711111 0.147656 0.023333
331 0.650000 0.294444 0.038333 0.068148
99 0.418750 0.706481 0.025000 0.044444
116 0.443750 0.706481 0.025000 0.044444
147 0.468750 0.706481 0.025000 0.044444
292 0.493750 0.706481 0.025000 0.044444
57 0.450000 0.601852 0.072917 0.120370
20 0.450000 0.678704 0.076563 0.023333
48 0.450000 0.512037 0.038333 0.068148
