388 0.237500 1.000000 0.155649 0.335641
403 0.314063 0.968783 0.143917 0.323435
493 0.401563 0.945767 0.131037 0.308710
595 0.500000 0.931481 0.117188 0.291667
310 0.598437 0.945767 0.130975 0.308631
461 0.685938 0.968783 0.143855 0.323357
543 0.762500 1.000000 0.155588 0.335564
31 0.033333 0.094444 0.037500 0.066667
67 0.070833 0.094444 0.037500 0.066667
131 0.108333 0.094444 0.037500 0.066667
109 0.145833 0.094444 0.037500 0.066667
29 0.183333 0.094444 0.037500 0.066667
109 0.220833 0.094444 0.037500 0.066667
92 0.258333 0.094444 0.037500 0.066667
173 0.295833 0.094444 0.037500 0.066667
8 0.333333 0.094444 0.037500 0.066667
107 0.370833 0.094444 0.037500 0.066667
29 0.408333 0.094444 0.037500 0.066667
107 0.445833 0.094444 0.037500 0.066667
35 0.483333 0.094444 0.037500 0.066667
31 0.520833 0.094444 0.037500 0.066667
131 0.558333 0.094444 0.037500 0.066667
38 0.595833 0.094444 0.037500 0.066667
31 0.633333 0.094444 0.037500 0.066667
109 0.670833 0.094444 0.037500 0.066667
67 0.708333 0.094444 0.037500 0.066667
107 0.745833 0.094444 0.037500 0.066667
9 0.334375 0.027778 0.033333 0.059259
13 0.363542 0.027778 0.033333 0.059259
13 0.392708 0.027778 0.033333 0.059259
13 0.421875 0.027778 0.033333 0.059259
13 0.451042 0.027778 0.033333 0.059259
14 0.247917 0.565741 0.114583 0.268519
15 0.247917 0.716667 0.120312 0.023333
269 0.195833 0.744444 0.025000 0.044444
242 0.548437 0.729630 0.025000 0.044444
202 0.573438 0.729630 0.025000 0.044444
278 0.660417 0.476852 0.234375 0.416667
20 0.660417 0.701852 0.246094 0.023333
170 0.660417 0.238889 0.038333 0.068148
189 0.751042 0.731481 0.025000 0.044444
326 0.776042 0.731481 0.025000 0.044444
19 0.850000 0.525000 0.208333 0.324074
20 0.850000 0.703704 0.218750 0.023333
21 0.850000 0.333333 0.038333 0.068148
