232 0.182812 1.000000 0.145411 0.296825
413 0.237500 0.976852 0.136936 0.289694
631 0.303125 0.951852 0.127414 0.280350
85 0.379687 0.928704 0.116968 0.268919
484 0.456250 0.921296 0.105583 0.255387
453 0.543750 0.921296 0.105530 0.255319
354 0.620313 0.928704 0.116914 0.268851
372 0.696875 0.951852 0.127362 0.280284
648 0.762500 0.976852 0.136885 0.289630
438 0.817187 1.000000 0.145376 0.296799
30 0.033333 0.094444 0.037500 0.066667
6 0.070833 0.094444 0.037500 0.066667
64 0.108333 0.094444 0.037500 0.066667
32 0.145833 0.094444 0.037500 0.066667
110 0.183333 0.094444 0.037500 0.066667
173 0.220833 0.094444 0.037500 0.066667
65 0.258333 0.094444 0.037500 0.066667
30 0.295833 0.094444 0.037500 0.066667
92 0.333333 0.094444 0.037500 0.066667
130 0.370833 0.094444 0.037500 0.066667
29 0.408333 0.094444 0.037500 0.066667
65 0.445833 0.094444 0.037500 0.066667
108 0.483333 0.094444 0.037500 0.066667
92 0.520833 0.094444 0.037500 0.066667
107 0.558333 0.094444 0.037500 0.066667
111 0.334375 0.027778 0.033333 0.059259
200 0.363542 0.027778 0.033333 0.059259
200 0.392708 0.027778 0.033333 0.059259
113 0.421875 0.027778 0.033333 0.059259
355 0.451042 0.027778 0.033333 0.059259
14 0.247917 0.565741 0.114583 0.268519
15 0.247917 0.716667 0.120312 0.023333
356 0.195833 0.744444 0.025000 0.044444
454 0.220833 0.744444 0.025000 0.044444
155 0.245833 0.744444 0.025000 0.044444
401 0.603125 0.729630 0.025000 0.044444
135 0.628125 0.729630 0.025000 0.044444
268 0.653125 0.729630 0.025000 0.044444
347 0.678125 0.729630 0.025000 0.044444
531 0.650000 0.583333 0.104167 0.203704
20 0.650000 0.701852 0.109375 0.023333
48 0.650000 0.451852 0.038333 0.068148
120 0.410937 0.720681 0.025000 0.044444
134 0.435937 0.720681 0.025000 0.044444
152 0.460938 0.720681 0.025000 0.044444
608 0.450000 0.616052 0.088542 0.120370
20 0.450000 0.692903 0.092969 0.023333
170 0.450000 0.526237 0.038333 0.068148
176 0.764063 0.751852 0.025000 0.044444
469 0.789063 0.751852 0.025000 0.044444
265 0.814062 0.751852 0.025000 0.044444
296 0.839063 0.751852 0.025000 0.044444
590 0.850000 0.540741 0.182292 0.333333
20 0.850000 0.724074 0.191406 0.023333
48 0.850000 0.344444 0.038333 0.068148
