631 0.237500 1.000000 0.155649 0.335641
195 0.314063 0.968783 0.143917 0.323435
624 0.401563 0.945767 0.131037 0.308710
641 0.500000 0.931481 0.117188 0.291667
621 0.598437 0.945767 0.130975 0.308631
286 0.685938 0.968783 0.143855 0.323357
339 0.762500 1.000000 0.155588 0.335564
109 0.033333 0.094444 0.037500 0.066667
66 0.070833 0.094444 0.037500 0.066667
7 0.108333 0.094444 0.037500 0.066667
4 0.145833 0.094444 0.037500 0.066667
377 0.334375 0.027778 0.033333 0.059259
377 0.363542 0.027778 0.033333 0.059259
13 0.392708 0.027778 0.033333 0.059259
13 0.421875 0.027778 0.033333 0.059259
13 0.451042 0.027778 0.033333 0.059259
14 0.247917 0.565741 0.114583 0.268519
15 0.247917 0.716667 0.120312 0.023333
117 0.195833 0.744444 0.025000 0.044444
259 0.220833 0.744444 0.025000 0.044444
42 0.245833 0.744444 0.025000 0.044444
165 0.756250 0.734259 0.025000 0.044444
104 0.781250 0.734259 0.025000 0.044444
69 0.806250 0.734259 0.025000 0.044444
205 0.831250 0.734259 0.025000 0.044444
190 0.850000 0.555556 0.197917 0.268519
20 0.850000 0.706481 0.207812 0.023333
72 0.850000 0.391667 0.038333 0.068148
