611 0.226563 1.000000 0.153046 0.323776
439 0.300938 0.968750 0.142404 0.313332
320 0.379687 0.943287 0.130728 0.300556
620 0.458438 0.925926 0.118005 0.285433
271 0.541562 0.925926 0.117945 0.285357
318 0.620313 0.943287 0.130669 0.300481
499 0.693594 0.968750 0.142346 0.313258
638 0.773438 1.000000 0.152989 0.323704
66 0.033333 0.094444 0.037500 0.066667
6 0.070833 0.094444 0.037500 0.066667
65 0.108333 0.094444 0.037500 0.066667
31 0.145833 0.094444 0.037500 0.066667
32 0.183333 0.094444 0.037500 0.066667
33 0.220833 0.094444 0.037500 0.066667
32 0.258333 0.094444 0.037500 0.066667
30 0.295833 0.094444 0.037500 0.066667
4 0.333333 0.094444 0.037500 0.066667
130 0.370833 0.094444 0.037500 0.066667
163 0.408333 0.094444 0.037500 0.066667
336 0.334375 0.027778 0.033333 0.059259
95 0.363542 0.027778 0.033333 0.059259
355 0.392708 0.027778 0.033333 0.059259
324 0.421875 0.027778 0.033333 0.059259
13 0.451042 0.027778 0.033333 0.059259
14 0.247917 0.565741 0.114583 0.268519
15 0.247917 0.716667 0.120312 0.023333
259 0.195833 0.744444 0.025000 0.044444
79 0.220833 0.744444 0.025000 0.044444
240 0.245833 0.744444 0.025000 0.044444
99 0.270833 0.744444 0.025000 0.044444
42 0.421354 0.724074 0.025000 0.044444
276 0.446354 0.724074 0.025000 0.044444
260 0.450000 0.633333 0.067708 0.092593
20 0.450000 0.696296 0.071094 0.023333
48 0.450000 0.557407 0.038333 0.068148
455 0.605729 0.738889 0.025000 0.044444
134 0.630729 0.738889 0.025000 0.044444
176 0.655729 0.738889 0.025000 0.044444
329 0.647396 0.564815 0.093750 0.259259
20 0.647396 0.711111 0.098437 0.023333
21 0.647396 0.405556 0.038333 0.068148
204 0.725000 0.752778 0.025000 0.044444
325 0.750000 0.752778 0.025000 0.044444
16 0.775000 0.752778 0.025000 0.044444
226 0.800000 0.752778 0.025000 0.044444
397 0.844792 0.509259 0.250000 0.398148
20 0.844792 0.725000 0.262500 0.023333
48 0.844792 0.280556 0.038333 0.068148
