431 0.226563 1.000000 0.153046 0.323776
250 0.300938 0.968750 0.142404 0.313332
389 0.379687 0.943287 0.130728 0.300556
85 0.458438 0.925926 0.118005 0.285433
539 0.541562 0.925926 0.117945 0.285357
544 0.620313 0.943287 0.130669 0.300481
128 0.693594 0.968750 0.142346 0.313258
636 0.773438 1.000000 0.152989 0.323704
64 0.033333 0.094444 0.037500 0.066667
12 0.334375 0.027778 0.033333 0.059259
12 0.363542 0.027778 0.033333 0.059259
381 0.392708 0.027778 0.033333 0.059259
272 0.421875 0.027778 0.033333 0.059259
11 0.451042 0.027778 0.033333 0.059259
14 0.247917 0.565741 0.114583 0.268519
15 0.247917 0.716667 0.120312 0.023333
274 0.195833 0.744444 0.025000 0.044444
275 0.777083 0.729630 0.025000 0.044444
378 0.802083 0.729630 0.025000 0.044444
120 0.827083 0.729630 0.025000 0.044444
242 0.852083 0.729630 0.025000 0.044444
464 0.850000 0.601852 0.156250 0.166667
20 0.850000 0.701852 0.164063 0.023333
82 0.850000 0.488889 0.038333 0.068148
