2 0.237500 1.000000 0.155649 0.335641
657 0.314063 0.968783 0.143917 0.323435
539 0.401563 0.945767 0.131037 0.308710
484 0.500000 0.931481 0.117188 0.291667
542 0.598437 0.945767 0.130975 0.308631
460 0.685938 0.968783 0.143855 0.323357
332 0.762500 1.000000 0.155588 0.335564
7 0.033333 0.094444 0.037500 0.066667
92 0.070833 0.094444 0.037500 0.066667
29 0.108333 0.094444 0.037500 0.066667
94 0.145833 0.094444 0.037500 0.066667
94 0.183333 0.094444 0.037500 0.066667
37 0.220833 0.094444 0.037500 0.066667
92 0.258333 0.094444 0.037500 0.066667
34 0.295833 0.094444 0.037500 0.066667
67 0.333333 0.094444 0.037500 0.066667
5 0.370833 0.094444 0.037500 0.066667
110 0.408333 0.094444 0.037500 0.066667
8 0.445833 0.094444 0.037500 0.066667
35 0.483333 0.094444 0.037500 0.066667
132 0.520833 0.094444 0.037500 0.066667
6 0.558333 0.094444 0.037500 0.066667
8 0.595833 0.094444 0.037500 0.066667
4 0.633333 0.094444 0.037500 0.066667
184 0.670833 0.094444 0.037500 0.066667
130 0.708333 0.094444 0.037500 0.066667
32 0.745833 0.094444 0.037500 0.066667
112 0.334375 0.027778 0.033333 0.059259
96 0.363542 0.027778 0.033333 0.059259
355 0.392708 0.027778 0.033333 0.059259
381 0.421875 0.027778 0.033333 0.059259
13 0.451042 0.027778 0.033333 0.059259
14 0.247917 0.565741 0.114583 0.268519
15 0.247917 0.716667 0.120312 0.023333
367 0.195833 0.744444 0.025000 0.044444
98 0.220833 0.744444 0.025000 0.044444
281 0.587500 0.729630 0.025000 0.044444
137 0.612500 0.729630 0.025000 0.044444
134 0.637500 0.729630 0.025000 0.044444
166 0.650000 0.606481 0.135417 0.157407
20 0.650000 0.701852 0.142188 0.023333
48 0.650000 0.498148 0.038333 0.068148
408 0.842188 0.728704 0.025000 0.044444
396 0.870833 0.600926 0.067708 0.166667
20 0.870833 0.700926 0.071094 0.023333
158 0.870833 0.487963 0.038333 0.068148
