458 0.237500 1.000000 0.155649 0.335641
533 0.314063 0.968783 0.143917 0.323435
429 0.401563 0.945767 0.131037 0.308710
198 0.500000 0.931481 0.117188 0.291667
399 0.598437 0.945767 0.130975 0.308631
25 0.685938 0.968783 0.143855 0.323357
359 0.762500 1.000000 0.155588 0.335564
29 0.033333 0.094444 0.037500 0.066667
32 0.070833 0.094444 0.037500 0.066667
64 0.108333 0.094444 0.037500 0.066667
29 0.145833 0.094444 0.037500 0.066667
33 0.183333 0.094444 0.037500 0.066667
94 0.220833 0.094444 0.037500 0.066667
145 0.334375 0.027778 0.033333 0.059259
68 0.363542 0.027778 0.033333 0.059259
254 0.392708 0.027778 0.033333 0.059259
185 0.421875 0.027778 0.033333 0.059259
13 0.451042 0.027778 0.033333 0.059259
14 0.247917 0.565741 0.114583 0.268519
15 0.247917 0.716667 0.120312 0.023333
17 0.195833 0.744444 0.025000 0.044444
178 0.220833 0.744444 0.025000 0.044444
266 0.245833 0.744444 0.025000 0.044444
43 0.270833 0.744444 0.025000 0.044444
356 0.374479 0.725926 0.025000 0.044444
279 0.460417 0.561111 0.182292 0.240741
20 0.460417 0.698148 0.191406 0.023333
280 0.460417 0.411111 0.038333 0.068148
415 0.618750 0.706481 0.025000 0.044444
148 0.643750 0.706481 0.025000 0.044444
57 0.650000 0.601852 0.072917 0.120370
20 0.650000 0.678704 0.076563 0.023333
48 0.650000 0.512037 0.038333 0.068148
402 0.753646 0.725926 0.025000 0.044444
226 0.778646 0.725926 0.025000 0.044444
178 0.803646 0.725926 0.025000 0.044444
243 0.850000 0.500926 0.203125 0.361111
20 0.850000 0.698148 0.213281 0.023333
170 0.850000 0.290741 0.038333 0.068148
