498 0.237500 1.000000 0.155649 0.335641
235 0.314063 0.968783 0.143917 0.323435
126 0.401563 0.945767 0.131037 0.308710
212 0.500000 0.931481 0.117188 0.291667
2 0.598437 0.945767 0.130975 0.308631
536 0.685938 0.968783 0.143855 0.323357
25 0.762500 1.000000 0.155588 0.335564
67 0.033333 0.094444 0.037500 0.066667
93 0.070833 0.094444 0.037500 0.066667
67 0.108333 0.094444 0.037500 0.066667
30 0.145833 0.094444 0.037500 0.066667
30 0.183333 0.094444 0.037500 0.066667
199 0.220833 0.094444 0.037500 0.066667
31 0.258333 0.094444 0.037500 0.066667
173 0.295833 0.094444 0.037500 0.066667
6 0.333333 0.094444 0.037500 0.066667
65 0.370833 0.094444 0.037500 0.066667
34 0.408333 0.094444 0.037500 0.066667
34 0.445833 0.094444 0.037500 0.066667
31 0.483333 0.094444 0.037500 0.066667
93 0.520833 0.094444 0.037500 0.066667
64 0.558333 0.094444 0.037500 0.066667
94 0.595833 0.094444 0.037500 0.066667
34 0.633333 0.094444 0.037500 0.066667
132 0.670833 0.094444 0.037500 0.066667
9 0.334375 0.027778 0.033333 0.059259
13 0.363542 0.027778 0.033333 0.059259
13 0.392708 0.027778 0.033333 0.059259
13 0.421875 0.027778 0.033333 0.059259
13 0.451042 0.027778 0.033333 0.059259
14 0.247917 0.565741 0.114583 0.268519
15 0.247917 0.716667 0.120312 0.023333
239 0.195833 0.744444 0.025000 0.044444
371 0.220833 0.744444 0.025000 0.044444
155 0.245833 0.744444 0.025000 0.044444
120 0.582292 0.720370 0.025000 0.044444
306 0.607292 0.720370 0.025000 0.044444
201 0.632292 0.720370 0.025000 0.044444
294 0.657292 0.720370 0.025000 0.044444
601 0.650000 0.546296 0.145833 0.259259
20 0.650000 0.692593 0.153125 0.023333
48 0.650000 0.387037 0.038333 0.068148
147 0.811979 0.724074 0.025000 0.044444
315 0.845833 0.610185 0.078125 0.138889
20 0.845833 0.696296 0.082031 0.023333
48 0.845833 0.511111 0.038333 0.068148
