616 0.182812 1.000000 0.145411 0.296825
2 0.237500 0.976852 0.136936 0.289694
421 0.303125 0.951852 0.127414 0.280350
364 0.379687 0.928704 0.116968 0.268919
456 0.456250 0.921296 0.105583 0.255387
565 0.543750 0.921296 0.105530 0.255319
193 0.620313 0.928704 0.116914 0.268851
395 0.696875 0.951852 0.127362 0.280284
502 0.762500 0.976852 0.136885 0.289630
160 0.817187 1.000000 0.145376 0.296799
67 0.033333 0.094444 0.037500 0.066667
107 0.070833 0.094444 0.037500 0.066667
4 0.108333 0.094444 0.037500 0.066667
5 0.145833 0.094444 0.037500 0.066667
35 0.183333 0.094444 0.037500 0.066667
93 0.220833 0.094444 0.037500 0.066667
66 0.258333 0.094444 0.037500 0.066667
96 0.334375 0.027778 0.033333 0.059259
143 0.363542 0.027778 0.033333 0.059259
174 0.392708 0.027778 0.033333 0.059259
68 0.421875 0.027778 0.033333 0.059259
40 0.451042 0.027778 0.033333 0.059259
14 0.247917 0.565741 0.114583 0.268519
15 0.247917 0.716667 0.120312 0.023333
435 0.195833 0.744444 0.025000 0.044444
51 0.220833 0.744444 0.025000 0.044444
292 0.245833 0.744444 0.025000 0.044444
116 0.270833 0.744444 0.025000 0.044444
56 0.803125 0.733333 0.025000 0.044444
319 0.847396 0.605556 0.098958 0.166667
20 0.847396 0.705556 0.103906 0.023333
48 0.847396 0.492593 0.038333 0.068148
273 0.546875 0.729630 0.025000 0.044444
277 0.571875 0.729630 0.025000 0.044444
121 0.665625 0.495370 0.247917 0.379630
20 0.665625 0.701852 0.260312 0.023333
48 0.665625 0.275926 0.038333 0.068148
