172 0.351250 0.960648 0.137609 0.316375
576 0.449688 0.935185 0.124215 0.300456
571 0.550312 0.935185 0.124152 0.300376
409 0.648750 0.960648 0.137546 0.316296
7 0.033333 0.094444 0.037500 0.066667
184 0.070833 0.094444 0.037500 0.066667
199 0.108333 0.094444 0.037500 0.066667
110 0.145833 0.094444 0.037500 0.066667
184 0.183333 0.094444 0.037500 0.066667
110 0.220833 0.094444 0.037500 0.066667
9 0.334375 0.027778 0.033333 0.059259
336 0.363542 0.027778 0.033333 0.059259
13 0.392708 0.027778 0.033333 0.059259
13 0.421875 0.027778 0.033333 0.059259
13 0.451042 0.027778 0.033333 0.059259
14 0.247917 0.565741 0.114583 0.268519
15 0.247917 0.716667 0.120312 0.023333
101 0.195833 0.744444 0.025000 0.044444
275 0.826563 0.740741 0.025000 0.044444
299 0.851563 0.740741 0.025000 0.044444
276 0.876562 0.740741 0.025000 0.044444
267 0.850000 0.594444 0.057292 0.203704
20 0.850000 0.712963 0.060156 0.023333
170 0.850000 0.462963 0.038333 0.068148
