263 0.500000 0.925926 0.117188 0.291667
107 0.033333 0.094444 0.037500 0.066667
38 0.070833 0.094444 0.037500 0.066667
31 0.108333 0.094444 0.037500 0.066667
8 0.145833 0.094444 0.037500 0.066667
65 0.183333 0.094444 0.037500 0.066667
38 0.220833 0.094444 0.037500 0.066667
199 0.258333 0.094444 0.037500 0.066667
94 0.295833 0.094444 0.037500 0.066667
36 0.333333 0.094444 0.037500 0.066667
5 0.370833 0.094444 0.037500 0.066667
5 0.408333 0.094444 0.037500 0.066667
186 0.334375 0.027778 0.033333 0.059259
10 0.363542 0.027778 0.033333 0.059259
133 0.392708 0.027778 0.033333 0.059259
143 0.421875 0.027778 0.033333 0.059259
13 0.451042 0.027778 0.033333 0.059259
14 0.247917 0.565741 0.114583 0.268519
15 0.247917 0.716667 0.120312 0.023333
187 0.195833 0.744444 0.025000 0.044444
155 0.726042 0.729630 0.025000 0.044444
215 0.751042 0.729630 0.025000 0.044444
17 0.776042 0.729630 0.025000 0.044444
282 0.844792 0.495370 0.247917 0.379630
20 0.844792 0.701852 0.260312 0.023333
170 0.844792 0.275926 0.038333 0.068148
