553 0.500000 0.925926 0.117188 0.291667
107 0.033333 0.094444 0.037500 0.066667
8 0.070833 0.094444 0.037500 0.066667
184 0.108333 0.094444 0.037500 0.066667
108 0.145833 0.094444 0.037500 0.066667
36 0.183333 0.094444 0.037500 0.066667
28 0.220833 0.094444 0.037500 0.066667
94 0.258333 0.094444 0.037500 0.066667
184 0.295833 0.094444 0.037500 0.066667
29 0.333333 0.094444 0.037500 0.066667
290 0.334375 0.027778 0.033333 0.059259
185 0.363542 0.027778 0.033333 0.059259
254 0.392708 0.027778 0.033333 0.059259
214 0.421875 0.027778 0.033333 0.059259
13 0.451042 0.027778 0.033333 0.059259
14 0.247917 0.565741 0.114583 0.268519
15 0.247917 0.716667 0.120312 0.023333
156 0.195833 0.744444 0.025000 0.044444
347 0.220833 0.744444 0.025000 0.044444
43 0.245833 0.744444 0.025000 0.044444
270 0.808333 0.706481 0.025000 0.044444
204 0.833333 0.706481 0.025000 0.044444
79 0.858333 0.706481 0.025000 0.044444
47 0.850000 0.597222 0.093750 0.129630
20 0.850000 0.678704 0.098437 0.023333
48 0.850000 0.502778 0.038333 0.068148
17 0.574479 0.725926 0.025000 0.044444
279 0.660417 0.561111 0.182292 0.240741
20 0.660417 0.698148 0.191406 0.023333
280 0.660417 0.411111 0.038333 0.068148
205 0.382292 0.720370 0.025000 0.044444
52 0.407292 0.720370 0.025000 0.044444
189 0.432292 0.720370 0.025000 0.044444
80 0.457292 0.720370 0.025000 0.044444
601 0.450000 0.546296 0.145833 0.259259
20 0.450000 0.692593 0.153125 0.023333
48 0.450000 0.387037 0.038333 0.068148
