353 0.226563 1.000000 0.153046 0.323776
436 0.300938 0.968750 0.142404 0.313332
522 0.379687 0.943287 0.130728 0.300556
552 0.458438 0.925926 0.118005 0.285433
553 0.541562 0.925926 0.117945 0.285357
457 0.620313 0.943287 0.130669 0.300481
321 0.693594 0.968750 0.142346 0.313258
225 0.773438 1.000000 0.152989 0.323704
33 0.033333 0.094444 0.037500 0.066667
12 0.334375 0.027778 0.033333 0.059259
133 0.363542 0.027778 0.033333 0.059259
13 0.392708 0.027778 0.033333 0.059259
13 0.421875 0.027778 0.033333 0.059259
13 0.451042 0.027778 0.033333 0.059259
14 0.247917 0.565741 0.114583 0.268519
15 0.247917 0.716667 0.120312 0.023333
215 0.195833 0.744444 0.025000 0.044444
138 0.220833 0.744444 0.025000 0.044444
222 0.803125 0.733333 0.025000 0.044444
319 0.847396 0.605556 0.098958 0.166667
20 0.847396 0.705556 0.103906 0.023333
48 0.847396 0.492593 0.038333 0.068148
416 0.566667 0.738889 0.025000 0.044444
356 0.591667 0.738889 0.025000 0.044444
422 0.652604 0.490741 0.182292 0.407407
20 0.652604 0.711111 0.191406 0.023333
82 0.652604 0.257407 0.038333 0.068148
