559 0.401563 0.953704 0.131037 0.308710
236 0.500000 0.925926 0.117188 0.291667
520 0.598437 0.953704 0.130975 0.308631
199 0.033333 0.094444 0.037500 0.066667
33 0.070833 0.094444 0.037500 0.066667
37 0.108333 0.094444 0.037500 0.066667
34 0.145833 0.094444 0.037500 0.066667
65 0.183333 0.094444 0.037500 0.066667
38 0.220833 0.094444 0.037500 0.066667
28 0.258333 0.094444 0.037500 0.066667
12 0.334375 0.027778 0.033333 0.059259
255 0.363542 0.027778 0.033333 0.059259
13 0.392708 0.027778 0.033333 0.059259
13 0.421875 0.027778 0.033333 0.059259
13 0.451042 0.027778 0.033333 0.059259
14 0.247917 0.565741 0.114583 0.268519
15 0.247917 0.716667 0.120312 0.023333
378 0.195833 0.744444 0.025000 0.044444
357 0.220833 0.744444 0.025000 0.044444
259 0.245833 0.744444 0.025000 0.044444
414 0.270833 0.744444 0.025000 0.044444
241 0.842188 0.728704 0.025000 0.044444
357 0.867188 0.728704 0.025000 0.044444
146 0.892187 0.728704 0.025000 0.044444
396 0.870833 0.600926 0.067708 0.166667
20 0.870833 0.700926 0.071094 0.023333
158 0.870833 0.487963 0.038333 0.068148
