344 0.314063 0.986111 0.143917 0.323435
626 0.401563 0.953704 0.131037 0.308710
183 0.500000 0.935185 0.117188 0.291667
520 0.598437 0.953704 0.130975 0.308631
350 0.685938 0.986111 0.143855 0.323357
94 0.033333 0.094444 0.037500 0.066667
254 0.334375 0.027778 0.033333 0.059259
111 0.363542 0.027778 0.033333 0.059259
200 0.392708 0.027778 0.033333 0.059259
13 0.421875 0.027778 0.033333 0.059259
13 0.451042 0.027778 0.033333 0.059259
14 0.247917 0.565741 0.114583 0.268519
15 0.247917 0.716667 0.120312 0.023333
524 0.195833 0.744444 0.025000 0.044444
16 0.220833 0.744444 0.025000 0.044444
16 0.818750 0.706481 0.025000 0.044444
293 0.843750 0.706481 0.025000 0.044444
57 0.850000 0.601852 0.072917 0.120370
20 0.850000 0.678704 0.076563 0.023333
48 0.850000 0.512037 0.038333 0.068148
165 0.611979 0.735185 0.025000 0.044444
549 0.645833 0.621296 0.078125 0.138889
20 0.645833 0.707407 0.082031 0.023333
216 0.645833 0.522222 0.038333 0.068148
