493 0.448594 0.925926 0.124215 0.300456
218 0.557969 0.925926 0.124152 0.300376
35 0.033333 0.094444 0.037500 0.066667
40 0.334375 0.027778 0.033333 0.059259
304 0.363542 0.027778 0.033333 0.059259
68 0.392708 0.027778 0.033333 0.059259
68 0.421875 0.027778 0.033333 0.059259
13 0.451042 0.027778 0.033333 0.059259
14 0.247917 0.565741 0.114583 0.268519
15 0.247917 0.716667 0.120312 0.023333
469 0.195833 0.744444 0.025000 0.044444
424 0.220833 0.744444 0.025000 0.044444
366 0.245833 0.744444 0.025000 0.044444
151 0.792708 0.645113 0.025000 0.044444
50 0.817708 0.645113 0.025000 0.044444
454 0.842708 0.645113 0.025000 0.044444
140 0.850000 0.517335 0.125000 0.166667
20 0.850000 0.617335 0.131250 0.023333
48 0.850000 0.404372 0.038333 0.068148
