423 0.226563 1.000000 0.153046 0.323776
546 0.300938 0.968750 0.142404 0.313332
192 0.379687 0.943287 0.130728 0.300556
636 0.458438 0.925926 0.118005 0.285433
585 0.541562 0.925926 0.117945 0.285357
594 0.620313 0.943287 0.130669 0.300481
568 0.693594 0.968750 0.142346 0.313258
391 0.773438 1.000000 0.152989 0.323704
107 0.033333 0.094444 0.037500 0.066667
130 0.070833 0.094444 0.037500 0.066667
8 0.108333 0.094444 0.037500 0.066667
131 0.145833 0.094444 0.037500 0.066667
36 0.183333 0.094444 0.037500 0.066667
173 0.220833 0.094444 0.037500 0.066667
199 0.258333 0.094444 0.037500 0.066667
92 0.295833 0.094444 0.037500 0.066667
5 0.333333 0.094444 0.037500 0.066667
37 0.370833 0.094444 0.037500 0.066667
6 0.408333 0.094444 0.037500 0.066667
65 0.445833 0.094444 0.037500 0.066667
173 0.483333 0.094444 0.037500 0.066667
95 0.334375 0.027778 0.033333 0.059259
13 0.363542 0.027778 0.033333 0.059259
13 0.392708 0.027778 0.033333 0.059259
13 0.421875 0.027778 0.033333 0.059259
13 0.451042 0.027778 0.033333 0.059259
14 0.247917 0.565741 0.114583 0.268519
15 0.247917 0.716667 0.120312 0.023333
52 0.195833 0.744444 0.025000 0.044444
275 0.220833 0.744444 0.025000 0.044444
152 0.810938 0.729630 0.025000 0.044444
56 0.835938 0.729630 0.025000 0.044444
516 0.850000 0.578704 0.088542 0.212963
20 0.850000 0.701852 0.092969 0.023333
170 0.850000 0.442593 0.038333 0.068148
114 0.608333 0.711111 0.025000 0.044444
241 0.633333 0.711111 0.025000 0.044444
45 0.658333 0.711111 0.025000 0.044444
50 0.683333 0.711111 0.025000 0.044444
47 0.650000 0.601852 0.093750 0.129630
20 0.650000 0.683333 0.098437 0.023333
48 0.650000 0.507407 0.038333 0.068148
