301 0.448594 0.925926 0.124215 0.300456
230 0.557969 0.925926 0.124152 0.300376
110 0.033333 0.094444 0.037500 0.066667
130 0.070833 0.094444 0.037500 0.066667
36 0.108333 0.094444 0.037500 0.066667
67 0.145833 0.094444 0.037500 0.066667
91 0.183333 0.094444 0.037500 0.066667
109 0.220833 0.094444 0.037500 0.066667
65 0.258333 0.094444 0.037500 0.066667
377 0.334375 0.027778 0.033333 0.059259
381 0.363542 0.027778 0.033333 0.059259
112 0.392708 0.027778 0.033333 0.059259
303 0.421875 0.027778 0.033333 0.059259
174 0.451042 0.027778 0.033333 0.059259
14 0.247917 0.565741 0.114583 0.268519
15 0.247917 0.716667 0.120312 0.023333
408 0.195833 0.744444 0.025000 0.044444
136 0.220833 0.744444 0.025000 0.044444
447 0.245833 0.744444 0.025000 0.044444
295 0.791146 0.729630 0.025000 0.044444
221 0.845833 0.574074 0.119792 0.222222
20 0.845833 0.701852 0.125781 0.023333
48 0.845833 0.433333 0.038333 0.068148
134 0.610937 0.729630 0.025000 0.044444
264 0.635938 0.729630 0.025000 0.044444
516 0.650000 0.578704 0.088542 0.212963
20 0.650000 0.701852 0.092969 0.023333
21 0.650000 0.442593 0.038333 0.068148
70 0.392708 0.645113 0.025000 0.044444
291 0.417708 0.645113 0.025000 0.044444
116 0.442708 0.645113 0.025000 0.044444
140 0.450000 0.517335 0.125000 0.166667
20 0.450000 0.617335 0.131250 0.023333
48 0.450000 0.404372 0.038333 0.068148
