251 0.237500 1.000000 0.155649 0.335641
526 0.314063 0.968783 0.143917 0.323435
576 0.401563 0.945767 0.131037 0.308710
321 0.500000 0.931481 0.117188 0.291667
614 0.598437 0.945767 0.130975 0.308631
412 0.685938 0.968783 0.143855 0.323357
198 0.762500 1.000000 0.155588 0.335564
34 0.033333 0.094444 0.037500 0.066667
129 0.070833 0.094444 0.037500 0.066667
38 0.108333 0.094444 0.037500 0.066667
199 0.145833 0.094444 0.037500 0.066667
37 0.183333 0.094444 0.037500 0.066667
7 0.220833 0.094444 0.037500 0.066667
109 0.258333 0.094444 0.037500 0.066667
93 0.295833 0.094444 0.037500 0.066667
92 0.333333 0.094444 0.037500 0.066667
34 0.370833 0.094444 0.037500 0.066667
94 0.408333 0.094444 0.037500 0.066667
29 0.445833 0.094444 0.037500 0.066667
5 0.483333 0.094444 0.037500 0.066667
35 0.520833 0.094444 0.037500 0.066667
28 0.558333 0.094444 0.037500 0.066667
33 0.595833 0.094444 0.037500 0.066667
255 0.334375 0.027778 0.033333 0.059259
13 0.363542 0.027778 0.033333 0.059259
13 0.392708 0.027778 0.033333 0.059259
13 0.421875 0.027778 0.033333 0.059259
13 0.451042 0.027778 0.033333 0.059259
14 0.247917 0.565741 0.114583 0.268519
15 0.247917 0.716667 0.120312 0.023333
99 0.195833 0.744444 0.025000 0.044444
51 0.220833 0.744444 0.025000 0.044444
138 0.245833 0.744444 0.025000 0.044444
367 0.270833 0.744444 0.025000 0.044444
55 0.826563 0.740741 0.025000 0.044444
367 0.851563 0.740741 0.025000 0.044444
390 0.876562 0.740741 0.025000 0.044444
469 0.901563 0.740741 0.025000 0.044444
267 0.850000 0.594444 0.057292 0.203704
20 0.850000 0.712963 0.060156 0.023333
170 0.850000 0.462963 0.038333 0.068148
