577 0.237500 1.000000 0.155649 0.335641
515 0.314063 0.968783 0.143917 0.323435
300 0.401563 0.945767 0.131037 0.308710
633 0.500000 0.931481 0.117188 0.291667
411 0.598437 0.945767 0.130975 0.308631
376 0.685938 0.968783 0.143855 0.323357
657 0.762500 1.000000 0.155588 0.335564
109 0.033333 0.094444 0.037500 0.066667
66 0.070833 0.094444 0.037500 0.066667
132 0.108333 0.094444 0.037500 0.066667
163 0.145833 0.094444 0.037500 0.066667
35 0.183333 0.094444 0.037500 0.066667
91 0.220833 0.094444 0.037500 0.066667
130 0.258333 0.094444 0.037500 0.066667
92 0.295833 0.094444 0.037500 0.066667
31 0.333333 0.094444 0.037500 0.066667
7 0.370833 0.094444 0.037500 0.066667
7 0.408333 0.094444 0.037500 0.066667
66 0.445833 0.094444 0.037500 0.066667
38 0.483333 0.094444 0.037500 0.066667
66 0.520833 0.094444 0.037500 0.066667
6 0.558333 0.094444 0.037500 0.066667
64 0.595833 0.094444 0.037500 0.066667
184 0.633333 0.094444 0.037500 0.066667
91 0.670833 0.094444 0.037500 0.066667
324 0.334375 0.027778 0.033333 0.059259
185 0.363542 0.027778 0.033333 0.059259
9 0.392708 0.027778 0.033333 0.059259
381 0.421875 0.027778 0.033333 0.059259
324 0.451042 0.027778 0.033333 0.059259
14 0.247917 0.565741 0.114583 0.268519
15 0.247917 0.716667 0.120312 0.023333
435 0.195833 0.744444 0.025000 0.044444
17 0.826563 0.740741 0.025000 0.044444
325 0.851563 0.740741 0.025000 0.044444
241 0.876562 0.740741 0.025000 0.044444
357 0.901563 0.740741 0.025000 0.044444
267 0.850000 0.594444 0.057292 0.203704
20 0.850000 0.712963 0.060156 0.023333
170 0.850000 0.462963 0.038333 0.068148
134 0.548437 0.738889 0.025000 0.044444
188 0.573438 0.738889 0.025000 0.044444
524 0.598437 0.738889 0.025000 0.044444
169 0.613542 0.518519 0.140625 0.351852
20 0.613542 0.711111 0.147656 0.023333
170 0.597917 0.312963 0.038333 0.068148
226 0.382292 0.720370 0.025000 0.044444
264 0.407292 0.720370 0.025000 0.044444
378 0.432292 0.720370 0.025000 0.044444
601 0.450000 0.546296 0.145833 0.259259
20 0.450000 0.692593 0.153125 0.023333
167 0.450000 0.387037 0.038333 0.068148
