374 0.226563 1.000000 0.153046 0.323776
341 0.300938 0.968750 0.142404 0.313332
503 0.379687 0.943287 0.130728 0.300556
427 0.458438 0.925926 0.118005 0.285433
491 0.541562 0.925926 0.117945 0.285357
392 0.620313 0.943287 0.130669 0.300481
477 0.693594 0.968750 0.142346 0.313258
88 0.773438 1.000000 0.152989 0.323704
67 0.033333 0.094444 0.037500 0.066667
93 0.070833 0.094444 0.037500 0.066667
29 0.108333 0.094444 0.037500 0.066667
132 0.145833 0.094444 0.037500 0.066667
199 0.183333 0.094444 0.037500 0.066667
65 0.220833 0.094444 0.037500 0.066667
199 0.258333 0.094444 0.037500 0.066667
96 0.334375 0.027778 0.033333 0.059259
272 0.363542 0.027778 0.033333 0.059259
111 0.392708 0.027778 0.033333 0.059259
254 0.421875 0.027778 0.033333 0.059259
10 0.451042 0.027778 0.033333 0.059259
14 0.247917 0.565741 0.114583 0.268519
15 0.247917 0.716667 0.120312 0.023333
168 0.195833 0.744444 0.025000 0.044444
307 0.591146 0.729630 0.025000 0.044444
148 0.616146 0.729630 0.025000 0.044444
221 0.645833 0.574074 0.119792 0.222222
20 0.645833 0.701852 0.125781 0.023333
48 0.645833 0.433333 0.038333 0.068148
43 0.395312 0.748148 0.025000 0.044444
139 0.420312 0.748148 0.025000 0.044444
222 0.445313 0.748148 0.025000 0.044444
482 0.450000 0.587963 0.119792 0.231481
20 0.450000 0.720370 0.125781 0.023333
216 0.450000 0.442593 0.038333 0.068148
187 0.771875 0.734259 0.025000 0.044444
469 0.796875 0.734259 0.025000 0.044444
220 0.821875 0.734259 0.025000 0.044444
76 0.850000 0.495370 0.166667 0.388889
20 0.850000 0.706481 0.175000 0.023333
48 0.850000 0.271296 0.038333 0.068148
