568 0.448594 0.925926 0.124215 0.300456
496 0.557969 0.925926 0.124152 0.300376
67 0.033333 0.094444 0.037500 0.066667
107 0.070833 0.094444 0.037500 0.066667
132 0.108333 0.094444 0.037500 0.066667
66 0.145833 0.094444 0.037500 0.066667
109 0.183333 0.094444 0.037500 0.066667
110 0.220833 0.094444 0.037500 0.066667
7 0.258333 0.094444 0.037500 0.066667
93 0.295833 0.094444 0.037500 0.066667
65 0.333333 0.094444 0.037500 0.066667
129 0.370833 0.094444 0.037500 0.066667
93 0.408333 0.094444 0.037500 0.066667
34 0.445833 0.094444 0.037500 0.066667
67 0.483333 0.094444 0.037500 0.066667
163 0.520833 0.094444 0.037500 0.066667
132 0.558333 0.094444 0.037500 0.066667
184 0.595833 0.094444 0.037500 0.066667
29 0.633333 0.094444 0.037500 0.066667
144 0.334375 0.027778 0.033333 0.059259
238 0.363542 0.027778 0.033333 0.059259
304 0.392708 0.027778 0.033333 0.059259
112 0.421875 0.027778 0.033333 0.059259
13 0.451042 0.027778 0.033333 0.059259
14 0.247917 0.565741 0.114583 0.268519
15 0.247917 0.716667 0.120312 0.023333
401 0.195833 0.744444 0.025000 0.044444
124 0.220833 0.744444 0.025000 0.044444
357 0.608333 0.706481 0.025000 0.044444
134 0.633333 0.706481 0.025000 0.044444
268 0.658333 0.706481 0.025000 0.044444
204 0.683333 0.706481 0.025000 0.044444
47 0.650000 0.597222 0.093750 0.129630
20 0.650000 0.678704 0.098437 0.023333
48 0.650000 0.502778 0.038333 0.068148
122 0.371875 0.734259 0.025000 0.044444
76 0.450000 0.495370 0.166667 0.388889
20 0.450000 0.706481 0.175000 0.023333
48 0.450000 0.271296 0.038333 0.068148
239 0.803125 0.743519 0.025000 0.044444
120 0.828125 0.743519 0.025000 0.044444
259 0.853125 0.743519 0.025000 0.044444
188 0.878125 0.743519 0.025000 0.044444
368 0.850000 0.555556 0.104167 0.287037
20 0.850000 0.715741 0.109375 0.023333
331 0.850000 0.382407 0.038333 0.068148
