60 0.448594 0.925926 0.124215 0.300456
539 0.557969 0.925926 0.124152 0.300376
29 0.033333 0.094444 0.037500 0.066667
108 0.070833 0.094444 0.037500 0.066667
32 0.108333 0.094444 0.037500 0.066667
4 0.145833 0.094444 0.037500 0.066667
65 0.183333 0.094444 0.037500 0.066667
93 0.220833 0.094444 0.037500 0.066667
199 0.258333 0.094444 0.037500 0.066667
91 0.295833 0.094444 0.037500 0.066667
255 0.334375 0.027778 0.033333 0.059259
112 0.363542 0.027778 0.033333 0.059259
13 0.392708 0.027778 0.033333 0.059259
13 0.421875 0.027778 0.033333 0.059259
13 0.451042 0.027778 0.033333 0.059259
14 0.247917 0.565741 0.114583 0.268519
15 0.247917 0.716667 0.120312 0.023333
299 0.195833 0.744444 0.025000 0.044444
313 0.220833 0.744444 0.025000 0.044444
18 0.245833 0.744444 0.025000 0.044444
98 0.270833 0.744444 0.025000 0.044444
240 0.621354 0.731481 0.025000 0.044444
139 0.646354 0.731481 0.025000 0.044444
105 0.650000 0.640741 0.067708 0.092593
20 0.650000 0.703704 0.071094 0.023333
82 0.650000 0.564815 0.038333 0.068148
259 0.751042 0.743519 0.025000 0.044444
228 0.776042 0.743519 0.025000 0.044444
293 0.801042 0.743519 0.025000 0.044444
306 0.826042 0.743519 0.025000 0.044444
338 0.850000 0.509259 0.208333 0.379630
20 0.850000 0.715741 0.218750 0.023333
170 0.850000 0.289815 0.038333 0.068148
