494 0.193750 1.000000 0.149621 0.310807
343 0.259375 0.982716 0.140084 0.302077
251 0.332656 0.955556 0.129526 0.291092
434 0.412500 0.930247 0.117934 0.277839
649 0.500000 0.925926 0.105469 0.262500
232 0.587500 0.930247 0.117877 0.277768
373 0.667344 0.955556 0.129470 0.291021
250 0.740625 0.982716 0.140029 0.302007
563 0.806250 1.000000 0.149567 0.310740
35 0.033333 0.094444 0.037500 0.066667
132 0.070833 0.094444 0.037500 0.066667
37 0.108333 0.094444 0.037500 0.066667
94 0.145833 0.094444 0.037500 0.066667
8 0.183333 0.094444 0.037500 0.066667
37 0.220833 0.094444 0.037500 0.066667
30 0.258333 0.094444 0.037500 0.066667
109 0.295833 0.094444 0.037500 0.066667
94 0.333333 0.094444 0.037500 0.066667
109 0.370833 0.094444 0.037500 0.066667
29 0.408333 0.094444 0.037500 0.066667
109 0.445833 0.094444 0.037500 0.066667
107 0.483333 0.094444 0.037500 0.066667
65 0.520833 0.094444 0.037500 0.066667
30 0.558333 0.094444 0.037500 0.066667
129 0.595833 0.094444 0.037500 0.066667
66 0.633333 0.094444 0.037500 0.066667
35 0.670833 0.094444 0.037500 0.066667
336 0.334375 0.027778 0.033333 0.059259
10 0.363542 0.027778 0.033333 0.059259
68 0.392708 0.027778 0.033333 0.059259
10 0.421875 0.027778 0.033333 0.059259
377 0.451042 0.027778 0.033333 0.059259
14 0.247917 0.565741 0.114583 0.268519
15 0.247917 0.716667 0.120312 0.023333
135 0.195833 0.744444 0.025000 0.044444
207 0.220833 0.744444 0.025000 0.044444
122 0.245833 0.744444 0.025000 0.044444
55 0.270833 0.744444 0.025000 0.044444
114 0.808333 0.725000 0.025000 0.044444
102 0.850000 0.615741 0.093750 0.129630
20 0.850000 0.697222 0.098437 0.023333
216 0.850000 0.521296 0.038333 0.068148
