509 0.193750 1.000000 0.149621 0.310807
461 0.259375 0.982716 0.140084 0.302077
649 0.332656 0.955556 0.129526 0.291092
183 0.412500 0.930247 0.117934 0.277839
461 0.500000 0.925926 0.105469 0.262500
614 0.587500 0.930247 0.117877 0.277768
263 0.667344 0.955556 0.129470 0.291021
431 0.740625 0.982716 0.140029 0.302007
350 0.806250 1.000000 0.149567 0.310740
65 0.033333 0.094444 0.037500 0.066667
35 0.070833 0.094444 0.037500 0.066667
35 0.108333 0.094444 0.037500 0.066667
11 0.334375 0.027778 0.033333 0.059259
133 0.363542 0.027778 0.033333 0.059259
10 0.392708 0.027778 0.033333 0.059259
324 0.421875 0.027778 0.033333 0.059259
254 0.451042 0.027778 0.033333 0.059259
14 0.247917 0.565741 0.114583 0.268519
15 0.247917 0.716667 0.120312 0.023333
139 0.195833 0.744444 0.025000 0.044444
242 0.220833 0.744444 0.025000 0.044444
270 0.245833 0.744444 0.025000 0.044444
41 0.270833 0.744444 0.025000 0.044444
77 0.805729 0.757407 0.025000 0.044444
141 0.852604 0.583333 0.104167 0.259259
20 0.852604 0.729630 0.109375 0.023333
82 0.852604 0.424074 0.038333 0.068148
168 0.587500 0.720370 0.025000 0.044444
330 0.650000 0.583333 0.135417 0.185185
20 0.650000 0.692593 0.142188 0.023333
48 0.650000 0.461111 0.038333 0.068148
