404 0.401563 0.953704 0.131037 0.308710
642 0.500000 0.925926 0.117188 0.291667
515 0.598437 0.953704 0.130975 0.308631
33 0.033333 0.094444 0.037500 0.066667
184 0.070833 0.094444 0.037500 0.066667
34 0.108333 0.094444 0.037500 0.066667
64 0.145833 0.094444 0.037500 0.066667
173 0.183333 0.094444 0.037500 0.066667
33 0.220833 0.094444 0.037500 0.066667
163 0.258333 0.094444 0.037500 0.066667
38 0.295833 0.094444 0.037500 0.066667
37 0.333333 0.094444 0.037500 0.066667
132 0.370833 0.094444 0.037500 0.066667
37 0.408333 0.094444 0.037500 0.066667
130 0.445833 0.094444 0.037500 0.066667
184 0.483333 0.094444 0.037500 0.066667
8 0.520833 0.094444 0.037500 0.066667
93 0.558333 0.094444 0.037500 0.066667
92 0.595833 0.094444 0.037500 0.066667
64 0.633333 0.094444 0.037500 0.066667
131 0.670833 0.094444 0.037500 0.066667
33 0.708333 0.094444 0.037500 0.066667
29 0.745833 0.094444 0.037500 0.066667
112 0.334375 0.027778 0.033333 0.059259
186 0.363542 0.027778 0.033333 0.059259
96 0.392708 0.027778 0.033333 0.059259
13 0.421875 0.027778 0.033333 0.059259
13 0.451042 0.027778 0.033333 0.059259
14 0.247917 0.565741 0.114583 0.268519
15 0.247917 0.716667 0.120312 0.023333
203 0.195833 0.744444 0.025000 0.044444
101 0.220833 0.744444 0.025000 0.044444
424 0.245833 0.744444 0.025000 0.044444
258 0.782812 0.734259 0.025000 0.044444
146 0.807813 0.734259 0.025000 0.044444
215 0.832812 0.734259 0.025000 0.044444
485 0.842708 0.537037 0.130208 0.305556
20 0.842708 0.706481 0.136719 0.023333
72 0.842708 0.354630 0.038333 0.068148
