498 0.226563 1.000000 0.153046 0.323776
607 0.300938 0.968750 0.142404 0.313332
607 0.379687 0.943287 0.130728 0.300556
62 0.458438 0.925926 0.118005 0.285433
85 0.541562 0.925926 0.117945 0.285357
530 0.620313 0.943287 0.130669 0.300481
467 0.693594 0.968750 0.142346 0.313258
540 0.773438 1.000000 0.152989 0.323704
32 0.033333 0.094444 0.037500 0.066667
6 0.070833 0.094444 0.037500 0.066667
108 0.108333 0.094444 0.037500 0.066667
34 0.145833 0.094444 0.037500 0.066667
65 0.183333 0.094444 0.037500 0.066667
173 0.220833 0.094444 0.037500 0.066667
37 0.258333 0.094444 0.037500 0.066667
91 0.295833 0.094444 0.037500 0.066667
129 0.333333 0.094444 0.037500 0.066667
93 0.370833 0.094444 0.037500 0.066667
6 0.408333 0.094444 0.037500 0.066667
109 0.445833 0.094444 0.037500 0.066667
31 0.483333 0.094444 0.037500 0.066667
65 0.520833 0.094444 0.037500 0.066667
93 0.558333 0.094444 0.037500 0.066667
132 0.595833 0.094444 0.037500 0.066667
184 0.633333 0.094444 0.037500 0.066667
107 0.670833 0.094444 0.037500 0.066667
130 0.708333 0.094444 0.037500 0.066667
107 0.745833 0.094444 0.037500 0.066667
255 0.334375 0.027778 0.033333 0.059259
12 0.363542 0.027778 0.033333 0.059259
272 0.392708 0.027778 0.033333 0.059259
13 0.421875 0.027778 0.033333 0.059259
13 0.451042 0.027778 0.033333 0.059259
14 0.247917 0.565741 0.114583 0.268519
15 0.247917 0.716667 0.120312 0.023333
18 0.195833 0.744444 0.025000 0.044444
455 0.220833 0.744444 0.025000 0.044444
455 0.558854 0.748148 0.025000 0.044444
470 0.634375 0.562500 0.161458 0.282407
20 0.634375 0.720370 0.169531 0.023333
170 0.634375 0.391667 0.038333 0.068148
177 0.740625 0.739815 0.025000 0.044444
356 0.765625 0.739815 0.025000 0.044444
446 0.852604 0.551852 0.234375 0.287037
20 0.852604 0.712037 0.246094 0.023333
48 0.852604 0.378704 0.038333 0.068148
