235 0.500000 0.925926 0.117188 0.291667
35 0.033333 0.094444 0.037500 0.066667
65 0.070833 0.094444 0.037500 0.066667
238 0.334375 0.027778 0.033333 0.059259
303 0.363542 0.027778 0.033333 0.059259
174 0.392708 0.027778 0.033333 0.059259
336 0.421875 0.027778 0.033333 0.059259
13 0.451042 0.027778 0.033333 0.059259
14 0.247917 0.565741 0.114583 0.268519
15 0.247917 0.716667 0.120312 0.023333
168 0.195833 0.744444 0.025000 0.044444
424 0.220833 0.744444 0.025000 0.044444
44 0.245833 0.744444 0.025000 0.044444
147 0.270833 0.744444 0.025000 0.044444
337 0.564062 0.751852 0.025000 0.044444
73 0.589063 0.751852 0.025000 0.044444
590 0.650000 0.540741 0.182292 0.333333
20 0.650000 0.724074 0.191406 0.023333
21 0.650000 0.344444 0.038333 0.068148
152 0.811979 0.724074 0.025000 0.044444
315 0.845833 0.610185 0.078125 0.138889
20 0.845833 0.696296 0.082031 0.023333
48 0.845833 0.511111 0.038333 0.068148
