545 0.193750 1.000000 0.149621 0.310807
286 0.259375 0.982716 0.140084 0.302077
237 0.332656 0.955556 0.129526 0.291092
251 0.412500 0.930247 0.117934 0.277839
391 0.500000 0.925926 0.105469 0.262500
595 0.587500 0.930247 0.117877 0.277768
360 0.667344 0.955556 0.129470 0.291021
547 0.740625 0.982716 0.140029 0.302007
229 0.806250 1.000000 0.149567 0.310740
173 0.033333 0.094444 0.037500 0.066667
109 0.070833 0.094444 0.037500 0.066667
109 0.108333 0.094444 0.037500 0.066667
30 0.145833 0.094444 0.037500 0.066667
94 0.183333 0.094444 0.037500 0.066667
163 0.220833 0.094444 0.037500 0.066667
91 0.258333 0.094444 0.037500 0.066667
8 0.295833 0.094444 0.037500 0.066667
132 0.333333 0.094444 0.037500 0.066667
33 0.370833 0.094444 0.037500 0.066667
36 0.408333 0.094444 0.037500 0.066667
173 0.445833 0.094444 0.037500 0.066667
35 0.483333 0.094444 0.037500 0.066667
145 0.334375 0.027778 0.033333 0.059259
143 0.363542 0.027778 0.033333 0.059259
12 0.392708 0.027778 0.033333 0.059259
13 0.421875 0.027778 0.033333 0.059259
13 0.451042 0.027778 0.033333 0.059259
14 0.247917 0.565741 0.114583 0.268519
15 0.247917 0.716667 0.120312 0.023333
178 0.195833 0.744444 0.025000 0.044444
264 0.220833 0.744444 0.025000 0.044444
115 0.245833 0.744444 0.025000 0.044444
259 0.751042 0.743519 0.025000 0.044444
455 0.776042 0.743519 0.025000 0.044444
415 0.801042 0.743519 0.025000 0.044444
338 0.850000 0.509259 0.208333 0.379630
20 0.850000 0.715741 0.218750 0.023333
48 0.850000 0.289815 0.038333 0.068148
366 0.571875 0.724074 0.025000 0.044444
148 0.596875 0.724074 0.025000 0.044444
43 0.621875 0.724074 0.025000 0.044444
441 0.639583 0.563889 0.145833 0.231481
20 0.639583 0.696296 0.153125 0.023333
170 0.639583 0.418519 0.038333 0.068148
151 0.343229 0.748148 0.025000 0.044444
266 0.368229 0.748148 0.025000 0.044444
358 0.450000 0.537037 0.223958 0.333333
20 0.450000 0.720370 0.235156 0.023333
21 0.450000 0.340741 0.038333 0.068148
