318 0.500000 0.925926 0.117188 0.291667
5 0.033333 0.094444 0.037500 0.066667
163 0.070833 0.094444 0.037500 0.066667
34 0.108333 0.094444 0.037500 0.066667
29 0.145833 0.094444 0.037500 0.066667
8 0.183333 0.094444 0.037500 0.066667
93 0.220833 0.094444 0.037500 0.066667
131 0.258333 0.094444 0.037500 0.066667
107 0.295833 0.094444 0.037500 0.066667
67 0.333333 0.094444 0.037500 0.066667
4 0.370833 0.094444 0.037500 0.066667
94 0.408333 0.094444 0.037500 0.066667
355 0.334375 0.027778 0.033333 0.059259
290 0.363542 0.027778 0.033333 0.059259
9 0.392708 0.027778 0.033333 0.059259
40 0.421875 0.027778 0.033333 0.059259
214 0.451042 0.027778 0.033333 0.059259
14 0.247917 0.565741 0.114583 0.268519
15 0.247917 0.716667 0.120312 0.023333
135 0.195833 0.744444 0.025000 0.044444
414 0.608333 0.711111 0.025000 0.044444
206 0.650000 0.523148 0.093750 0.287037
20 0.650000 0.683333 0.098437 0.023333
82 0.650000 0.350000 0.038333 0.068148
328 0.782292 0.720370 0.025000 0.044444
402 0.807292 0.720370 0.025000 0.044444
273 0.832292 0.720370 0.025000 0.044444
239 0.857292 0.720370 0.025000 0.044444
601 0.850000 0.546296 0.145833 0.259259
20 0.850000 0.692593 0.153125 0.023333
48 0.850000 0.387037 0.038333 0.068148
