578 0.351250 0.960648 0.137609 0.316375
126 0.449688 0.935185 0.124215 0.300456
565 0.550312 0.935185 0.124152 0.300376
433 0.648750 0.960648 0.137546 0.316296
163 0.033333 0.094444 0.037500 0.066667
35 0.070833 0.094444 0.037500 0.066667
91 0.108333 0.094444 0.037500 0.066667
130 0.145833 0.094444 0.037500 0.066667
93 0.183333 0.094444 0.037500 0.066667
64 0.220833 0.094444 0.037500 0.066667
109 0.258333 0.094444 0.037500 0.066667
37 0.295833 0.094444 0.037500 0.066667
64 0.333333 0.094444 0.037500 0.066667
38 0.370833 0.094444 0.037500 0.066667
37 0.408333 0.094444 0.037500 0.066667
36 0.445833 0.094444 0.037500 0.066667
28 0.483333 0.094444 0.037500 0.066667
36 0.520833 0.094444 0.037500 0.066667
37 0.558333 0.094444 0.037500 0.066667
64 0.595833 0.094444 0.037500 0.066667
65 0.633333 0.094444 0.037500 0.066667
173 0.670833 0.094444 0.037500 0.066667
35 0.708333 0.094444 0.037500 0.066667
34 0.745833 0.094444 0.037500 0.066667
144 0.334375 0.027778 0.033333 0.059259
95 0.363542 0.027778 0.033333 0.059259
355 0.392708 0.027778 0.033333 0.059259
96 0.421875 0.027778 0.033333 0.059259
11 0.451042 0.027778 0.033333 0.059259
14 0.247917 0.565741 0.114583 0.268519
15 0.247917 0.716667 0.120312 0.023333
314 0.195833 0.744444 0.025000 0.044444
265 0.220833 0.744444 0.025000 0.044444
138 0.245833 0.744444 0.025000 0.044444
147 0.270833 0.744444 0.025000 0.044444
215 0.842188 0.728704 0.025000 0.044444
396 0.870833 0.600926 0.067708 0.166667
20 0.870833 0.700926 0.071094 0.023333
158 0.870833 0.487963 0.038333 0.068148
