634 0.314063 0.986111 0.143917 0.323435
462 0.401563 0.953704 0.131037 0.308710
213 0.500000 0.935185 0.117188 0.291667
321 0.598437 0.953704 0.130975 0.308631
471 0.685938 0.986111 0.143855 0.323357
131 0.033333 0.094444 0.037500 0.066667
184 0.070833 0.094444 0.037500 0.066667
35 0.108333 0.094444 0.037500 0.066667
28 0.145833 0.094444 0.037500 0.066667
92 0.183333 0.094444 0.037500 0.066667
108 0.220833 0.094444 0.037500 0.066667
108 0.258333 0.094444 0.037500 0.066667
8 0.295833 0.094444 0.037500 0.066667
91 0.333333 0.094444 0.037500 0.066667
110 0.370833 0.094444 0.037500 0.066667
36 0.408333 0.094444 0.037500 0.066667
64 0.445833 0.094444 0.037500 0.066667
200 0.334375 0.027778 0.033333 0.059259
377 0.363542 0.027778 0.033333 0.059259
324 0.392708 0.027778 0.033333 0.059259
113 0.421875 0.027778 0.033333 0.059259
112 0.451042 0.027778 0.033333 0.059259
14 0.247917 0.565741 0.114583 0.268519
15 0.247917 0.716667 0.120312 0.023333
45 0.195833 0.744444 0.025000 0.044444
176 0.220833 0.744444 0.025000 0.044444
55 0.811979 0.735185 0.025000 0.044444
549 0.845833 0.621296 0.078125 0.138889
20 0.845833 0.707407 0.082031 0.023333
216 0.845833 0.522222 0.038333 0.068148
