605 0.182812 1.000000 0.145411 0.296825
350 0.237500 0.976852 0.136936 0.289694
495 0.303125 0.951852 0.127414 0.280350
444 0.379687 0.928704 0.116968 0.268919
418 0.456250 0.921296 0.105583 0.255387
252 0.543750 0.921296 0.105530 0.255319
473 0.620313 0.928704 0.116914 0.268851
236 0.696875 0.951852 0.127362 0.280284
389 0.762500 0.976852 0.136885 0.289630
387 0.817187 1.000000 0.145376 0.296799
34 0.033333 0.094444 0.037500 0.066667
93 0.070833 0.094444 0.037500 0.066667
65 0.108333 0.094444 0.037500 0.066667
184 0.145833 0.094444 0.037500 0.066667
36 0.183333 0.094444 0.037500 0.066667
28 0.220833 0.094444 0.037500 0.066667
130 0.258333 0.094444 0.037500 0.066667
32 0.295833 0.094444 0.037500 0.066667
38 0.333333 0.094444 0.037500 0.066667
33 0.370833 0.094444 0.037500 0.066667
28 0.408333 0.094444 0.037500 0.066667
66 0.445833 0.094444 0.037500 0.066667
66 0.483333 0.094444 0.037500 0.066667
8 0.520833 0.094444 0.037500 0.066667
8 0.558333 0.094444 0.037500 0.066667
131 0.595833 0.094444 0.037500 0.066667
8 0.633333 0.094444 0.037500 0.066667
355 0.334375 0.027778 0.033333 0.059259
111 0.363542 0.027778 0.033333 0.059259
13 0.392708 0.027778 0.033333 0.059259
13 0.421875 0.027778 0.033333 0.059259
13 0.451042 0.027778 0.033333 0.059259
14 0.247917 0.565741 0.114583 0.268519
15 0.247917 0.716667 0.120312 0.023333
326 0.195833 0.744444 0.025000 0.044444
205 0.220833 0.744444 0.025000 0.044444
454 0.245833 0.744444 0.025000 0.044444
97 0.270833 0.744444 0.025000 0.044444
524 0.758854 0.748148 0.025000 0.044444
164 0.783854 0.748148 0.025000 0.044444
153 0.808854 0.748148 0.025000 0.044444
470 0.834375 0.562500 0.161458 0.282407
20 0.834375 0.720370 0.169531 0.023333
170 0.834375 0.391667 0.038333 0.068148
