198 0.182812 1.000000 0.145411 0.296825
655 0.237500 0.976852 0.136936 0.289694
247 0.303125 0.951852 0.127414 0.280350
317 0.379687 0.928704 0.116968 0.268919
652 0.456250 0.921296 0.105583 0.255387
617 0.543750 0.921296 0.105530 0.255319
440 0.620313 0.928704 0.116914 0.268851
541 0.696875 0.951852 0.127362 0.280284
142 0.762500 0.976852 0.136885 0.289630
83 0.817187 1.000000 0.145376 0.296799
30 0.033333 0.094444 0.037500 0.066667
109 0.070833 0.094444 0.037500 0.066667
130 0.108333 0.094444 0.037500 0.066667
93 0.145833 0.094444 0.037500 0.066667
31 0.183333 0.094444 0.037500 0.066667
66 0.220833 0.094444 0.037500 0.066667
93 0.258333 0.094444 0.037500 0.066667
199 0.295833 0.094444 0.037500 0.066667
66 0.333333 0.094444 0.037500 0.066667
131 0.370833 0.094444 0.037500 0.066667
199 0.408333 0.094444 0.037500 0.066667
7 0.445833 0.094444 0.037500 0.066667
163 0.483333 0.094444 0.037500 0.066667
34 0.520833 0.094444 0.037500 0.066667
7 0.558333 0.094444 0.037500 0.066667
377 0.334375 0.027778 0.033333 0.059259
13 0.363542 0.027778 0.033333 0.059259
13 0.392708 0.027778 0.033333 0.059259
13 0.421875 0.027778 0.033333 0.059259
13 0.451042 0.027778 0.033333 0.059259
14 0.247917 0.565741 0.114583 0.268519
15 0.247917 0.716667 0.120312 0.023333
270 0.195833 0.744444 0.025000 0.044444
78 0.220833 0.744444 0.025000 0.044444
408 0.748438 0.729630 0.025000 0.044444
326 0.773438 0.729630 0.025000 0.044444
176 0.798437 0.729630 0.025000 0.044444
202 0.823438 0.729630 0.025000 0.044444
278 0.860417 0.476852 0.234375 0.416667
20 0.860417 0.701852 0.246094 0.023333
170 0.860417 0.238889 0.038333 0.068148
