420 0.182812 1.000000 0.145411 0.296825
419 0.237500 0.976852 0.136936 0.289694
540 0.303125 0.951852 0.127414 0.280350
595 0.379687 0.928704 0.116968 0.268919
379 0.456250 0.921296 0.105583 0.255387
365 0.543750 0.921296 0.105530 0.255319
181 0.620313 0.928704 0.116914 0.268851
474 0.696875 0.951852 0.127362 0.280284
654 0.762500 0.976852 0.136885 0.289630
364 0.817187 1.000000 0.145376 0.296799
64 0.033333 0.094444 0.037500 0.066667
145 0.334375 0.027778 0.033333 0.059259
143 0.363542 0.027778 0.033333 0.059259
13 0.392708 0.027778 0.033333 0.059259
13 0.421875 0.027778 0.033333 0.059259
13 0.451042 0.027778 0.033333 0.059259
14 0.247917 0.565741 0.114583 0.268519
15 0.247917 0.716667 0.120312 0.023333
175 0.195833 0.744444 0.025000 0.044444
120 0.220833 0.744444 0.025000 0.044444
79 0.245833 0.744444 0.025000 0.044444
328 0.270833 0.744444 0.025000 0.044444
266 0.810938 0.729630 0.025000 0.044444
371 0.835938 0.729630 0.025000 0.044444
155 0.860937 0.729630 0.025000 0.044444
326 0.885938 0.729630 0.025000 0.044444
405 0.850000 0.578704 0.088542 0.212963
20 0.850000 0.701852 0.092969 0.023333
170 0.850000 0.442593 0.038333 0.068148
222 0.551042 0.731481 0.025000 0.044444
73 0.576042 0.731481 0.025000 0.044444
19 0.650000 0.525000 0.208333 0.324074
20 0.650000 0.703704 0.218750 0.023333
21 0.650000 0.333333 0.038333 0.068148
