308 0.270312 0.986111 0.149899 0.329824
301 0.357812 0.949074 0.137609 0.316375
309 0.452969 0.925926 0.124215 0.300456
310 0.547031 0.925926 0.124152 0.300376
181 0.642187 0.949074 0.137546 0.316296
311 0.729688 0.986111 0.149838 0.329746
130 0.033333 0.094444 0.037500 0.066667
130 0.070833 0.094444 0.037500 0.066667
107 0.108333 0.094444 0.037500 0.066667
35 0.145833 0.094444 0.037500 0.066667
107 0.183333 0.094444 0.037500 0.066667
107 0.220833 0.094444 0.037500 0.066667
65 0.258333 0.094444 0.037500 0.066667
94 0.295833 0.094444 0.037500 0.066667
184 0.333333 0.094444 0.037500 0.066667
92 0.370833 0.094444 0.037500 0.066667
132 0.408333 0.094444 0.037500 0.066667
37 0.445833 0.094444 0.037500 0.066667
133 0.334375 0.027778 0.033333 0.059259
303 0.363542 0.027778 0.033333 0.059259
303 0.392708 0.027778 0.033333 0.059259
272 0.421875 0.027778 0.033333 0.059259
13 0.451042 0.027778 0.033333 0.059259
14 0.247917 0.565741 0.114583 0.268519
15 0.247917 0.716667 0.120312 0.023333
100 0.195833 0.744444 0.025000 0.044444
305 0.220833 0.744444 0.025000 0.044444
99 0.245833 0.744444 0.025000 0.044444
18 0.608333 0.725000 0.025000 0.044444
47 0.650000 0.615741 0.093750 0.129630
20 0.650000 0.697222 0.098437 0.023333
48 0.650000 0.521296 0.038333 0.068148
265 0.753646 0.725926 0.025000 0.044444
243 0.850000 0.500926 0.203125 0.361111
20 0.850000 0.698148 0.213281 0.023333
170 0.850000 0.290741 0.038333 0.068148
