499 0.270312 0.986111 0.149899 0.329824
453 0.357812 0.949074 0.137609 0.316375
234 0.452969 0.925926 0.124215 0.300456
578 0.547031 0.925926 0.124152 0.300376
536 0.642187 0.949074 0.137546 0.316296
642 0.729688 0.986111 0.149838 0.329746
109 0.033333 0.094444 0.037500 0.066667
7 0.070833 0.094444 0.037500 0.066667
29 0.108333 0.094444 0.037500 0.066667
129 0.145833 0.094444 0.037500 0.066667
38 0.183333 0.094444 0.037500 0.066667
130 0.220833 0.094444 0.037500 0.066667
7 0.258333 0.094444 0.037500 0.066667
108 0.295833 0.094444 0.037500 0.066667
31 0.333333 0.094444 0.037500 0.066667
5 0.370833 0.094444 0.037500 0.066667
29 0.408333 0.094444 0.037500 0.066667
107 0.445833 0.094444 0.037500 0.066667
35 0.483333 0.094444 0.037500 0.066667
12 0.334375 0.027778 0.033333 0.059259
290 0.363542 0.027778 0.033333 0.059259
272 0.392708 0.027778 0.033333 0.059259
13 0.421875 0.027778 0.033333 0.059259
13 0.451042 0.027778 0.033333 0.059259
14 0.247917 0.565741 0.114583 0.268519
15 0.247917 0.716667 0.120312 0.023333
256 0.195833 0.744444 0.025000 0.044444
215 0.423958 0.706481 0.025000 0.044444
42 0.448958 0.706481 0.025000 0.044444
242 0.473958 0.706481 0.025000 0.044444
115 0.498958 0.706481 0.025000 0.044444
71 0.450000 0.569444 0.062500 0.185185
20 0.450000 0.678704 0.065625 0.023333
72 0.450000 0.447222 0.038333 0.068148
164 0.758854 0.748148 0.025000 0.044444
277 0.783854 0.748148 0.025000 0.044444
114 0.808854 0.748148 0.025000 0.044444
470 0.834375 0.562500 0.161458 0.282407
20 0.834375 0.720370 0.169531 0.023333
48 0.834375 0.391667 0.038333 0.068148
137 0.540625 0.739815 0.025000 0.044444
295 0.565625 0.739815 0.025000 0.044444
124 0.590625 0.739815 0.025000 0.044444
446 0.652604 0.551852 0.234375 0.287037
20 0.652604 0.712037 0.246094 0.023333
167 0.652604 0.378704 0.038333 0.068148
