182 0.193750 1.000000 0.149621 0.310807
640 0.259375 0.982716 0.140084 0.302077
344 0.332656 0.955556 0.129526 0.291092
630 0.412500 0.930247 0.117934 0.277839
219 0.500000 0.925926 0.105469 0.262500
440 0.587500 0.930247 0.117877 0.277768
440 0.667344 0.955556 0.129470 0.291021
283 0.740625 0.982716 0.140029 0.302007
403 0.806250 1.000000 0.149567 0.310740
132 0.033333 0.094444 0.037500 0.066667
109 0.070833 0.094444 0.037500 0.066667
107 0.108333 0.094444 0.037500 0.066667
184 0.145833 0.094444 0.037500 0.066667
4 0.183333 0.094444 0.037500 0.066667
94 0.220833 0.094444 0.037500 0.066667
5 0.258333 0.094444 0.037500 0.066667
184 0.295833 0.094444 0.037500 0.066667
91 0.333333 0.094444 0.037500 0.066667
6 0.370833 0.094444 0.037500 0.066667
173 0.408333 0.094444 0.037500 0.066667
67 0.445833 0.094444 0.037500 0.066667
163 0.483333 0.094444 0.037500 0.066667
36 0.520833 0.094444 0.037500 0.066667
174 0.334375 0.027778 0.033333 0.059259
111 0.363542 0.027778 0.033333 0.059259
112 0.392708 0.027778 0.033333 0.059259
13 0.421875 0.027778 0.033333 0.059259
13 0.451042 0.027778 0.033333 0.059259
14 0.247917 0.565741 0.114583 0.268519
15 0.247917 0.716667 0.120312 0.023333
156 0.195833 0.744444 0.025000 0.044444
347 0.220833 0.744444 0.025000 0.044444
103 0.245833 0.744444 0.025000 0.044444
325 0.771875 0.734259 0.025000 0.044444
414 0.796875 0.734259 0.025000 0.044444
149 0.850000 0.587963 0.166667 0.203704
20 0.850000 0.706481 0.175000 0.023333
150 0.850000 0.456481 0.038333 0.068148
52 0.558854 0.748148 0.025000 0.044444
470 0.634375 0.562500 0.161458 0.282407
20 0.634375 0.720370 0.169531 0.023333
48 0.634375 0.391667 0.038333 0.068148
