643 0.314063 0.986111 0.143917 0.323435
128 0.401563 0.953704 0.131037 0.308710
615 0.500000 0.935185 0.117188 0.291667
610 0.598437 0.953704 0.130975 0.308631
430 0.685938 0.986111 0.143855 0.323357
184 0.033333 0.094444 0.037500 0.066667
132 0.070833 0.094444 0.037500 0.066667
377 0.334375 0.027778 0.033333 0.059259
13 0.363542 0.027778 0.033333 0.059259
13 0.392708 0.027778 0.033333 0.059259
13 0.421875 0.027778 0.033333 0.059259
13 0.451042 0.027778 0.033333 0.059259
14 0.247917 0.565741 0.114583 0.268519
15 0.247917 0.716667 0.120312 0.023333
69 0.195833 0.744444 0.025000 0.044444
402 0.608333 0.706481 0.025000 0.044444
435 0.633333 0.706481 0.025000 0.044444
47 0.650000 0.597222 0.093750 0.129630
20 0.650000 0.678704 0.098437 0.023333
48 0.650000 0.502778 0.038333 0.068148
103 0.410937 0.729630 0.025000 0.044444
123 0.435937 0.729630 0.025000 0.044444
405 0.450000 0.578704 0.088542 0.212963
20 0.450000 0.701852 0.092969 0.023333
170 0.450000 0.442593 0.038333 0.068148
17 0.818750 0.706481 0.025000 0.044444
268 0.843750 0.706481 0.025000 0.044444
483 0.868750 0.706481 0.025000 0.044444
222 0.893750 0.706481 0.025000 0.044444
57 0.850000 0.601852 0.072917 0.120370
20 0.850000 0.678704 0.076563 0.023333
48 0.850000 0.512037 0.038333 0.068148
