647 0.182812 1.000000 0.145411 0.296825
271 0.237500 0.976852 0.136936 0.289694
427 0.303125 0.951852 0.127414 0.280350
514 0.379687 0.928704 0.116968 0.268919
411 0.456250 0.921296 0.105583 0.255387
449 0.543750 0.921296 0.105530 0.255319
488 0.620313 0.928704 0.116914 0.268851
419 0.696875 0.951852 0.127362 0.280284
365 0.762500 0.976852 0.136885 0.289630
234 0.817187 1.000000 0.145376 0.296799
109 0.033333 0.094444 0.037500 0.066667
7 0.070833 0.094444 0.037500 0.066667
163 0.108333 0.094444 0.037500 0.066667
199 0.145833 0.094444 0.037500 0.066667
64 0.183333 0.094444 0.037500 0.066667
108 0.220833 0.094444 0.037500 0.066667
304 0.334375 0.027778 0.033333 0.059259
39 0.363542 0.027778 0.033333 0.059259
112 0.392708 0.027778 0.033333 0.059259
13 0.421875 0.027778 0.033333 0.059259
13 0.451042 0.027778 0.033333 0.059259
14 0.247917 0.565741 0.114583 0.268519
15 0.247917 0.716667 0.120312 0.023333
356 0.195833 0.744444 0.025000 0.044444
307 0.220833 0.744444 0.025000 0.044444
101 0.608333 0.711111 0.025000 0.044444
469 0.633333 0.711111 0.025000 0.044444
266 0.658333 0.711111 0.025000 0.044444
47 0.650000 0.601852 0.093750 0.129630
20 0.650000 0.683333 0.098437 0.023333
82 0.650000 0.507407 0.038333 0.068148
264 0.842188 0.728704 0.025000 0.044444
165 0.867188 0.728704 0.025000 0.044444
369 0.892187 0.728704 0.025000 0.044444
396 0.870833 0.600926 0.067708 0.166667
20 0.870833 0.700926 0.071094 0.023333
158 0.870833 0.487963 0.038333 0.068148
