597 0.314063 0.986111 0.143917 0.323435
309 0.401563 0.953704 0.131037 0.308710
233 0.500000 0.935185 0.117188 0.291667
463 0.598437 0.953704 0.130975 0.308631
126 0.685938 0.986111 0.143855 0.323357
36 0.033333 0.094444 0.037500 0.066667
163 0.070833 0.094444 0.037500 0.066667
173 0.108333 0.094444 0.037500 0.066667
132 0.145833 0.094444 0.037500 0.066667
199 0.183333 0.094444 0.037500 0.066667
92 0.220833 0.094444 0.037500 0.066667
67 0.258333 0.094444 0.037500 0.066667
130 0.295833 0.094444 0.037500 0.066667
93 0.333333 0.094444 0.037500 0.066667
130 0.370833 0.094444 0.037500 0.066667
66 0.408333 0.094444 0.037500 0.066667
214 0.334375 0.027778 0.033333 0.059259
95 0.363542 0.027778 0.033333 0.059259
143 0.392708 0.027778 0.033333 0.059259
254 0.421875 0.027778 0.033333 0.059259
68 0.451042 0.027778 0.033333 0.059259
14 0.247917 0.565741 0.114583 0.268519
15 0.247917 0.716667 0.120312 0.023333
139 0.195833 0.744444 0.025000 0.044444
18 0.795313 0.748148 0.025000 0.044444
328 0.820313 0.748148 0.025000 0.044444
273 0.845312 0.748148 0.025000 0.044444
482 0.850000 0.587963 0.119792 0.231481
20 0.850000 0.720370 0.125781 0.023333
216 0.850000 0.442593 0.038333 0.068148
294 0.442187 0.728704 0.025000 0.044444
337 0.467187 0.728704 0.025000 0.044444
228 0.492188 0.728704 0.025000 0.044444
396 0.470833 0.600926 0.067708 0.166667
20 0.470833 0.700926 0.071094 0.023333
158 0.470833 0.487963 0.038333 0.068148
414 0.603125 0.733333 0.025000 0.044444
242 0.628125 0.733333 0.025000 0.044444
205 0.653125 0.733333 0.025000 0.044444
259 0.678125 0.733333 0.025000 0.044444
319 0.647396 0.605556 0.098958 0.166667
20 0.647396 0.705556 0.103906 0.023333
48 0.647396 0.492593 0.038333 0.068148
