333 0.314063 0.986111 0.143917 0.323435
560 0.401563 0.953704 0.131037 0.308710
545 0.500000 0.935185 0.117188 0.291667
128 0.598437 0.953704 0.130975 0.308631
219 0.685938 0.986111 0.143855 0.323357
31 0.033333 0.094444 0.037500 0.066667
110 0.070833 0.094444 0.037500 0.066667
173 0.108333 0.094444 0.037500 0.066667
107 0.145833 0.094444 0.037500 0.066667
35 0.183333 0.094444 0.037500 0.066667
93 0.220833 0.094444 0.037500 0.066667
7 0.258333 0.094444 0.037500 0.066667
93 0.295833 0.094444 0.037500 0.066667
93 0.333333 0.094444 0.037500 0.066667
38 0.370833 0.094444 0.037500 0.066667
6 0.408333 0.094444 0.037500 0.066667
66 0.445833 0.094444 0.037500 0.066667
173 0.483333 0.094444 0.037500 0.066667
28 0.520833 0.094444 0.037500 0.066667
7 0.558333 0.094444 0.037500 0.066667
64 0.595833 0.094444 0.037500 0.066667
107 0.633333 0.094444 0.037500 0.066667
143 0.334375 0.027778 0.033333 0.059259
377 0.363542 0.027778 0.033333 0.059259
13 0.392708 0.027778 0.033333 0.059259
13 0.421875 0.027778 0.033333 0.059259
13 0.451042 0.027778 0.033333 0.059259
14 0.247917 0.565741 0.114583 0.268519
15 0.247917 0.716667 0.120312 0.023333
104 0.195833 0.744444 0.025000 0.044444
100 0.220833 0.744444 0.025000 0.044444
240 0.245833 0.744444 0.025000 0.044444
326 0.725000 0.752778 0.025000 0.044444
49 0.750000 0.752778 0.025000 0.044444
397 0.844792 0.509259 0.250000 0.398148
20 0.844792 0.725000 0.262500 0.023333
21 0.844792 0.280556 0.038333 0.068148
