433 0.351250 0.960648 0.137609 0.316375
388 0.449688 0.935185 0.124215 0.300456
365 0.550312 0.935185 0.124152 0.300376
511 0.648750 0.960648 0.137546 0.316296
173 0.033333 0.094444 0.037500 0.066667
163 0.070833 0.094444 0.037500 0.066667
66 0.108333 0.094444 0.037500 0.066667
145 0.334375 0.027778 0.033333 0.059259
336 0.363542 0.027778 0.033333 0.059259
272 0.392708 0.027778 0.033333 0.059259
13 0.421875 0.027778 0.033333 0.059259
13 0.451042 0.027778 0.033333 0.059259
14 0.247917 0.565741 0.114583 0.268519
15 0.247917 0.716667 0.120312 0.023333
136 0.195833 0.744444 0.025000 0.044444
156 0.220833 0.744444 0.025000 0.044444
326 0.245833 0.744444 0.025000 0.044444
264 0.421354 0.724074 0.025000 0.044444
415 0.446354 0.724074 0.025000 0.044444
79 0.471354 0.724074 0.025000 0.044444
77 0.496354 0.724074 0.025000 0.044444
260 0.450000 0.633333 0.067708 0.092593
20 0.450000 0.696296 0.071094 0.023333
48 0.450000 0.557407 0.038333 0.068148
402 0.642187 0.728704 0.025000 0.044444
70 0.667188 0.728704 0.025000 0.044444
396 0.670833 0.600926 0.067708 0.166667
20 0.670833 0.700926 0.071094 0.023333
158 0.670833 0.487963 0.038333 0.068148
164 0.797917 0.748148 0.025000 0.044444
179 0.850000 0.555556 0.114583 0.296296
20 0.850000 0.720370 0.120312 0.023333
170 0.850000 0.377778 0.038333 0.068148
