320 0.314063 0.986111 0.143917 0.323435
578 0.401563 0.953704 0.131037 0.308710
160 0.500000 0.935185 0.117188 0.291667
453 0.598437 0.953704 0.130975 0.308631
262 0.685938 0.986111 0.143855 0.323357
30 0.033333 0.094444 0.037500 0.066667
109 0.070833 0.094444 0.037500 0.066667
38 0.108333 0.094444 0.037500 0.066667
130 0.145833 0.094444 0.037500 0.066667
132 0.183333 0.094444 0.037500 0.066667
33 0.220833 0.094444 0.037500 0.066667
38 0.258333 0.094444 0.037500 0.066667
37 0.295833 0.094444 0.037500 0.066667
65 0.333333 0.094444 0.037500 0.066667
33 0.370833 0.094444 0.037500 0.066667
5 0.408333 0.094444 0.037500 0.066667
36 0.445833 0.094444 0.037500 0.066667
64 0.483333 0.094444 0.037500 0.066667
4 0.520833 0.094444 0.037500 0.066667
37 0.558333 0.094444 0.037500 0.066667
200 0.334375 0.027778 0.033333 0.059259
377 0.363542 0.027778 0.033333 0.059259
290 0.392708 0.027778 0.033333 0.059259
13 0.421875 0.027778 0.033333 0.059259
13 0.451042 0.027778 0.033333 0.059259
14 0.247917 0.565741 0.114583 0.268519
15 0.247917 0.716667 0.120312 0.023333
134 0.195833 0.744444 0.025000 0.044444
273 0.220833 0.744444 0.025000 0.044444
73 0.548437 0.729630 0.025000 0.044444
268 0.573438 0.729630 0.025000 0.044444
278 0.660417 0.476852 0.234375 0.416667
20 0.660417 0.701852 0.246094 0.023333
170 0.660417 0.238889 0.038333 0.068148
215 0.364062 0.751852 0.025000 0.044444
402 0.389062 0.751852 0.025000 0.044444
175 0.414063 0.751852 0.025000 0.044444
369 0.439063 0.751852 0.025000 0.044444
590 0.450000 0.540741 0.182292 0.333333
20 0.450000 0.724074 0.191406 0.023333
21 0.450000 0.344444 0.038333 0.068148
424 0.753646 0.729630 0.025000 0.044444
299 0.778646 0.729630 0.025000 0.044444
414 0.803646 0.729630 0.025000 0.044444
402 0.828646 0.729630 0.025000 0.044444
383 0.850000 0.504630 0.203125 0.361111
20 0.850000 0.701852 0.213281 0.023333
216 0.850000 0.294444 0.038333 0.068148
