606 0.182812 1.000000 0.145411 0.296825
537 0.237500 0.976852 0.136936 0.289694
575 0.303125 0.951852 0.127414 0.280350
193 0.379687 0.928704 0.116968 0.268919
463 0.456250 0.921296 0.105583 0.255387
22 0.543750 0.921296 0.105530 0.255319
475 0.620313 0.928704 0.116914 0.268851
392 0.696875 0.951852 0.127362 0.280284
352 0.762500 0.976852 0.136885 0.289630
370 0.817187 1.000000 0.145376 0.296799
110 0.033333 0.094444 0.037500 0.066667
29 0.070833 0.094444 0.037500 0.066667
163 0.108333 0.094444 0.037500 0.066667
381 0.334375 0.027778 0.033333 0.059259
324 0.363542 0.027778 0.033333 0.059259
214 0.392708 0.027778 0.033333 0.059259
377 0.421875 0.027778 0.033333 0.059259
303 0.451042 0.027778 0.033333 0.059259
14 0.247917 0.565741 0.114583 0.268519
15 0.247917 0.716667 0.120312 0.023333
313 0.195833 0.744444 0.025000 0.044444
265 0.220833 0.744444 0.025000 0.044444
118 0.245833 0.744444 0.025000 0.044444
294 0.270833 0.744444 0.025000 0.044444
327 0.777083 0.729630 0.025000 0.044444
122 0.802083 0.729630 0.025000 0.044444
77 0.827083 0.729630 0.025000 0.044444
464 0.850000 0.601852 0.156250 0.166667
20 0.850000 0.701852 0.164063 0.023333
170 0.850000 0.488889 0.038333 0.068148
104 0.558854 0.748148 0.025000 0.044444
43 0.583854 0.748148 0.025000 0.044444
118 0.608854 0.748148 0.025000 0.044444
470 0.634375 0.562500 0.161458 0.282407
20 0.634375 0.720370 0.169531 0.023333
170 0.634375 0.391667 0.038333 0.068148
