90 0.226563 1.000000 0.153046 0.323776
393 0.300938 0.968750 0.142404 0.313332
407 0.379687 0.943287 0.130728 0.300556
473 0.458438 0.925926 0.118005 0.285433
344 0.541562 0.925926 0.117945 0.285357
606 0.620313 0.943287 0.130669 0.300481
341 0.693594 0.968750 0.142346 0.313258
577 0.773438 1.000000 0.152989 0.323704
30 0.033333 0.094444 0.037500 0.066667
35 0.070833 0.094444 0.037500 0.066667
33 0.108333 0.094444 0.037500 0.066667
94 0.145833 0.094444 0.037500 0.066667
8 0.183333 0.094444 0.037500 0.066667
66 0.220833 0.094444 0.037500 0.066667
93 0.258333 0.094444 0.037500 0.066667
91 0.295833 0.094444 0.037500 0.066667
64 0.333333 0.094444 0.037500 0.066667
66 0.370833 0.094444 0.037500 0.066667
8 0.408333 0.094444 0.037500 0.066667
109 0.445833 0.094444 0.037500 0.066667
32 0.483333 0.094444 0.037500 0.066667
32 0.520833 0.094444 0.037500 0.066667
37 0.558333 0.094444 0.037500 0.066667
129 0.595833 0.094444 0.037500 0.066667
199 0.633333 0.094444 0.037500 0.066667
133 0.334375 0.027778 0.033333 0.059259
13 0.363542 0.027778 0.033333 0.059259
13 0.392708 0.027778 0.033333 0.059259
13 0.421875 0.027778 0.033333 0.059259
13 0.451042 0.027778 0.033333 0.059259
14 0.247917 0.565741 0.114583 0.268519
15 0.247917 0.716667 0.120312 0.023333
164 0.195833 0.744444 0.025000 0.044444
156 0.220833 0.744444 0.025000 0.044444
378 0.245833 0.744444 0.025000 0.044444
153 0.597917 0.748148 0.025000 0.044444
215 0.622917 0.748148 0.025000 0.044444
325 0.647917 0.748148 0.025000 0.044444
179 0.650000 0.555556 0.114583 0.296296
20 0.650000 0.720370 0.120312 0.023333
48 0.650000 0.377778 0.038333 0.068148
366 0.766667 0.738889 0.025000 0.044444
178 0.791667 0.738889 0.025000 0.044444
46 0.816667 0.738889 0.025000 0.044444
118 0.841667 0.738889 0.025000 0.044444
422 0.852604 0.490741 0.182292 0.407407
20 0.852604 0.711111 0.191406 0.023333
48 0.852604 0.257407 0.038333 0.068148
