473 0.401563 0.953704 0.131037 0.308710
23 0.500000 0.925926 0.117188 0.291667
499 0.598437 0.953704 0.130975 0.308631
109 0.033333 0.094444 0.037500 0.066667
7 0.070833 0.094444 0.037500 0.066667
5 0.108333 0.094444 0.037500 0.066667
34 0.145833 0.094444 0.037500 0.066667
7 0.183333 0.094444 0.037500 0.066667
29 0.220833 0.094444 0.037500 0.066667
185 0.334375 0.027778 0.033333 0.059259
13 0.363542 0.027778 0.033333 0.059259
13 0.392708 0.027778 0.033333 0.059259
13 0.421875 0.027778 0.033333 0.059259
13 0.451042 0.027778 0.033333 0.059259
14 0.247917 0.565741 0.114583 0.268519
15 0.247917 0.716667 0.120312 0.023333
265 0.195833 0.744444 0.025000 0.044444
120 0.220833 0.744444 0.025000 0.044444
202 0.245833 0.744444 0.025000 0.044444
306 0.821354 0.724074 0.025000 0.044444
222 0.846354 0.724074 0.025000 0.044444
260 0.850000 0.633333 0.067708 0.092593
20 0.850000 0.696296 0.071094 0.023333
48 0.850000 0.557407 0.038333 0.068148
120 0.551042 0.743519 0.025000 0.044444
416 0.576042 0.743519 0.025000 0.044444
256 0.601042 0.743519 0.025000 0.044444
338 0.650000 0.509259 0.208333 0.379630
20 0.650000 0.715741 0.218750 0.023333
48 0.650000 0.289815 0.038333 0.068148
207 0.353646 0.729630 0.025000 0.044444
97 0.378646 0.729630 0.025000 0.044444
100 0.403646 0.729630 0.025000 0.044444
383 0.450000 0.504630 0.203125 0.361111
20 0.450000 0.701852 0.213281 0.023333
216 0.450000 0.294444 0.038333 0.068148
