219 0.182812 1.000000 0.145411 0.296825
361 0.237500 0.976852 0.136936 0.289694
526 0.303125 0.951852 0.127414 0.280350
25 0.379687 0.928704 0.116968 0.268919
560 0.456250 0.921296 0.105583 0.255387
249 0.543750 0.921296 0.105530 0.255319
535 0.620313 0.928704 0.116914 0.268851
561 0.696875 0.951852 0.127362 0.280284
379 0.762500 0.976852 0.136885 0.289630
26 0.817187 1.000000 0.145376 0.296799
33 0.033333 0.094444 0.037500 0.066667
199 0.070833 0.094444 0.037500 0.066667
94 0.108333 0.094444 0.037500 0.066667
31 0.145833 0.094444 0.037500 0.066667
184 0.183333 0.094444 0.037500 0.066667
173 0.220833 0.094444 0.037500 0.066667
129 0.258333 0.094444 0.037500 0.066667
6 0.295833 0.094444 0.037500 0.066667
32 0.333333 0.094444 0.037500 0.066667
34 0.370833 0.094444 0.037500 0.066667
38 0.408333 0.094444 0.037500 0.066667
93 0.445833 0.094444 0.037500 0.066667
107 0.483333 0.094444 0.037500 0.066667
130 0.520833 0.094444 0.037500 0.066667
34 0.558333 0.094444 0.037500 0.066667
130 0.595833 0.094444 0.037500 0.066667
255 0.334375 0.027778 0.033333 0.059259
143 0.363542 0.027778 0.033333 0.059259
377 0.392708 0.027778 0.033333 0.059259
145 0.421875 0.027778 0.033333 0.059259
304 0.451042 0.027778 0.033333 0.059259
14 0.247917 0.565741 0.114583 0.268519
15 0.247917 0.716667 0.120312 0.023333
483 0.195833 0.744444 0.025000 0.044444
151 0.220833 0.744444 0.025000 0.044444
390 0.808333 0.706481 0.025000 0.044444
99 0.833333 0.706481 0.025000 0.044444
146 0.858333 0.706481 0.025000 0.044444
47 0.850000 0.597222 0.093750 0.129630
20 0.850000 0.678704 0.098437 0.023333
48 0.850000 0.502778 0.038333 0.068148
371 0.526042 0.729630 0.025000 0.044444
265 0.551042 0.729630 0.025000 0.044444
165 0.576042 0.729630 0.025000 0.044444
46 0.601042 0.729630 0.025000 0.044444
282 0.644792 0.495370 0.247917 0.379630
20 0.644792 0.701852 0.260312 0.023333
48 0.644792 0.275926 0.038333 0.068148
