512 0.270312 0.986111 0.149899 0.329824
288 0.357812 0.949074 0.137609 0.316375
316 0.452969 0.925926 0.124215 0.300456
509 0.547031 0.925926 0.124152 0.300376
491 0.642187 0.949074 0.137546 0.316296
565 0.729688 0.986111 0.149838 0.329746
163 0.033333 0.094444 0.037500 0.066667
32 0.070833 0.094444 0.037500 0.066667
35 0.108333 0.094444 0.037500 0.066667
31 0.145833 0.094444 0.037500 0.066667
163 0.183333 0.094444 0.037500 0.066667
33 0.220833 0.094444 0.037500 0.066667
92 0.258333 0.094444 0.037500 0.066667
30 0.295833 0.094444 0.037500 0.066667
5 0.333333 0.094444 0.037500 0.066667
4 0.370833 0.094444 0.037500 0.066667
108 0.408333 0.094444 0.037500 0.066667
66 0.445833 0.094444 0.037500 0.066667
377 0.334375 0.027778 0.033333 0.059259
13 0.363542 0.027778 0.033333 0.059259
13 0.392708 0.027778 0.033333 0.059259
13 0.421875 0.027778 0.033333 0.059259
13 0.451042 0.027778 0.033333 0.059259
14 0.247917 0.565741 0.114583 0.268519
15 0.247917 0.716667 0.120312 0.023333
101 0.195833 0.744444 0.025000 0.044444
178 0.808333 0.711111 0.025000 0.044444
337 0.833333 0.711111 0.025000 0.044444
47 0.850000 0.601852 0.093750 0.129630
20 0.850000 0.683333 0.098437 0.023333
82 0.850000 0.507407 0.038333 0.068148
455 0.582812 0.734259 0.025000 0.044444
485 0.642708 0.537037 0.130208 0.305556
20 0.642708 0.706481 0.136719 0.023333
48 0.642708 0.354630 0.038333 0.068148
