630 0.193750 1.000000 0.149621 0.310807
615 0.259375 0.982716 0.140084 0.302077
551 0.332656 0.955556 0.129526 0.291092
583 0.412500 0.930247 0.117934 0.277839
25 0.500000 0.925926 0.105469 0.262500
594 0.587500 0.930247 0.117877 0.277768
312 0.667344 0.955556 0.129470 0.291021
340 0.740625 0.982716 0.140029 0.302007
582 0.806250 1.000000 0.149567 0.310740
163 0.033333 0.094444 0.037500 0.066667
68 0.334375 0.027778 0.033333 0.059259
144 0.363542 0.027778 0.033333 0.059259
13 0.392708 0.027778 0.033333 0.059259
13 0.421875 0.027778 0.033333 0.059259
13 0.451042 0.027778 0.033333 0.059259
14 0.247917 0.565741 0.114583 0.268519
15 0.247917 0.716667 0.120312 0.023333
51 0.195833 0.744444 0.025000 0.044444
268 0.220833 0.744444 0.025000 0.044444
139 0.810938 0.729630 0.025000 0.044444
116 0.835938 0.729630 0.025000 0.044444
405 0.850000 0.578704 0.088542 0.212963
20 0.850000 0.701852 0.092969 0.023333
48 0.850000 0.442593 0.038333 0.068148
104 0.582812 0.734259 0.025000 0.044444
485 0.642708 0.537037 0.130208 0.305556
20 0.642708 0.706481 0.136719 0.023333
72 0.642708 0.354630 0.038333 0.068148
