249 0.401563 0.953704 0.131037 0.308710
630 0.500000 0.925926 0.117188 0.291667
558 0.598437 0.953704 0.130975 0.308631
163 0.033333 0.094444 0.037500 0.066667
94 0.070833 0.094444 0.037500 0.066667
35 0.108333 0.094444 0.037500 0.066667
163 0.145833 0.094444 0.037500 0.066667
7 0.183333 0.094444 0.037500 0.066667
29 0.220833 0.094444 0.037500 0.066667
129 0.258333 0.094444 0.037500 0.066667
94 0.295833 0.094444 0.037500 0.066667
38 0.333333 0.094444 0.037500 0.066667
109 0.370833 0.094444 0.037500 0.066667
29 0.408333 0.094444 0.037500 0.066667
108 0.445833 0.094444 0.037500 0.066667
67 0.483333 0.094444 0.037500 0.066667
35 0.520833 0.094444 0.037500 0.066667
184 0.558333 0.094444 0.037500 0.066667
132 0.595833 0.094444 0.037500 0.066667
7 0.633333 0.094444 0.037500 0.066667
110 0.670833 0.094444 0.037500 0.066667
109 0.708333 0.094444 0.037500 0.066667
92 0.745833 0.094444 0.037500 0.066667
143 0.334375 0.027778 0.033333 0.059259
336 0.363542 0.027778 0.033333 0.059259
174 0.392708 0.027778 0.033333 0.059259
145 0.421875 0.027778 0.033333 0.059259
13 0.451042 0.027778 0.033333 0.059259
14 0.247917 0.565741 0.114583 0.268519
15 0.247917 0.716667 0.120312 0.023333
276 0.195833 0.744444 0.025000 0.044444
101 0.220833 0.744444 0.025000 0.044444
46 0.245833 0.744444 0.025000 0.044444
306 0.587500 0.729630 0.025000 0.044444
124 0.612500 0.729630 0.025000 0.044444
104 0.637500 0.729630 0.025000 0.044444
220 0.662500 0.729630 0.025000 0.044444
166 0.650000 0.606481 0.135417 0.157407
20 0.650000 0.701852 0.142188 0.023333
48 0.650000 0.498148 0.038333 0.068148
151 0.419271 0.750926 0.025000 0.044444
257 0.447917 0.616667 0.067708 0.179630
20 0.447917 0.723148 0.071094 0.023333
48 0.447917 0.497222 0.038333 0.068148
153 0.805729 0.738889 0.025000 0.044444
281 0.830729 0.738889 0.025000 0.044444
17 0.855729 0.738889 0.025000 0.044444
329 0.847396 0.564815 0.093750 0.259259
20 0.847396 0.711111 0.098437 0.023333
21 0.847396 0.405556 0.038333 0.068148
