0 0.448594 0.925926 0.124215 0.300456
391 0.557969 0.925926 0.124152 0.300376
6 0.033333 0.094444 0.037500 0.066667
92 0.070833 0.094444 0.037500 0.066667
110 0.108333 0.094444 0.037500 0.066667
66 0.145833 0.094444 0.037500 0.066667
4 0.183333 0.094444 0.037500 0.066667
29 0.220833 0.094444 0.037500 0.066667
37 0.258333 0.094444 0.037500 0.066667
32 0.295833 0.094444 0.037500 0.066667
254 0.334375 0.027778 0.033333 0.059259
174 0.363542 0.027778 0.033333 0.059259
39 0.392708 0.027778 0.033333 0.059259
377 0.421875 0.027778 0.033333 0.059259
13 0.451042 0.027778 0.033333 0.059259
14 0.247917 0.565741 0.114583 0.268519
15 0.247917 0.716667 0.120312 0.023333
51 0.195833 0.744444 0.025000 0.044444
424 0.220833 0.744444 0.025000 0.044444
152 0.245833 0.744444 0.025000 0.044444
74 0.270833 0.744444 0.025000 0.044444
205 0.842188 0.728704 0.025000 0.044444
201 0.867188 0.728704 0.025000 0.044444
396 0.870833 0.600926 0.067708 0.166667
20 0.870833 0.700926 0.071094 0.023333
158 0.870833 0.487963 0.038333 0.068148
189 0.556250 0.734259 0.025000 0.044444
99 0.581250 0.734259 0.025000 0.044444
190 0.650000 0.555556 0.197917 0.268519
20 0.650000 0.706481 0.207812 0.023333
167 0.650000 0.391667 0.038333 0.068148
