591 0.351250 0.960648 0.137609 0.316375
505 0.449688 0.935185 0.124215 0.300456
439 0.550312 0.935185 0.124152 0.300376
198 0.648750 0.960648 0.137546 0.316296
31 0.033333 0.094444 0.037500 0.066667
34 0.070833 0.094444 0.037500 0.066667
8 0.108333 0.094444 0.037500 0.066667
130 0.145833 0.094444 0.037500 0.066667
108 0.183333 0.094444 0.037500 0.066667
109 0.220833 0.094444 0.037500 0.066667
34 0.258333 0.094444 0.037500 0.066667
37 0.295833 0.094444 0.037500 0.066667
4 0.333333 0.094444 0.037500 0.066667
4 0.370833 0.094444 0.037500 0.066667
40 0.334375 0.027778 0.033333 0.059259
9 0.363542 0.027778 0.033333 0.059259
324 0.392708 0.027778 0.033333 0.059259
200 0.421875 0.027778 0.033333 0.059259
272 0.451042 0.027778 0.033333 0.059259
14 0.247917 0.565741 0.114583 0.268519
15 0.247917 0.716667 0.120312 0.023333
390 0.195833 0.744444 0.025000 0.044444
401 0.220833 0.744444 0.025000 0.044444
187 0.245833 0.744444 0.025000 0.044444
124 0.270833 0.744444 0.025000 0.044444
139 0.587500 0.729630 0.025000 0.044444
148 0.612500 0.729630 0.025000 0.044444
56 0.637500 0.729630 0.025000 0.044444
166 0.650000 0.606481 0.135417 0.157407
20 0.650000 0.701852 0.142188 0.023333
167 0.650000 0.498148 0.038333 0.068148
416 0.756250 0.743519 0.025000 0.044444
269 0.781250 0.743519 0.025000 0.044444
49 0.806250 0.743519 0.025000 0.044444
297 0.870833 0.583333 0.239583 0.231481
20 0.870833 0.715741 0.251562 0.023333
48 0.870833 0.437963 0.038333 0.068148
