541 0.351250 0.960648 0.137609 0.316375
283 0.449688 0.935185 0.124215 0.300456
200 0.550312 0.935185 0.124152 0.300376
212 0.648750 0.960648 0.137546 0.316296
118 0.033333 0.094444 0.037500 0.066667
136 0.070833 0.094444 0.037500 0.066667
98 0.108333 0.094444 0.037500 0.066667
10 0.145833 0.094444 0.037500 0.066667
77 0.183333 0.094444 0.037500 0.066667
164 0.220833 0.094444 0.037500 0.066667
46 0.258333 0.094444 0.037500 0.066667
76 0.295833 0.094444 0.037500 0.066667
75 0.333333 0.094444 0.037500 0.066667
44 0.370833 0.094444 0.037500 0.066667
46 0.408333 0.094444 0.037500 0.066667
77 0.445833 0.094444 0.037500 0.066667
163 0.483333 0.094444 0.037500 0.066667
139 0.520833 0.094444 0.037500 0.066667
139 0.558333 0.094444 0.037500 0.066667
179 0.334375 0.027778 0.033333 0.059259
341 0.363542 0.027778 0.033333 0.059259
142 0.392708 0.027778 0.033333 0.059259
179 0.421875 0.027778 0.033333 0.059259
13 0.451042 0.027778 0.033333 0.059259
14 0.247917 0.565741 0.114583 0.268519
15 0.247917 0.716667 0.120312 0.023333
406 0.195833 0.744444 0.025000 0.044444
535 0.220833 0.744444 0.025000 0.044444
108 0.245833 0.744444 0.025000 0.044444
271 0.270833 0.744444 0.025000 0.044444
623 0.823958 0.706481 0.025000 0.044444
309 0.848958 0.706481 0.025000 0.044444
431 0.873958 0.706481 0.025000 0.044444
417 0.898958 0.706481 0.025000 0.044444
303 0.850000 0.569444 0.062500 0.185185
23 0.850000 0.678704 0.065625 0.023333
196 0.850000 0.447222 0.038333 0.068148
167 0.603125 0.733333 0.025000 0.044444
154 0.647396 0.605556 0.098958 0.166667
23 0.647396 0.705556 0.103906 0.023333
61 0.647396 0.492593 0.038333 0.068148
