322 0.182812 1.000000 0.145411 0.296825
232 0.237500 0.976852 0.136936 0.289694
411 0.303125 0.951852 0.127414 0.280350
344 0.379687 0.928704 0.116968 0.268919
231 0.456250 0.921296 0.105583 0.255387
588 0.543750 0.921296 0.105530 0.255319
321 0.620313 0.928704 0.116914 0.268851
284 0.696875 0.951852 0.127362 0.280284
498 0.762500 0.976852 0.136885 0.289630
570 0.817187 1.000000 0.145376 0.296799
7 0.033333 0.094444 0.037500 0.066667
163 0.070833 0.094444 0.037500 0.066667
4 0.108333 0.094444 0.037500 0.066667
108 0.145833 0.094444 0.037500 0.066667
39 0.334375 0.027778 0.033333 0.059259
324 0.363542 0.027778 0.033333 0.059259
145 0.392708 0.027778 0.033333 0.059259
377 0.421875 0.027778 0.033333 0.059259
13 0.451042 0.027778 0.033333 0.059259
14 0.247917 0.565741 0.114583 0.268519
15 0.247917 0.716667 0.120312 0.023333
367 0.195833 0.744444 0.025000 0.044444
114 0.220833 0.744444 0.025000 0.044444
204 0.610937 0.720681 0.025000 0.044444
220 0.635938 0.720681 0.025000 0.044444
146 0.660937 0.720681 0.025000 0.044444
608 0.650000 0.616052 0.088542 0.120370
20 0.650000 0.692903 0.092969 0.023333
170 0.650000 0.526237 0.038333 0.068148
164 0.784896 0.738889 0.025000 0.044444
53 0.850000 0.509259 0.140625 0.370370
20 0.850000 0.711111 0.147656 0.023333
331 0.850000 0.294444 0.038333 0.068148
