474 0.448594 0.925926 0.124215 0.300456
453 0.557969 0.925926 0.124152 0.300376
34 0.033333 0.094444 0.037500 0.066667
91 0.070833 0.094444 0.037500 0.066667
28 0.108333 0.094444 0.037500 0.066667
36 0.145833 0.094444 0.037500 0.066667
65 0.183333 0.094444 0.037500 0.066667
110 0.220833 0.094444 0.037500 0.066667
129 0.258333 0.094444 0.037500 0.066667
108 0.295833 0.094444 0.037500 0.066667
91 0.333333 0.094444 0.037500 0.066667
92 0.370833 0.094444 0.037500 0.066667
28 0.408333 0.094444 0.037500 0.066667
110 0.445833 0.094444 0.037500 0.066667
93 0.483333 0.094444 0.037500 0.066667
5 0.520833 0.094444 0.037500 0.066667
33 0.558333 0.094444 0.037500 0.066667
324 0.334375 0.027778 0.033333 0.059259
13 0.363542 0.027778 0.033333 0.059259
13 0.392708 0.027778 0.033333 0.059259
13 0.421875 0.027778 0.033333 0.059259
13 0.451042 0.027778 0.033333 0.059259
14 0.247917 0.565741 0.114583 0.268519
15 0.247917 0.716667 0.120312 0.023333
119 0.195833 0.744444 0.025000 0.044444
207 0.525000 0.752778 0.025000 0.044444
347 0.550000 0.752778 0.025000 0.044444
80 0.575000 0.752778 0.025000 0.044444
397 0.644792 0.509259 0.250000 0.398148
20 0.644792 0.725000 0.262500 0.023333
21 0.644792 0.280556 0.038333 0.068148
50 0.726042 0.729630 0.025000 0.044444
314 0.751042 0.729630 0.025000 0.044444
55 0.776042 0.729630 0.025000 0.044444
296 0.801042 0.729630 0.025000 0.044444
282 0.844792 0.495370 0.247917 0.379630
20 0.844792 0.701852 0.260312 0.023333
170 0.844792 0.275926 0.038333 0.068148
227 0.353646 0.729630 0.025000 0.044444
481 0.378646 0.729630 0.025000 0.044444
56 0.403646 0.729630 0.025000 0.044444
383 0.450000 0.504630 0.203125 0.361111
20 0.450000 0.701852 0.213281 0.023333
216 0.450000 0.294444 0.038333 0.068148
