510 0.226563 1.000000 0.153046 0.323776
358 0.300938 0.968750 0.142404 0.313332
69 0.379687 0.943287 0.130728 0.300556
432 0.458438 0.925926 0.118005 0.285433
511 0.541562 0.925926 0.117945 0.285357
512 0.620313 0.943287 0.130669 0.300481
308 0.693594 0.968750 0.142346 0.313258
513 0.773438 1.000000 0.152989 0.323704
79 0.033333 0.094444 0.037500 0.066667
144 0.070833 0.094444 0.037500 0.066667
102 0.108333 0.094444 0.037500 0.066667
12 0.145833 0.094444 0.037500 0.066667
8 0.183333 0.094444 0.037500 0.066667
369 0.334375 0.027778 0.033333 0.059259
21 0.363542 0.027778 0.033333 0.059259
50 0.392708 0.027778 0.033333 0.059259
24 0.421875 0.027778 0.033333 0.059259
24 0.451042 0.027778 0.033333 0.059259
25 0.247917 0.565741 0.114583 0.268519
26 0.247917 0.716667 0.120312 0.023333
248 0.195833 0.744444 0.025000 0.044444
219 0.810938 0.729630 0.025000 0.044444
198 0.835938 0.729630 0.025000 0.044444
108 0.860937 0.729630 0.025000 0.044444
313 0.850000 0.578704 0.088542 0.212963
32 0.850000 0.701852 0.092969 0.023333
38 0.850000 0.442593 0.038333 0.068148
