573 0.314063 0.986111 0.143917 0.323435
498 0.401563 0.953704 0.131037 0.308710
602 0.500000 0.935185 0.117188 0.291667
23 0.598437 0.953704 0.130975 0.308631
559 0.685938 0.986111 0.143855 0.323357
132 0.033333 0.094444 0.037500 0.066667
4 0.070833 0.094444 0.037500 0.066667
29 0.108333 0.094444 0.037500 0.066667
130 0.145833 0.094444 0.037500 0.066667
108 0.183333 0.094444 0.037500 0.066667
28 0.220833 0.094444 0.037500 0.066667
130 0.258333 0.094444 0.037500 0.066667
132 0.295833 0.094444 0.037500 0.066667
108 0.333333 0.094444 0.037500 0.066667
64 0.370833 0.094444 0.037500 0.066667
65 0.408333 0.094444 0.037500 0.066667
109 0.445833 0.094444 0.037500 0.066667
33 0.483333 0.094444 0.037500 0.066667
96 0.334375 0.027778 0.033333 0.059259
145 0.363542 0.027778 0.033333 0.059259
13 0.392708 0.027778 0.033333 0.059259
13 0.421875 0.027778 0.033333 0.059259
13 0.451042 0.027778 0.033333 0.059259
14 0.247917 0.565741 0.114583 0.268519
15 0.247917 0.716667 0.120312 0.023333
52 0.195833 0.744444 0.025000 0.044444
177 0.220833 0.744444 0.025000 0.044444
41 0.597917 0.737037 0.025000 0.044444
426 0.644792 0.562963 0.104167 0.259259
20 0.644792 0.709259 0.109375 0.023333
170 0.644792 0.403704 0.038333 0.068148
220 0.756250 0.734259 0.025000 0.044444
369 0.781250 0.734259 0.025000 0.044444
306 0.806250 0.734259 0.025000 0.044444
125 0.850000 0.555556 0.197917 0.268519
20 0.850000 0.706481 0.207812 0.023333
170 0.850000 0.391667 0.038333 0.068148
