90 0.193750 1.000000 0.149621 0.310807
450 0.259375 0.982716 0.140084 0.302077
505 0.332656 0.955556 0.129526 0.291092
300 0.412500 0.930247 0.117934 0.277839
451 0.500000 0.925926 0.105469 0.262500
502 0.587500 0.930247 0.117877 0.277768
442 0.667344 0.955556 0.129470 0.291021
193 0.740625 0.982716 0.140029 0.302007
462 0.806250 1.000000 0.149567 0.310740
32 0.033333 0.094444 0.037500 0.066667
91 0.070833 0.094444 0.037500 0.066667
31 0.108333 0.094444 0.037500 0.066667
130 0.145833 0.094444 0.037500 0.066667
30 0.183333 0.094444 0.037500 0.066667
34 0.220833 0.094444 0.037500 0.066667
4 0.258333 0.094444 0.037500 0.066667
36 0.295833 0.094444 0.037500 0.066667
7 0.333333 0.094444 0.037500 0.066667
109 0.370833 0.094444 0.037500 0.066667
92 0.408333 0.094444 0.037500 0.066667
129 0.445833 0.094444 0.037500 0.066667
8 0.483333 0.094444 0.037500 0.066667
173 0.520833 0.094444 0.037500 0.066667
33 0.558333 0.094444 0.037500 0.066667
184 0.595833 0.094444 0.037500 0.066667
336 0.334375 0.027778 0.033333 0.059259
238 0.363542 0.027778 0.033333 0.059259
113 0.392708 0.027778 0.033333 0.059259
12 0.421875 0.027778 0.033333 0.059259
13 0.451042 0.027778 0.033333 0.059259
14 0.247917 0.565741 0.114583 0.268519
15 0.247917 0.716667 0.120312 0.023333
176 0.195833 0.744444 0.025000 0.044444
291 0.220833 0.744444 0.025000 0.044444
226 0.245833 0.744444 0.025000 0.044444
16 0.270833 0.744444 0.025000 0.044444
276 0.819271 0.750926 0.025000 0.044444
99 0.844271 0.750926 0.025000 0.044444
273 0.869271 0.750926 0.025000 0.044444
257 0.847917 0.616667 0.067708 0.179630
20 0.847917 0.723148 0.071094 0.023333
48 0.847917 0.497222 0.038333 0.068148
