593 0.314063 0.986111 0.143917 0.323435
520 0.401563 0.953704 0.131037 0.308710
539 0.500000 0.935185 0.117188 0.291667
253 0.598437 0.953704 0.130975 0.308631
432 0.685938 0.986111 0.143855 0.323357
36 0.033333 0.094444 0.037500 0.066667
5 0.070833 0.094444 0.037500 0.066667
32 0.108333 0.094444 0.037500 0.066667
7 0.145833 0.094444 0.037500 0.066667
173 0.183333 0.094444 0.037500 0.066667
4 0.220833 0.094444 0.037500 0.066667
130 0.258333 0.094444 0.037500 0.066667
31 0.295833 0.094444 0.037500 0.066667
4 0.333333 0.094444 0.037500 0.066667
32 0.370833 0.094444 0.037500 0.066667
66 0.408333 0.094444 0.037500 0.066667
184 0.445833 0.094444 0.037500 0.066667
107 0.483333 0.094444 0.037500 0.066667
110 0.520833 0.094444 0.037500 0.066667
199 0.558333 0.094444 0.037500 0.066667
173 0.595833 0.094444 0.037500 0.066667
64 0.633333 0.094444 0.037500 0.066667
173 0.670833 0.094444 0.037500 0.066667
29 0.708333 0.094444 0.037500 0.066667
38 0.745833 0.094444 0.037500 0.066667
255 0.334375 0.027778 0.033333 0.059259
133 0.363542 0.027778 0.033333 0.059259
304 0.392708 0.027778 0.033333 0.059259
13 0.421875 0.027778 0.033333 0.059259
13 0.451042 0.027778 0.033333 0.059259
14 0.247917 0.565741 0.114583 0.268519
15 0.247917 0.716667 0.120312 0.023333
152 0.195833 0.744444 0.025000 0.044444
299 0.220833 0.744444 0.025000 0.044444
124 0.245833 0.744444 0.025000 0.044444
228 0.270833 0.744444 0.025000 0.044444
270 0.821354 0.731481 0.025000 0.044444
177 0.846354 0.731481 0.025000 0.044444
51 0.871354 0.731481 0.025000 0.044444
366 0.896354 0.731481 0.025000 0.044444
105 0.850000 0.640741 0.067708 0.092593
20 0.850000 0.703704 0.071094 0.023333
82 0.850000 0.564815 0.038333 0.068148
276 0.548437 0.729630 0.025000 0.044444
138 0.573438 0.729630 0.025000 0.044444
306 0.598437 0.729630 0.025000 0.044444
278 0.660417 0.476852 0.234375 0.416667
20 0.660417 0.701852 0.246094 0.023333
170 0.660417 0.238889 0.038333 0.068148
