648 0.193750 1.000000 0.149621 0.310807
640 0.259375 0.982716 0.140084 0.302077
181 0.332656 0.955556 0.129526 0.291092
528 0.412500 0.930247 0.117934 0.277839
462 0.500000 0.925926 0.105469 0.262500
535 0.587500 0.930247 0.117877 0.277768
249 0.667344 0.955556 0.129470 0.291021
579 0.740625 0.982716 0.140029 0.302007
523 0.806250 1.000000 0.149567 0.310740
64 0.033333 0.094444 0.037500 0.066667
67 0.070833 0.094444 0.037500 0.066667
129 0.108333 0.094444 0.037500 0.066667
94 0.145833 0.094444 0.037500 0.066667
64 0.183333 0.094444 0.037500 0.066667
67 0.220833 0.094444 0.037500 0.066667
28 0.258333 0.094444 0.037500 0.066667
64 0.295833 0.094444 0.037500 0.066667
184 0.333333 0.094444 0.037500 0.066667
30 0.370833 0.094444 0.037500 0.066667
109 0.408333 0.094444 0.037500 0.066667
38 0.445833 0.094444 0.037500 0.066667
32 0.483333 0.094444 0.037500 0.066667
184 0.520833 0.094444 0.037500 0.066667
254 0.334375 0.027778 0.033333 0.059259
13 0.363542 0.027778 0.033333 0.059259
13 0.392708 0.027778 0.033333 0.059259
13 0.421875 0.027778 0.033333 0.059259
13 0.451042 0.027778 0.033333 0.059259
14 0.247917 0.565741 0.114583 0.268519
15 0.247917 0.716667 0.120312 0.023333
274 0.195833 0.744444 0.025000 0.044444
435 0.220833 0.744444 0.025000 0.044444
74 0.245833 0.744444 0.025000 0.044444
347 0.270833 0.744444 0.025000 0.044444
118 0.548437 0.738889 0.025000 0.044444
424 0.573438 0.738889 0.025000 0.044444
274 0.598437 0.738889 0.025000 0.044444
100 0.623438 0.738889 0.025000 0.044444
169 0.613542 0.518519 0.140625 0.351852
20 0.613542 0.711111 0.147656 0.023333
48 0.597917 0.312963 0.038333 0.068148
103 0.808333 0.711111 0.025000 0.044444
153 0.833333 0.711111 0.025000 0.044444
122 0.858333 0.711111 0.025000 0.044444
206 0.850000 0.523148 0.093750 0.287037
20 0.850000 0.683333 0.098437 0.023333
82 0.850000 0.350000 0.038333 0.068148
75 0.442187 0.728704 0.025000 0.044444
178 0.467187 0.728704 0.025000 0.044444
123 0.492188 0.728704 0.025000 0.044444
396 0.470833 0.600926 0.067708 0.166667
20 0.470833 0.700926 0.071094 0.023333
158 0.470833 0.487963 0.038333 0.068148
