495 0.237500 1.000000 0.155649 0.335641
419 0.314063 0.968783 0.143917 0.323435
335 0.401563 0.945767 0.131037 0.308710
521 0.500000 0.931481 0.117188 0.291667
271 0.598437 0.945767 0.130975 0.308631
458 0.685938 0.968783 0.143855 0.323357
235 0.762500 1.000000 0.155588 0.335564
32 0.033333 0.094444 0.037500 0.066667
30 0.070833 0.094444 0.037500 0.066667
107 0.108333 0.094444 0.037500 0.066667
30 0.145833 0.094444 0.037500 0.066667
131 0.183333 0.094444 0.037500 0.066667
37 0.220833 0.094444 0.037500 0.066667
129 0.258333 0.094444 0.037500 0.066667
6 0.295833 0.094444 0.037500 0.066667
108 0.333333 0.094444 0.037500 0.066667
110 0.370833 0.094444 0.037500 0.066667
31 0.408333 0.094444 0.037500 0.066667
35 0.445833 0.094444 0.037500 0.066667
64 0.483333 0.094444 0.037500 0.066667
6 0.520833 0.094444 0.037500 0.066667
30 0.558333 0.094444 0.037500 0.066667
33 0.595833 0.094444 0.037500 0.066667
6 0.633333 0.094444 0.037500 0.066667
91 0.670833 0.094444 0.037500 0.066667
11 0.334375 0.027778 0.033333 0.059259
381 0.363542 0.027778 0.033333 0.059259
355 0.392708 0.027778 0.033333 0.059259
255 0.421875 0.027778 0.033333 0.059259
11 0.451042 0.027778 0.033333 0.059259
14 0.247917 0.565741 0.114583 0.268519
15 0.247917 0.716667 0.120312 0.023333
146 0.195833 0.744444 0.025000 0.044444
99 0.220833 0.744444 0.025000 0.044444
416 0.245833 0.744444 0.025000 0.044444
256 0.787500 0.716667 0.025000 0.044444
337 0.812500 0.716667 0.025000 0.044444
156 0.837500 0.716667 0.025000 0.044444
241 0.862500 0.716667 0.025000 0.044444
348 0.850000 0.593518 0.135417 0.157407
20 0.850000 0.688889 0.142188 0.023333
216 0.850000 0.485185 0.038333 0.068148
414 0.348437 0.738889 0.025000 0.044444
269 0.373437 0.738889 0.025000 0.044444
276 0.398438 0.738889 0.025000 0.044444
265 0.423438 0.738889 0.025000 0.044444
169 0.413542 0.518519 0.140625 0.351852
20 0.413542 0.711111 0.147656 0.023333
48 0.397917 0.312963 0.038333 0.068148
165 0.611979 0.740741 0.025000 0.044444
146 0.636979 0.740741 0.025000 0.044444
402 0.661979 0.740741 0.025000 0.044444
416 0.686979 0.740741 0.025000 0.044444
81 0.645833 0.626852 0.078125 0.138889
20 0.645833 0.712963 0.082031 0.023333
48 0.645833 0.527778 0.038333 0.068148
