192 0.182812 1.000000 0.145411 0.296825
654 0.237500 0.976852 0.136936 0.289694
271 0.303125 0.951852 0.127414 0.280350
393 0.379687 0.928704 0.116968 0.268919
599 0.456250 0.921296 0.105583 0.255387
372 0.543750 0.921296 0.105530 0.255319
583 0.620313 0.928704 0.116914 0.268851
393 0.696875 0.951852 0.127362 0.280284
379 0.762500 0.976852 0.136885 0.289630
395 0.817187 1.000000 0.145376 0.296799
28 0.033333 0.094444 0.037500 0.066667
110 0.070833 0.094444 0.037500 0.066667
28 0.108333 0.094444 0.037500 0.066667
199 0.145833 0.094444 0.037500 0.066667
33 0.183333 0.094444 0.037500 0.066667
109 0.220833 0.094444 0.037500 0.066667
163 0.258333 0.094444 0.037500 0.066667
131 0.295833 0.094444 0.037500 0.066667
199 0.333333 0.094444 0.037500 0.066667
199 0.370833 0.094444 0.037500 0.066667
66 0.408333 0.094444 0.037500 0.066667
108 0.445833 0.094444 0.037500 0.066667
163 0.483333 0.094444 0.037500 0.066667
145 0.334375 0.027778 0.033333 0.059259
290 0.363542 0.027778 0.033333 0.059259
214 0.392708 0.027778 0.033333 0.059259
214 0.421875 0.027778 0.033333 0.059259
13 0.451042 0.027778 0.033333 0.059259
14 0.247917 0.565741 0.114583 0.268519
15 0.247917 0.716667 0.120312 0.023333
205 0.195833 0.744444 0.025000 0.044444
187 0.410937 0.698223 0.025000 0.044444
448 0.450000 0.593594 0.088542 0.120370
20 0.450000 0.670445 0.092969 0.023333
170 0.450000 0.503779 0.038333 0.068148
70 0.623958 0.733333 0.025000 0.044444
154 0.650000 0.614815 0.062500 0.148148
20 0.650000 0.705556 0.065625 0.023333
48 0.650000 0.511111 0.038333 0.068148
99 0.842188 0.728704 0.025000 0.044444
146 0.867188 0.728704 0.025000 0.044444
396 0.870833 0.600926 0.067708 0.166667
20 0.870833 0.700926 0.071094 0.023333
158 0.870833 0.487963 0.038333 0.068148
