548 0.500000 0.925926 0.117188 0.291667
107 0.033333 0.094444 0.037500 0.066667
94 0.070833 0.094444 0.037500 0.066667
92 0.108333 0.094444 0.037500 0.066667
132 0.145833 0.094444 0.037500 0.066667
108 0.183333 0.094444 0.037500 0.066667
199 0.220833 0.094444 0.037500 0.066667
7 0.258333 0.094444 0.037500 0.066667
131 0.295833 0.094444 0.037500 0.066667
32 0.333333 0.094444 0.037500 0.066667
7 0.370833 0.094444 0.037500 0.066667
132 0.408333 0.094444 0.037500 0.066667
38 0.445833 0.094444 0.037500 0.066667
37 0.483333 0.094444 0.037500 0.066667
96 0.334375 0.027778 0.033333 0.059259
324 0.363542 0.027778 0.033333 0.059259
96 0.392708 0.027778 0.033333 0.059259
13 0.421875 0.027778 0.033333 0.059259
13 0.451042 0.027778 0.033333 0.059259
14 0.247917 0.565741 0.114583 0.268519
15 0.247917 0.716667 0.120312 0.023333
294 0.195833 0.744444 0.025000 0.044444
215 0.220833 0.744444 0.025000 0.044444
239 0.245833 0.744444 0.025000 0.044444
17 0.270833 0.744444 0.025000 0.044444
447 0.735417 0.729630 0.025000 0.044444
164 0.760417 0.729630 0.025000 0.044444
45 0.785417 0.729630 0.025000 0.044444
408 0.810417 0.729630 0.025000 0.044444
208 0.850000 0.546296 0.239583 0.277778
20 0.850000 0.701852 0.251562 0.023333
48 0.850000 0.377778 0.038333 0.068148
