388 0.351250 0.960648 0.137609 0.316375
579 0.449688 0.935185 0.124215 0.300456
387 0.550312 0.935185 0.124152 0.300376
218 0.648750 0.960648 0.137546 0.316296
108 0.033333 0.094444 0.037500 0.066667
133 0.334375 0.027778 0.033333 0.059259
13 0.363542 0.027778 0.033333 0.059259
13 0.392708 0.027778 0.033333 0.059259
13 0.421875 0.027778 0.033333 0.059259
13 0.451042 0.027778 0.033333 0.059259
14 0.247917 0.565741 0.114583 0.268519
15 0.247917 0.716667 0.120312 0.023333
305 0.195833 0.744444 0.025000 0.044444
414 0.220833 0.744444 0.025000 0.044444
269 0.245833 0.744444 0.025000 0.044444
366 0.270833 0.744444 0.025000 0.044444
45 0.803125 0.743519 0.025000 0.044444
49 0.828125 0.743519 0.025000 0.044444
266 0.853125 0.743519 0.025000 0.044444
205 0.878125 0.743519 0.025000 0.044444
368 0.850000 0.555556 0.104167 0.287037
20 0.850000 0.715741 0.109375 0.023333
48 0.850000 0.382407 0.038333 0.068148
