597 0.500000 0.925926 0.117188 0.291667
38 0.033333 0.094444 0.037500 0.066667
109 0.070833 0.094444 0.037500 0.066667
355 0.334375 0.027778 0.033333 0.059259
336 0.363542 0.027778 0.033333 0.059259
9 0.392708 0.027778 0.033333 0.059259
11 0.421875 0.027778 0.033333 0.059259
143 0.451042 0.027778 0.033333 0.059259
14 0.247917 0.565741 0.114583 0.268519
15 0.247917 0.716667 0.120312 0.023333
46 0.195833 0.744444 0.025000 0.044444
454 0.220833 0.744444 0.025000 0.044444
79 0.245833 0.744444 0.025000 0.044444
269 0.270833 0.744444 0.025000 0.044444
296 0.387500 0.729630 0.025000 0.044444
139 0.412500 0.729630 0.025000 0.044444
447 0.437500 0.729630 0.025000 0.044444
256 0.462500 0.729630 0.025000 0.044444
166 0.450000 0.606481 0.135417 0.157407
20 0.450000 0.701852 0.142188 0.023333
331 0.450000 0.498148 0.038333 0.068148
16 0.740625 0.734259 0.025000 0.044444
274 0.765625 0.734259 0.025000 0.044444
43 0.790625 0.734259 0.025000 0.044444
529 0.850000 0.527778 0.229167 0.324074
20 0.850000 0.706481 0.240625 0.023333
72 0.850000 0.336111 0.038333 0.068148
390 0.623958 0.733333 0.025000 0.044444
154 0.650000 0.614815 0.062500 0.148148
20 0.650000 0.705556 0.065625 0.023333
48 0.650000 0.511111 0.038333 0.068148
