407 0.314063 0.986111 0.143917 0.323435
233 0.401563 0.953704 0.131037 0.308710
345 0.500000 0.935185 0.117188 0.291667
572 0.598437 0.953704 0.130975 0.308631
468 0.685938 0.986111 0.143855 0.323357
33 0.033333 0.094444 0.037500 0.066667
130 0.070833 0.094444 0.037500 0.066667
129 0.108333 0.094444 0.037500 0.066667
35 0.145833 0.094444 0.037500 0.066667
37 0.183333 0.094444 0.037500 0.066667
110 0.220833 0.094444 0.037500 0.066667
184 0.258333 0.094444 0.037500 0.066667
38 0.295833 0.094444 0.037500 0.066667
31 0.333333 0.094444 0.037500 0.066667
129 0.370833 0.094444 0.037500 0.066667
64 0.408333 0.094444 0.037500 0.066667
36 0.445833 0.094444 0.037500 0.066667
129 0.483333 0.094444 0.037500 0.066667
92 0.520833 0.094444 0.037500 0.066667
163 0.558333 0.094444 0.037500 0.066667
91 0.595833 0.094444 0.037500 0.066667
111 0.334375 0.027778 0.033333 0.059259
200 0.363542 0.027778 0.033333 0.059259
13 0.392708 0.027778 0.033333 0.059259
13 0.421875 0.027778 0.033333 0.059259
13 0.451042 0.027778 0.033333 0.059259
14 0.247917 0.565741 0.114583 0.268519
15 0.247917 0.716667 0.120312 0.023333
18 0.195833 0.744444 0.025000 0.044444
524 0.608333 0.725000 0.025000 0.044444
371 0.633333 0.725000 0.025000 0.044444
327 0.658333 0.725000 0.025000 0.044444
56 0.683333 0.725000 0.025000 0.044444
47 0.650000 0.615741 0.093750 0.129630
20 0.650000 0.697222 0.098437 0.023333
48 0.650000 0.521296 0.038333 0.068148
337 0.403125 0.743519 0.025000 0.044444
151 0.428125 0.743519 0.025000 0.044444
357 0.453125 0.743519 0.025000 0.044444
368 0.450000 0.555556 0.104167 0.287037
20 0.450000 0.715741 0.109375 0.023333
331 0.450000 0.382407 0.038333 0.068148
52 0.787500 0.720370 0.025000 0.044444
330 0.850000 0.583333 0.135417 0.185185
20 0.850000 0.692593 0.142188 0.023333
331 0.850000 0.461111 0.038333 0.068148
