631 0.237500 1.000000 0.155649 0.335641
459 0.314063 0.968783 0.143917 0.323435
499 0.401563 0.945767 0.131037 0.308710
604 0.500000 0.931481 0.117188 0.291667
286 0.598437 0.945767 0.130975 0.308631
523 0.685938 0.968783 0.143855 0.323357
657 0.762500 1.000000 0.155588 0.335564
37 0.033333 0.094444 0.037500 0.066667
67 0.070833 0.094444 0.037500 0.066667
94 0.108333 0.094444 0.037500 0.066667
64 0.145833 0.094444 0.037500 0.066667
93 0.183333 0.094444 0.037500 0.066667
173 0.220833 0.094444 0.037500 0.066667
8 0.258333 0.094444 0.037500 0.066667
184 0.295833 0.094444 0.037500 0.066667
163 0.333333 0.094444 0.037500 0.066667
36 0.370833 0.094444 0.037500 0.066667
28 0.408333 0.094444 0.037500 0.066667
37 0.445833 0.094444 0.037500 0.066667
109 0.483333 0.094444 0.037500 0.066667
185 0.334375 0.027778 0.033333 0.059259
145 0.363542 0.027778 0.033333 0.059259
13 0.392708 0.027778 0.033333 0.059259
13 0.421875 0.027778 0.033333 0.059259
13 0.451042 0.027778 0.033333 0.059259
14 0.247917 0.565741 0.114583 0.268519
15 0.247917 0.716667 0.120312 0.023333
178 0.195833 0.744444 0.025000 0.044444
207 0.220833 0.744444 0.025000 0.044444
44 0.245833 0.744444 0.025000 0.044444
55 0.787500 0.720370 0.025000 0.044444
177 0.812500 0.720370 0.025000 0.044444
330 0.850000 0.583333 0.135417 0.185185
20 0.850000 0.692593 0.142188 0.023333
48 0.850000 0.461111 0.038333 0.068148
