510 0.193750 1.000000 0.149621 0.310807
198 0.259375 0.982716 0.140084 0.302077
519 0.332656 0.955556 0.129526 0.291092
494 0.412500 0.930247 0.117934 0.277839
547 0.500000 0.925926 0.105469 0.262500
514 0.587500 0.930247 0.117877 0.277768
437 0.667344 0.955556 0.129470 0.291021
656 0.740625 0.982716 0.140029 0.302007
436 0.806250 1.000000 0.149567 0.310740
35 0.033333 0.094444 0.037500 0.066667
8 0.070833 0.094444 0.037500 0.066667
5 0.108333 0.094444 0.037500 0.066667
8 0.145833 0.094444 0.037500 0.066667
5 0.183333 0.094444 0.037500 0.066667
35 0.220833 0.094444 0.037500 0.066667
35 0.258333 0.094444 0.037500 0.066667
5 0.295833 0.094444 0.037500 0.066667
66 0.333333 0.094444 0.037500 0.066667
132 0.370833 0.094444 0.037500 0.066667
67 0.408333 0.094444 0.037500 0.066667
199 0.445833 0.094444 0.037500 0.066667
35 0.483333 0.094444 0.037500 0.066667
108 0.520833 0.094444 0.037500 0.066667
186 0.334375 0.027778 0.033333 0.059259
145 0.363542 0.027778 0.033333 0.059259
9 0.392708 0.027778 0.033333 0.059259
290 0.421875 0.027778 0.033333 0.059259
13 0.451042 0.027778 0.033333 0.059259
14 0.247917 0.565741 0.114583 0.268519
15 0.247917 0.716667 0.120312 0.023333
147 0.195833 0.744444 0.025000 0.044444
226 0.220833 0.744444 0.025000 0.044444
116 0.608333 0.706481 0.025000 0.044444
227 0.633333 0.706481 0.025000 0.044444
268 0.658333 0.706481 0.025000 0.044444
176 0.683333 0.706481 0.025000 0.044444
47 0.650000 0.597222 0.093750 0.129630
20 0.650000 0.678704 0.098437 0.023333
82 0.650000 0.502778 0.038333 0.068148
256 0.726042 0.729630 0.025000 0.044444
273 0.751042 0.729630 0.025000 0.044444
49 0.776042 0.729630 0.025000 0.044444
293 0.801042 0.729630 0.025000 0.044444
282 0.844792 0.495370 0.247917 0.379630
20 0.844792 0.701852 0.260312 0.023333
592 0.844792 0.275926 0.038333 0.068148
