162 0.270312 0.986111 0.149899 0.329824
582 0.357812 0.949074 0.137609 0.316375
63 0.452969 0.925926 0.124215 0.300456
197 0.547031 0.925926 0.124152 0.300376
209 0.642187 0.949074 0.137546 0.316296
536 0.729688 0.986111 0.149838 0.329746
107 0.033333 0.094444 0.037500 0.066667
38 0.070833 0.094444 0.037500 0.066667
110 0.108333 0.094444 0.037500 0.066667
107 0.145833 0.094444 0.037500 0.066667
163 0.183333 0.094444 0.037500 0.066667
199 0.220833 0.094444 0.037500 0.066667
28 0.258333 0.094444 0.037500 0.066667
38 0.295833 0.094444 0.037500 0.066667
129 0.333333 0.094444 0.037500 0.066667
32 0.370833 0.094444 0.037500 0.066667
29 0.408333 0.094444 0.037500 0.066667
66 0.445833 0.094444 0.037500 0.066667
91 0.483333 0.094444 0.037500 0.066667
130 0.520833 0.094444 0.037500 0.066667
6 0.558333 0.094444 0.037500 0.066667
93 0.595833 0.094444 0.037500 0.066667
91 0.633333 0.094444 0.037500 0.066667
255 0.334375 0.027778 0.033333 0.059259
254 0.363542 0.027778 0.033333 0.059259
143 0.392708 0.027778 0.033333 0.059259
13 0.421875 0.027778 0.033333 0.059259
13 0.451042 0.027778 0.033333 0.059259
14 0.247917 0.565741 0.114583 0.268519
15 0.247917 0.716667 0.120312 0.023333
155 0.195833 0.744444 0.025000 0.044444
481 0.220833 0.744444 0.025000 0.044444
74 0.797917 0.737037 0.025000 0.044444
426 0.844792 0.562963 0.104167 0.259259
20 0.844792 0.709259 0.109375 0.023333
170 0.844792 0.403704 0.038333 0.068148
