547 0.448594 0.925926 0.124215 0.300456
509 0.557969 0.925926 0.124152 0.300376
8 0.033333 0.094444 0.037500 0.066667
130 0.070833 0.094444 0.037500 0.066667
64 0.108333 0.094444 0.037500 0.066667
130 0.145833 0.094444 0.037500 0.066667
94 0.183333 0.094444 0.037500 0.066667
4 0.220833 0.094444 0.037500 0.066667
36 0.258333 0.094444 0.037500 0.066667
96 0.334375 0.027778 0.033333 0.059259
200 0.363542 0.027778 0.033333 0.059259
13 0.392708 0.027778 0.033333 0.059259
13 0.421875 0.027778 0.033333 0.059259
13 0.451042 0.027778 0.033333 0.059259
14 0.247917 0.565741 0.114583 0.268519
15 0.247917 0.716667 0.120312 0.023333
73 0.195833 0.744444 0.025000 0.044444
176 0.220833 0.744444 0.025000 0.044444
242 0.245833 0.744444 0.025000 0.044444
347 0.270833 0.744444 0.025000 0.044444
326 0.587500 0.716667 0.025000 0.044444
265 0.612500 0.716667 0.025000 0.044444
73 0.637500 0.716667 0.025000 0.044444
447 0.662500 0.716667 0.025000 0.044444
348 0.650000 0.593518 0.135417 0.157407
20 0.650000 0.688889 0.142188 0.023333
48 0.650000 0.485185 0.038333 0.068148
203 0.823958 0.733333 0.025000 0.044444
281 0.848958 0.733333 0.025000 0.044444
168 0.873958 0.733333 0.025000 0.044444
154 0.850000 0.614815 0.062500 0.148148
20 0.850000 0.705556 0.065625 0.023333
48 0.850000 0.511111 0.038333 0.068148
