578 0.351250 0.960648 0.137609 0.316375
648 0.449688 0.935185 0.124215 0.300456
298 0.550312 0.935185 0.124152 0.300376
162 0.648750 0.960648 0.137546 0.316296
5 0.033333 0.094444 0.037500 0.066667
34 0.070833 0.094444 0.037500 0.066667
163 0.108333 0.094444 0.037500 0.066667
93 0.145833 0.094444 0.037500 0.066667
37 0.183333 0.094444 0.037500 0.066667
66 0.220833 0.094444 0.037500 0.066667
67 0.258333 0.094444 0.037500 0.066667
38 0.295833 0.094444 0.037500 0.066667
6 0.333333 0.094444 0.037500 0.066667
6 0.370833 0.094444 0.037500 0.066667
91 0.408333 0.094444 0.037500 0.066667
132 0.445833 0.094444 0.037500 0.066667
93 0.483333 0.094444 0.037500 0.066667
32 0.520833 0.094444 0.037500 0.066667
131 0.558333 0.094444 0.037500 0.066667
199 0.595833 0.094444 0.037500 0.066667
66 0.633333 0.094444 0.037500 0.066667
5 0.670833 0.094444 0.037500 0.066667
324 0.334375 0.027778 0.033333 0.059259
68 0.363542 0.027778 0.033333 0.059259
13 0.392708 0.027778 0.033333 0.059259
13 0.421875 0.027778 0.033333 0.059259
13 0.451042 0.027778 0.033333 0.059259
14 0.247917 0.565741 0.114583 0.268519
15 0.247917 0.716667 0.120312 0.023333
275 0.195833 0.744444 0.025000 0.044444
367 0.220833 0.744444 0.025000 0.044444
139 0.245833 0.744444 0.025000 0.044444
295 0.577083 0.729630 0.025000 0.044444
79 0.602083 0.729630 0.025000 0.044444
115 0.627083 0.729630 0.025000 0.044444
464 0.650000 0.601852 0.156250 0.166667
20 0.650000 0.701852 0.164063 0.023333
82 0.650000 0.488889 0.038333 0.068148
49 0.758854 0.725000 0.025000 0.044444
187 0.783854 0.725000 0.025000 0.044444
476 0.850000 0.523148 0.192708 0.314815
20 0.850000 0.697222 0.202344 0.023333
48 0.850000 0.336111 0.038333 0.068148
