283 0.314063 0.986111 0.143917 0.323435
302 0.401563 0.953704 0.131037 0.308710
344 0.500000 0.935185 0.117188 0.291667
474 0.598437 0.953704 0.130975 0.308631
271 0.685938 0.986111 0.143855 0.323357
199 0.033333 0.094444 0.037500 0.066667
65 0.070833 0.094444 0.037500 0.066667
38 0.108333 0.094444 0.037500 0.066667
31 0.145833 0.094444 0.037500 0.066667
5 0.183333 0.094444 0.037500 0.066667
129 0.220833 0.094444 0.037500 0.066667
96 0.334375 0.027778 0.033333 0.059259
355 0.363542 0.027778 0.033333 0.059259
12 0.392708 0.027778 0.033333 0.059259
13 0.421875 0.027778 0.033333 0.059259
13 0.451042 0.027778 0.033333 0.059259
14 0.247917 0.565741 0.114583 0.268519
15 0.247917 0.716667 0.120312 0.023333
139 0.195833 0.744444 0.025000 0.044444
52 0.751042 0.743519 0.025000 0.044444
176 0.776042 0.743519 0.025000 0.044444
270 0.801042 0.743519 0.025000 0.044444
338 0.850000 0.509259 0.208333 0.379630
20 0.850000 0.715741 0.218750 0.023333
48 0.850000 0.289815 0.038333 0.068148
