471 0.182812 1.000000 0.145411 0.296825
567 0.237500 0.976852 0.136936 0.289694
638 0.303125 0.951852 0.127414 0.280350
576 0.379687 0.928704 0.116968 0.268919
607 0.456250 0.921296 0.105583 0.255387
436 0.543750 0.921296 0.105530 0.255319
587 0.620313 0.928704 0.116914 0.268851
562 0.696875 0.951852 0.127362 0.280284
369 0.762500 0.976852 0.136885 0.289630
88 0.817187 1.000000 0.145376 0.296799
135 0.033333 0.094444 0.037500 0.066667
138 0.070833 0.094444 0.037500 0.066667
135 0.108333 0.094444 0.037500 0.066667
77 0.145833 0.094444 0.037500 0.066667
140 0.183333 0.094444 0.037500 0.066667
42 0.220833 0.094444 0.037500 0.066667
139 0.258333 0.094444 0.037500 0.066667
163 0.295833 0.094444 0.037500 0.066667
10 0.333333 0.094444 0.037500 0.066667
287 0.370833 0.094444 0.037500 0.066667
139 0.408333 0.094444 0.037500 0.066667
40 0.445833 0.094444 0.037500 0.066667
261 0.483333 0.094444 0.037500 0.066667
337 0.334375 0.027778 0.033333 0.059259
288 0.363542 0.027778 0.033333 0.059259
165 0.392708 0.027778 0.033333 0.059259
13 0.421875 0.027778 0.033333 0.059259
13 0.451042 0.027778 0.033333 0.059259
14 0.247917 0.565741 0.114583 0.268519
15 0.247917 0.716667 0.120312 0.023333
55 0.195833 0.744444 0.025000 0.044444
499 0.642187 0.728704 0.025000 0.044444
418 0.670833 0.600926 0.067708 0.166667
23 0.670833 0.700926 0.071094 0.023333
114 0.670833 0.487963 0.038333 0.068148
370 0.766667 0.738889 0.025000 0.044444
237 0.791667 0.738889 0.025000 0.044444
220 0.816667 0.738889 0.025000 0.044444
466 0.841667 0.738889 0.025000 0.044444
65 0.852604 0.490741 0.182292 0.407407
23 0.852604 0.711111 0.191406 0.023333
24 0.852604 0.257407 0.038333 0.068148
