210 0.351250 0.960648 0.137609 0.316375
560 0.449688 0.935185 0.124215 0.300456
545 0.550312 0.935185 0.124152 0.300376
232 0.648750 0.960648 0.137546 0.316296
8 0.033333 0.094444 0.037500 0.066667
199 0.070833 0.094444 0.037500 0.066667
94 0.108333 0.094444 0.037500 0.066667
132 0.145833 0.094444 0.037500 0.066667
38 0.183333 0.094444 0.037500 0.066667
91 0.220833 0.094444 0.037500 0.066667
28 0.258333 0.094444 0.037500 0.066667
28 0.295833 0.094444 0.037500 0.066667
110 0.333333 0.094444 0.037500 0.066667
109 0.370833 0.094444 0.037500 0.066667
38 0.408333 0.094444 0.037500 0.066667
110 0.445833 0.094444 0.037500 0.066667
37 0.483333 0.094444 0.037500 0.066667
94 0.520833 0.094444 0.037500 0.066667
133 0.334375 0.027778 0.033333 0.059259
9 0.363542 0.027778 0.033333 0.059259
144 0.392708 0.027778 0.033333 0.059259
40 0.421875 0.027778 0.033333 0.059259
13 0.451042 0.027778 0.033333 0.059259
14 0.247917 0.565741 0.114583 0.268519
15 0.247917 0.716667 0.120312 0.023333
146 0.195833 0.744444 0.025000 0.044444
337 0.220833 0.744444 0.025000 0.044444
189 0.245833 0.744444 0.025000 0.044444
74 0.270833 0.744444 0.025000 0.044444
77 0.758854 0.748148 0.025000 0.044444
356 0.783854 0.748148 0.025000 0.044444
241 0.808854 0.748148 0.025000 0.044444
207 0.833854 0.748148 0.025000 0.044444
470 0.834375 0.562500 0.161458 0.282407
20 0.834375 0.720370 0.169531 0.023333
170 0.834375 0.391667 0.038333 0.068148
104 0.558854 0.725000 0.025000 0.044444
476 0.650000 0.523148 0.192708 0.314815
20 0.650000 0.697222 0.202344 0.023333
48 0.650000 0.336111 0.038333 0.068148
203 0.356250 0.734259 0.025000 0.044444
275 0.381250 0.734259 0.025000 0.044444
378 0.406250 0.734259 0.025000 0.044444
190 0.450000 0.555556 0.197917 0.268519
20 0.450000 0.706481 0.207812 0.023333
167 0.450000 0.391667 0.038333 0.068148
