300 0.314063 0.986111 0.143917 0.323435
443 0.401563 0.953704 0.131037 0.308710
643 0.500000 0.935185 0.117188 0.291667
572 0.598437 0.953704 0.130975 0.308631
423 0.685938 0.986111 0.143855 0.323357
31 0.033333 0.094444 0.037500 0.066667
108 0.070833 0.094444 0.037500 0.066667
109 0.108333 0.094444 0.037500 0.066667
6 0.145833 0.094444 0.037500 0.066667
92 0.183333 0.094444 0.037500 0.066667
173 0.220833 0.094444 0.037500 0.066667
91 0.258333 0.094444 0.037500 0.066667
34 0.295833 0.094444 0.037500 0.066667
33 0.333333 0.094444 0.037500 0.066667
163 0.370833 0.094444 0.037500 0.066667
30 0.408333 0.094444 0.037500 0.066667
163 0.445833 0.094444 0.037500 0.066667
94 0.483333 0.094444 0.037500 0.066667
93 0.520833 0.094444 0.037500 0.066667
92 0.558333 0.094444 0.037500 0.066667
130 0.595833 0.094444 0.037500 0.066667
110 0.633333 0.094444 0.037500 0.066667
64 0.670833 0.094444 0.037500 0.066667
133 0.334375 0.027778 0.033333 0.059259
12 0.363542 0.027778 0.033333 0.059259
11 0.392708 0.027778 0.033333 0.059259
13 0.421875 0.027778 0.033333 0.059259
13 0.451042 0.027778 0.033333 0.059259
14 0.247917 0.565741 0.114583 0.268519
15 0.247917 0.716667 0.120312 0.023333
275 0.195833 0.744444 0.025000 0.044444
455 0.220833 0.744444 0.025000 0.044444
415 0.245833 0.744444 0.025000 0.044444
264 0.823958 0.706481 0.025000 0.044444
43 0.848958 0.706481 0.025000 0.044444
371 0.873958 0.706481 0.025000 0.044444
71 0.850000 0.569444 0.062500 0.185185
20 0.850000 0.678704 0.065625 0.023333
72 0.850000 0.447222 0.038333 0.068148
49 0.377083 0.729630 0.025000 0.044444
188 0.402083 0.729630 0.025000 0.044444
464 0.450000 0.601852 0.156250 0.166667
20 0.450000 0.701852 0.164063 0.023333
170 0.450000 0.488889 0.038333 0.068148
326 0.574479 0.725926 0.025000 0.044444
240 0.599479 0.725926 0.025000 0.044444
50 0.624479 0.725926 0.025000 0.044444
279 0.660417 0.561111 0.182292 0.240741
20 0.660417 0.698148 0.191406 0.023333
48 0.660417 0.411111 0.038333 0.068148
