2 0.314063 0.986111 0.143917 0.323435
566 0.401563 0.953704 0.131037 0.308710
284 0.500000 0.935185 0.117188 0.291667
60 0.598437 0.953704 0.130975 0.308631
321 0.685938 0.986111 0.143855 0.323357
31 0.033333 0.094444 0.037500 0.066667
108 0.070833 0.094444 0.037500 0.066667
5 0.108333 0.094444 0.037500 0.066667
93 0.145833 0.094444 0.037500 0.066667
4 0.183333 0.094444 0.037500 0.066667
34 0.220833 0.094444 0.037500 0.066667
30 0.258333 0.094444 0.037500 0.066667
199 0.295833 0.094444 0.037500 0.066667
163 0.333333 0.094444 0.037500 0.066667
64 0.370833 0.094444 0.037500 0.066667
163 0.408333 0.094444 0.037500 0.066667
92 0.445833 0.094444 0.037500 0.066667
91 0.483333 0.094444 0.037500 0.066667
35 0.520833 0.094444 0.037500 0.066667
34 0.558333 0.094444 0.037500 0.066667
109 0.595833 0.094444 0.037500 0.066667
108 0.633333 0.094444 0.037500 0.066667
94 0.670833 0.094444 0.037500 0.066667
12 0.334375 0.027778 0.033333 0.059259
13 0.363542 0.027778 0.033333 0.059259
13 0.392708 0.027778 0.033333 0.059259
13 0.421875 0.027778 0.033333 0.059259
13 0.451042 0.027778 0.033333 0.059259
14 0.247917 0.565741 0.114583 0.268519
15 0.247917 0.716667 0.120312 0.023333
80 0.195833 0.744444 0.025000 0.044444
46 0.408333 0.711111 0.025000 0.044444
178 0.433333 0.711111 0.025000 0.044444
47 0.450000 0.601852 0.093750 0.129630
20 0.450000 0.683333 0.098437 0.023333
82 0.450000 0.507407 0.038333 0.068148
469 0.748438 0.738889 0.025000 0.044444
43 0.773438 0.738889 0.025000 0.044444
75 0.798437 0.738889 0.025000 0.044444
169 0.813542 0.518519 0.140625 0.351852
20 0.813542 0.711111 0.147656 0.023333
48 0.797917 0.312963 0.038333 0.068148
270 0.546875 0.729630 0.025000 0.044444
425 0.571875 0.729630 0.025000 0.044444
124 0.596875 0.729630 0.025000 0.044444
121 0.665625 0.495370 0.247917 0.379630
20 0.665625 0.701852 0.260312 0.023333
48 0.665625 0.275926 0.038333 0.068148
