576 0.226563 1.000000 0.153046 0.323776
392 0.300938 0.968750 0.142404 0.313332
525 0.379687 0.943287 0.130728 0.300556
602 0.458438 0.925926 0.118005 0.285433
628 0.541562 0.925926 0.117945 0.285357
600 0.620313 0.943287 0.130669 0.300481
84 0.693594 0.968750 0.142346 0.313258
373 0.773438 1.000000 0.152989 0.323704
32 0.033333 0.094444 0.037500 0.066667
6 0.070833 0.094444 0.037500 0.066667
38 0.108333 0.094444 0.037500 0.066667
36 0.145833 0.094444 0.037500 0.066667
5 0.183333 0.094444 0.037500 0.066667
92 0.220833 0.094444 0.037500 0.066667
130 0.258333 0.094444 0.037500 0.066667
7 0.295833 0.094444 0.037500 0.066667
7 0.333333 0.094444 0.037500 0.066667
129 0.370833 0.094444 0.037500 0.066667
272 0.334375 0.027778 0.033333 0.059259
96 0.363542 0.027778 0.033333 0.059259
238 0.392708 0.027778 0.033333 0.059259
68 0.421875 0.027778 0.033333 0.059259
13 0.451042 0.027778 0.033333 0.059259
14 0.247917 0.565741 0.114583 0.268519
15 0.247917 0.716667 0.120312 0.023333
156 0.195833 0.744444 0.025000 0.044444
425 0.220833 0.744444 0.025000 0.044444
201 0.245833 0.744444 0.025000 0.044444
46 0.270833 0.744444 0.025000 0.044444
203 0.405729 0.757407 0.025000 0.044444
120 0.430729 0.757407 0.025000 0.044444
73 0.455729 0.757407 0.025000 0.044444
141 0.452604 0.583333 0.104167 0.259259
20 0.452604 0.729630 0.109375 0.023333
48 0.452604 0.424074 0.038333 0.068148
356 0.751042 0.743519 0.025000 0.044444
273 0.776042 0.743519 0.025000 0.044444
203 0.801042 0.743519 0.025000 0.044444
134 0.826042 0.743519 0.025000 0.044444
338 0.850000 0.509259 0.208333 0.379630
20 0.850000 0.715741 0.218750 0.023333
48 0.850000 0.289815 0.038333 0.068148
306 0.571875 0.724074 0.025000 0.044444
325 0.596875 0.724074 0.025000 0.044444
328 0.621875 0.724074 0.025000 0.044444
78 0.646875 0.724074 0.025000 0.044444
441 0.639583 0.563889 0.145833 0.231481
20 0.639583 0.696296 0.153125 0.023333
170 0.639583 0.418519 0.038333 0.068148
