589 0.500000 0.925926 0.117188 0.291667
40 0.033333 0.094444 0.037500 0.066667
43 0.070833 0.094444 0.037500 0.066667
137 0.108333 0.094444 0.037500 0.066667
41 0.145833 0.094444 0.037500 0.066667
100 0.183333 0.094444 0.037500 0.066667
116 0.220833 0.094444 0.037500 0.066667
261 0.258333 0.094444 0.037500 0.066667
46 0.295833 0.094444 0.037500 0.066667
288 0.334375 0.027778 0.033333 0.059259
180 0.363542 0.027778 0.033333 0.059259
375 0.392708 0.027778 0.033333 0.059259
316 0.421875 0.027778 0.033333 0.059259
360 0.451042 0.027778 0.033333 0.059259
14 0.247917 0.565741 0.114583 0.268519
15 0.247917 0.716667 0.120312 0.023333
397 0.195833 0.744444 0.025000 0.044444
324 0.220833 0.744444 0.025000 0.044444
125 0.245833 0.744444 0.025000 0.044444
228 0.270833 0.744444 0.025000 0.044444
441 0.826563 0.740741 0.025000 0.044444
312 0.851563 0.740741 0.025000 0.044444
56 0.850000 0.594444 0.057292 0.203704
23 0.850000 0.712963 0.060156 0.023333
57 0.850000 0.462963 0.038333 0.068148
