622 0.351250 0.960648 0.137609 0.316375
501 0.449688 0.935185 0.124215 0.300456
572 0.550312 0.935185 0.124152 0.300376
595 0.648750 0.960648 0.137546 0.316296
66 0.033333 0.094444 0.037500 0.066667
7 0.070833 0.094444 0.037500 0.066667
108 0.108333 0.094444 0.037500 0.066667
36 0.145833 0.094444 0.037500 0.066667
132 0.183333 0.094444 0.037500 0.066667
38 0.220833 0.094444 0.037500 0.066667
109 0.258333 0.094444 0.037500 0.066667
199 0.295833 0.094444 0.037500 0.066667
64 0.333333 0.094444 0.037500 0.066667
94 0.370833 0.094444 0.037500 0.066667
5 0.408333 0.094444 0.037500 0.066667
65 0.445833 0.094444 0.037500 0.066667
30 0.483333 0.094444 0.037500 0.066667
36 0.520833 0.094444 0.037500 0.066667
31 0.558333 0.094444 0.037500 0.066667
31 0.595833 0.094444 0.037500 0.066667
64 0.633333 0.094444 0.037500 0.066667
129 0.670833 0.094444 0.037500 0.066667
174 0.334375 0.027778 0.033333 0.059259
111 0.363542 0.027778 0.033333 0.059259
304 0.392708 0.027778 0.033333 0.059259
13 0.421875 0.027778 0.033333 0.059259
13 0.451042 0.027778 0.033333 0.059259
14 0.247917 0.565741 0.114583 0.268519
15 0.247917 0.716667 0.120312 0.023333
124 0.195833 0.744444 0.025000 0.044444
136 0.220833 0.744444 0.025000 0.044444
119 0.245833 0.744444 0.025000 0.044444
401 0.591146 0.729630 0.025000 0.044444
469 0.616146 0.729630 0.025000 0.044444
80 0.641146 0.729630 0.025000 0.044444
221 0.645833 0.574074 0.119792 0.222222
20 0.645833 0.701852 0.125781 0.023333
48 0.645833 0.433333 0.038333 0.068148
390 0.384896 0.738889 0.025000 0.044444
117 0.409896 0.738889 0.025000 0.044444
115 0.434896 0.738889 0.025000 0.044444
240 0.459896 0.738889 0.025000 0.044444
53 0.450000 0.509259 0.140625 0.370370
20 0.450000 0.711111 0.147656 0.023333
331 0.450000 0.294444 0.038333 0.068148
242 0.797917 0.748148 0.025000 0.044444
179 0.850000 0.555556 0.114583 0.296296
20 0.850000 0.720370 0.120312 0.023333
170 0.850000 0.377778 0.038333 0.068148
