142 0.448594 0.925926 0.124215 0.300456
61 0.557969 0.925926 0.124152 0.300376
6 0.033333 0.094444 0.037500 0.066667
199 0.070833 0.094444 0.037500 0.066667
30 0.108333 0.094444 0.037500 0.066667
199 0.145833 0.094444 0.037500 0.066667
5 0.183333 0.094444 0.037500 0.066667
6 0.220833 0.094444 0.037500 0.066667
29 0.258333 0.094444 0.037500 0.066667
31 0.295833 0.094444 0.037500 0.066667
28 0.333333 0.094444 0.037500 0.066667
28 0.370833 0.094444 0.037500 0.066667
145 0.334375 0.027778 0.033333 0.059259
13 0.363542 0.027778 0.033333 0.059259
13 0.392708 0.027778 0.033333 0.059259
13 0.421875 0.027778 0.033333 0.059259
13 0.451042 0.027778 0.033333 0.059259
14 0.247917 0.565741 0.114583 0.268519
15 0.247917 0.716667 0.120312 0.023333
176 0.195833 0.744444 0.025000 0.044444
41 0.220833 0.744444 0.025000 0.044444
469 0.571875 0.734259 0.025000 0.044444
98 0.596875 0.734259 0.025000 0.044444
454 0.621875 0.734259 0.025000 0.044444
76 0.650000 0.495370 0.166667 0.388889
20 0.650000 0.706481 0.175000 0.023333
48 0.650000 0.271296 0.038333 0.068148
55 0.803125 0.743519 0.025000 0.044444
368 0.850000 0.555556 0.104167 0.287037
20 0.850000 0.715741 0.109375 0.023333
331 0.850000 0.382407 0.038333 0.068148
277 0.366667 0.738889 0.025000 0.044444
100 0.391667 0.738889 0.025000 0.044444
367 0.416667 0.738889 0.025000 0.044444
422 0.452604 0.490741 0.182292 0.407407
20 0.452604 0.711111 0.191406 0.023333
48 0.452604 0.257407 0.038333 0.068148
