613 0.448594 0.925926 0.124215 0.300456
600 0.557969 0.925926 0.124152 0.300376
91 0.033333 0.094444 0.037500 0.066667
30 0.070833 0.094444 0.037500 0.066667
37 0.108333 0.094444 0.037500 0.066667
36 0.145833 0.094444 0.037500 0.066667
92 0.183333 0.094444 0.037500 0.066667
129 0.220833 0.094444 0.037500 0.066667
110 0.258333 0.094444 0.037500 0.066667
7 0.295833 0.094444 0.037500 0.066667
66 0.333333 0.094444 0.037500 0.066667
33 0.370833 0.094444 0.037500 0.066667
4 0.408333 0.094444 0.037500 0.066667
163 0.445833 0.094444 0.037500 0.066667
4 0.483333 0.094444 0.037500 0.066667
132 0.520833 0.094444 0.037500 0.066667
355 0.334375 0.027778 0.033333 0.059259
112 0.363542 0.027778 0.033333 0.059259
13 0.392708 0.027778 0.033333 0.059259
13 0.421875 0.027778 0.033333 0.059259
13 0.451042 0.027778 0.033333 0.059259
14 0.247917 0.565741 0.114583 0.268519
15 0.247917 0.716667 0.120312 0.023333
115 0.195833 0.744444 0.025000 0.044444
327 0.220833 0.744444 0.025000 0.044444
203 0.245833 0.744444 0.025000 0.044444
305 0.811979 0.735185 0.025000 0.044444
80 0.836979 0.735185 0.025000 0.044444
367 0.861979 0.735185 0.025000 0.044444
176 0.886979 0.735185 0.025000 0.044444
549 0.845833 0.621296 0.078125 0.138889
20 0.845833 0.707407 0.082031 0.023333
48 0.845833 0.522222 0.038333 0.068148
124 0.553646 0.729630 0.025000 0.044444
383 0.650000 0.504630 0.203125 0.361111
20 0.650000 0.701852 0.213281 0.023333
216 0.650000 0.294444 0.038333 0.068148
