193 0.401563 0.953704 0.131037 0.308710
417 0.500000 0.925926 0.117188 0.291667
412 0.598437 0.953704 0.130975 0.308631
34 0.033333 0.094444 0.037500 0.066667
7 0.070833 0.094444 0.037500 0.066667
108 0.108333 0.094444 0.037500 0.066667
94 0.145833 0.094444 0.037500 0.066667
6 0.183333 0.094444 0.037500 0.066667
107 0.220833 0.094444 0.037500 0.066667
64 0.258333 0.094444 0.037500 0.066667
92 0.295833 0.094444 0.037500 0.066667
107 0.333333 0.094444 0.037500 0.066667
92 0.370833 0.094444 0.037500 0.066667
132 0.408333 0.094444 0.037500 0.066667
129 0.445833 0.094444 0.037500 0.066667
129 0.483333 0.094444 0.037500 0.066667
92 0.520833 0.094444 0.037500 0.066667
64 0.558333 0.094444 0.037500 0.066667
107 0.595833 0.094444 0.037500 0.066667
8 0.633333 0.094444 0.037500 0.066667
36 0.670833 0.094444 0.037500 0.066667
303 0.334375 0.027778 0.033333 0.059259
324 0.363542 0.027778 0.033333 0.059259
200 0.392708 0.027778 0.033333 0.059259
111 0.421875 0.027778 0.033333 0.059259
324 0.451042 0.027778 0.033333 0.059259
14 0.247917 0.565741 0.114583 0.268519
15 0.247917 0.716667 0.120312 0.023333
134 0.195833 0.744444 0.025000 0.044444
168 0.220833 0.744444 0.025000 0.044444
114 0.245833 0.744444 0.025000 0.044444
314 0.270833 0.744444 0.025000 0.044444
78 0.810938 0.720681 0.025000 0.044444
165 0.835938 0.720681 0.025000 0.044444
201 0.860937 0.720681 0.025000 0.044444
608 0.850000 0.616052 0.088542 0.120370
20 0.850000 0.692903 0.092969 0.023333
170 0.850000 0.526237 0.038333 0.068148
