612 0.401563 0.953704 0.131037 0.308710
409 0.500000 0.925926 0.117188 0.291667
245 0.598437 0.953704 0.130975 0.308631
6 0.033333 0.094444 0.037500 0.066667
66 0.070833 0.094444 0.037500 0.066667
130 0.108333 0.094444 0.037500 0.066667
6 0.145833 0.094444 0.037500 0.066667
36 0.183333 0.094444 0.037500 0.066667
94 0.220833 0.094444 0.037500 0.066667
184 0.258333 0.094444 0.037500 0.066667
66 0.295833 0.094444 0.037500 0.066667
30 0.333333 0.094444 0.037500 0.066667
37 0.370833 0.094444 0.037500 0.066667
31 0.408333 0.094444 0.037500 0.066667
32 0.445833 0.094444 0.037500 0.066667
6 0.483333 0.094444 0.037500 0.066667
6 0.520833 0.094444 0.037500 0.066667
5 0.558333 0.094444 0.037500 0.066667
110 0.595833 0.094444 0.037500 0.066667
144 0.334375 0.027778 0.033333 0.059259
40 0.363542 0.027778 0.033333 0.059259
11 0.392708 0.027778 0.033333 0.059259
10 0.421875 0.027778 0.033333 0.059259
143 0.451042 0.027778 0.033333 0.059259
14 0.247917 0.565741 0.114583 0.268519
15 0.247917 0.716667 0.120312 0.023333
77 0.195833 0.744444 0.025000 0.044444
16 0.220833 0.744444 0.025000 0.044444
165 0.245833 0.744444 0.025000 0.044444
152 0.270833 0.744444 0.025000 0.044444
291 0.808333 0.725000 0.025000 0.044444
79 0.833333 0.725000 0.025000 0.044444
205 0.858333 0.725000 0.025000 0.044444
240 0.883333 0.725000 0.025000 0.044444
47 0.850000 0.615741 0.093750 0.129630
20 0.850000 0.697222 0.098437 0.023333
48 0.850000 0.521296 0.038333 0.068148
415 0.621354 0.724074 0.025000 0.044444
117 0.646354 0.724074 0.025000 0.044444
260 0.650000 0.633333 0.067708 0.092593
20 0.650000 0.696296 0.071094 0.023333
48 0.650000 0.557407 0.038333 0.068148
