95 0.226563 1.000000 0.153046 0.323776
515 0.300938 0.968750 0.142404 0.313332
67 0.379687 0.943287 0.130728 0.300556
410 0.458438 0.925926 0.118005 0.285433
309 0.541562 0.925926 0.117945 0.285357
516 0.620313 0.943287 0.130669 0.300481
517 0.693594 0.968750 0.142346 0.313258
518 0.773438 1.000000 0.152989 0.323704
18 0.033333 0.094444 0.037500 0.066667
160 0.070833 0.094444 0.037500 0.066667
41 0.108333 0.094444 0.037500 0.066667
102 0.145833 0.094444 0.037500 0.066667
160 0.183333 0.094444 0.037500 0.066667
48 0.220833 0.094444 0.037500 0.066667
11 0.258333 0.094444 0.037500 0.066667
101 0.295833 0.094444 0.037500 0.066667
14 0.333333 0.094444 0.037500 0.066667
42 0.370833 0.094444 0.037500 0.066667
44 0.408333 0.094444 0.037500 0.066667
15 0.445833 0.094444 0.037500 0.066667
77 0.483333 0.094444 0.037500 0.066667
286 0.520833 0.094444 0.037500 0.066667
48 0.558333 0.094444 0.037500 0.066667
13 0.595833 0.094444 0.037500 0.066667
43 0.633333 0.094444 0.037500 0.066667
183 0.334375 0.027778 0.033333 0.059259
24 0.363542 0.027778 0.033333 0.059259
24 0.392708 0.027778 0.033333 0.059259
24 0.421875 0.027778 0.033333 0.059259
24 0.451042 0.027778 0.033333 0.059259
25 0.247917 0.565741 0.114583 0.268519
26 0.247917 0.716667 0.120312 0.023333
146 0.195833 0.744444 0.025000 0.044444
335 0.797917 0.737037 0.025000 0.044444
519 0.822917 0.737037 0.025000 0.044444
85 0.847917 0.737037 0.025000 0.044444
186 0.872917 0.737037 0.025000 0.044444
269 0.844792 0.562963 0.104167 0.259259
32 0.844792 0.709259 0.109375 0.023333
38 0.844792 0.403704 0.038333 0.068148
