445 0.193750 1.000000 0.149621 0.310807
372 0.259375 0.982716 0.140084 0.302077
509 0.332656 0.955556 0.129526 0.291092
613 0.412500 0.930247 0.117934 0.277839
491 0.500000 0.925926 0.105469 0.262500
526 0.587500 0.930247 0.117877 0.277768
198 0.667344 0.955556 0.129470 0.291021
578 0.740625 0.982716 0.140029 0.302007
595 0.806250 1.000000 0.149567 0.310740
91 0.033333 0.094444 0.037500 0.066667
132 0.070833 0.094444 0.037500 0.066667
94 0.108333 0.094444 0.037500 0.066667
199 0.145833 0.094444 0.037500 0.066667
34 0.183333 0.094444 0.037500 0.066667
163 0.220833 0.094444 0.037500 0.066667
30 0.258333 0.094444 0.037500 0.066667
67 0.295833 0.094444 0.037500 0.066667
34 0.333333 0.094444 0.037500 0.066667
32 0.370833 0.094444 0.037500 0.066667
173 0.408333 0.094444 0.037500 0.066667
108 0.445833 0.094444 0.037500 0.066667
132 0.483333 0.094444 0.037500 0.066667
33 0.520833 0.094444 0.037500 0.066667
131 0.558333 0.094444 0.037500 0.066667
132 0.595833 0.094444 0.037500 0.066667
184 0.633333 0.094444 0.037500 0.066667
11 0.334375 0.027778 0.033333 0.059259
186 0.363542 0.027778 0.033333 0.059259
13 0.392708 0.027778 0.033333 0.059259
13 0.421875 0.027778 0.033333 0.059259
13 0.451042 0.027778 0.033333 0.059259
14 0.247917 0.565741 0.114583 0.268519
15 0.247917 0.716667 0.120312 0.023333
73 0.195833 0.744444 0.025000 0.044444
258 0.756250 0.743519 0.025000 0.044444
416 0.781250 0.743519 0.025000 0.044444
297 0.870833 0.583333 0.239583 0.231481
20 0.870833 0.715741 0.251562 0.023333
48 0.870833 0.437963 0.038333 0.068148
