494 0.226563 1.000000 0.153046 0.323776
458 0.300938 0.968750 0.142404 0.313332
419 0.379687 0.943287 0.130728 0.300556
565 0.458438 0.925926 0.118005 0.285433
452 0.541562 0.925926 0.117945 0.285357
126 0.620313 0.943287 0.130669 0.300481
309 0.693594 0.968750 0.142346 0.313258
384 0.773438 1.000000 0.152989 0.323704
8 0.033333 0.094444 0.037500 0.066667
36 0.070833 0.094444 0.037500 0.066667
6 0.108333 0.094444 0.037500 0.066667
34 0.145833 0.094444 0.037500 0.066667
173 0.183333 0.094444 0.037500 0.066667
91 0.220833 0.094444 0.037500 0.066667
173 0.258333 0.094444 0.037500 0.066667
5 0.295833 0.094444 0.037500 0.066667
108 0.333333 0.094444 0.037500 0.066667
64 0.370833 0.094444 0.037500 0.066667
33 0.408333 0.094444 0.037500 0.066667
93 0.445833 0.094444 0.037500 0.066667
39 0.334375 0.027778 0.033333 0.059259
355 0.363542 0.027778 0.033333 0.059259
13 0.392708 0.027778 0.033333 0.059259
13 0.421875 0.027778 0.033333 0.059259
13 0.451042 0.027778 0.033333 0.059259
14 0.247917 0.565741 0.114583 0.268519
15 0.247917 0.716667 0.120312 0.023333
77 0.195833 0.744444 0.025000 0.044444
75 0.782292 0.720370 0.025000 0.044444
139 0.807292 0.720370 0.025000 0.044444
189 0.832292 0.720370 0.025000 0.044444
601 0.850000 0.546296 0.145833 0.259259
20 0.850000 0.692593 0.153125 0.023333
48 0.850000 0.387037 0.038333 0.068148
