431 0.182812 1.000000 0.145411 0.296825
595 0.237500 0.976852 0.136936 0.289694
213 0.303125 0.951852 0.127414 0.280350
301 0.379687 0.928704 0.116968 0.268919
513 0.456250 0.921296 0.105583 0.255387
511 0.543750 0.921296 0.105530 0.255319
600 0.620313 0.928704 0.116914 0.268851
430 0.696875 0.951852 0.127362 0.280284
458 0.762500 0.976852 0.136885 0.289630
373 0.817187 1.000000 0.145376 0.296799
36 0.033333 0.094444 0.037500 0.066667
94 0.070833 0.094444 0.037500 0.066667
290 0.334375 0.027778 0.033333 0.059259
13 0.363542 0.027778 0.033333 0.059259
13 0.392708 0.027778 0.033333 0.059259
13 0.421875 0.027778 0.033333 0.059259
13 0.451042 0.027778 0.033333 0.059259
14 0.247917 0.565741 0.114583 0.268519
15 0.247917 0.716667 0.120312 0.023333
256 0.195833 0.744444 0.025000 0.044444
483 0.220833 0.744444 0.025000 0.044444
314 0.245833 0.744444 0.025000 0.044444
406 0.270833 0.744444 0.025000 0.044444
73 0.777083 0.729630 0.025000 0.044444
464 0.850000 0.601852 0.156250 0.166667
20 0.850000 0.701852 0.164063 0.023333
48 0.850000 0.488889 0.038333 0.068148
