580 0.237500 1.000000 0.155649 0.335641
636 0.314063 0.968783 0.143917 0.323435
376 0.401563 0.945767 0.131037 0.308710
477 0.500000 0.931481 0.117188 0.291667
478 0.598437 0.945767 0.130975 0.308631
645 0.685938 0.968783 0.143855 0.323357
624 0.762500 1.000000 0.155588 0.335564
184 0.033333 0.094444 0.037500 0.066667
29 0.070833 0.094444 0.037500 0.066667
7 0.108333 0.094444 0.037500 0.066667
30 0.145833 0.094444 0.037500 0.066667
131 0.183333 0.094444 0.037500 0.066667
33 0.220833 0.094444 0.037500 0.066667
91 0.258333 0.094444 0.037500 0.066667
37 0.295833 0.094444 0.037500 0.066667
110 0.333333 0.094444 0.037500 0.066667
29 0.370833 0.094444 0.037500 0.066667
33 0.408333 0.094444 0.037500 0.066667
109 0.445833 0.094444 0.037500 0.066667
28 0.483333 0.094444 0.037500 0.066667
67 0.520833 0.094444 0.037500 0.066667
37 0.558333 0.094444 0.037500 0.066667
28 0.595833 0.094444 0.037500 0.066667
8 0.633333 0.094444 0.037500 0.066667
33 0.670833 0.094444 0.037500 0.066667
94 0.708333 0.094444 0.037500 0.066667
33 0.745833 0.094444 0.037500 0.066667
10 0.334375 0.027778 0.033333 0.059259
13 0.363542 0.027778 0.033333 0.059259
13 0.392708 0.027778 0.033333 0.059259
13 0.421875 0.027778 0.033333 0.059259
13 0.451042 0.027778 0.033333 0.059259
14 0.247917 0.565741 0.114583 0.268519
15 0.247917 0.716667 0.120312 0.023333
266 0.195833 0.744444 0.025000 0.044444
153 0.220833 0.744444 0.025000 0.044444
137 0.245833 0.744444 0.025000 0.044444
44 0.270833 0.744444 0.025000 0.044444
264 0.758854 0.748148 0.025000 0.044444
296 0.783854 0.748148 0.025000 0.044444
306 0.808854 0.748148 0.025000 0.044444
100 0.833854 0.748148 0.025000 0.044444
470 0.834375 0.562500 0.161458 0.282407
20 0.834375 0.720370 0.169531 0.023333
170 0.834375 0.391667 0.038333 0.068148
