528 0.401563 0.953704 0.131037 0.308710
370 0.500000 0.925926 0.117188 0.291667
333 0.598437 0.953704 0.130975 0.308631
36 0.033333 0.094444 0.037500 0.066667
184 0.070833 0.094444 0.037500 0.066667
11 0.334375 0.027778 0.033333 0.059259
324 0.363542 0.027778 0.033333 0.059259
377 0.392708 0.027778 0.033333 0.059259
112 0.421875 0.027778 0.033333 0.059259
13 0.451042 0.027778 0.033333 0.059259
14 0.247917 0.565741 0.114583 0.268519
15 0.247917 0.716667 0.120312 0.023333
42 0.195833 0.744444 0.025000 0.044444
369 0.220833 0.744444 0.025000 0.044444
356 0.384896 0.738889 0.025000 0.044444
69 0.409896 0.738889 0.025000 0.044444
313 0.434896 0.738889 0.025000 0.044444
53 0.450000 0.509259 0.140625 0.370370
20 0.450000 0.711111 0.147656 0.023333
331 0.450000 0.294444 0.038333 0.068148
164 0.558854 0.725000 0.025000 0.044444
476 0.650000 0.523148 0.192708 0.314815
20 0.650000 0.697222 0.202344 0.023333
48 0.650000 0.336111 0.038333 0.068148
46 0.753646 0.725926 0.025000 0.044444
243 0.850000 0.500926 0.203125 0.361111
20 0.850000 0.698148 0.213281 0.023333
170 0.850000 0.290741 0.038333 0.068148
