88 0.237500 1.000000 0.155649 0.335641
287 0.314063 0.968783 0.143917 0.323435
579 0.401563 0.945767 0.131037 0.308710
647 0.500000 0.931481 0.117188 0.291667
600 0.598437 0.945767 0.130975 0.308631
364 0.685938 0.968783 0.143855 0.323357
60 0.762500 1.000000 0.155588 0.335564
108 0.033333 0.094444 0.037500 0.066667
33 0.070833 0.094444 0.037500 0.066667
5 0.108333 0.094444 0.037500 0.066667
272 0.334375 0.027778 0.033333 0.059259
143 0.363542 0.027778 0.033333 0.059259
290 0.392708 0.027778 0.033333 0.059259
112 0.421875 0.027778 0.033333 0.059259
381 0.451042 0.027778 0.033333 0.059259
14 0.247917 0.565741 0.114583 0.268519
15 0.247917 0.716667 0.120312 0.023333
146 0.195833 0.744444 0.025000 0.044444
79 0.387500 0.716667 0.025000 0.044444
348 0.450000 0.593518 0.135417 0.157407
20 0.450000 0.688889 0.142188 0.023333
48 0.450000 0.485185 0.038333 0.068148
51 0.571875 0.734259 0.025000 0.044444
239 0.596875 0.734259 0.025000 0.044444
76 0.650000 0.495370 0.166667 0.388889
20 0.650000 0.706481 0.175000 0.023333
48 0.650000 0.271296 0.038333 0.068148
241 0.803125 0.743519 0.025000 0.044444
114 0.828125 0.743519 0.025000 0.044444
368 0.850000 0.555556 0.104167 0.287037
20 0.850000 0.715741 0.109375 0.023333
331 0.850000 0.382407 0.038333 0.068148
