451 0.500000 0.925926 0.117188 0.291667
37 0.033333 0.094444 0.037500 0.066667
94 0.070833 0.094444 0.037500 0.066667
109 0.108333 0.094444 0.037500 0.066667
28 0.145833 0.094444 0.037500 0.066667
4 0.183333 0.094444 0.037500 0.066667
65 0.220833 0.094444 0.037500 0.066667
93 0.258333 0.094444 0.037500 0.066667
184 0.295833 0.094444 0.037500 0.066667
92 0.333333 0.094444 0.037500 0.066667
133 0.334375 0.027778 0.033333 0.059259
40 0.363542 0.027778 0.033333 0.059259
255 0.392708 0.027778 0.033333 0.059259
112 0.421875 0.027778 0.033333 0.059259
13 0.451042 0.027778 0.033333 0.059259
14 0.247917 0.565741 0.114583 0.268519
15 0.247917 0.716667 0.120312 0.023333
52 0.195833 0.744444 0.025000 0.044444
483 0.220833 0.744444 0.025000 0.044444
120 0.587500 0.716667 0.025000 0.044444
45 0.612500 0.716667 0.025000 0.044444
240 0.637500 0.716667 0.025000 0.044444
348 0.650000 0.593518 0.135417 0.157407
20 0.650000 0.688889 0.142188 0.023333
216 0.650000 0.485185 0.038333 0.068148
77 0.382813 0.734259 0.025000 0.044444
44 0.407813 0.734259 0.025000 0.044444
485 0.442708 0.537037 0.130208 0.305556
20 0.442708 0.706481 0.136719 0.023333
72 0.442708 0.354630 0.038333 0.068148
265 0.771875 0.724074 0.025000 0.044444
202 0.796875 0.724074 0.025000 0.044444
222 0.821875 0.724074 0.025000 0.044444
188 0.846875 0.724074 0.025000 0.044444
441 0.839583 0.563889 0.145833 0.231481
20 0.839583 0.696296 0.153125 0.023333
170 0.839583 0.418519 0.038333 0.068148
