519 0.314063 0.986111 0.143917 0.323435
467 0.401563 0.953704 0.131037 0.308710
630 0.500000 0.935185 0.117188 0.291667
603 0.598437 0.953704 0.130975 0.308631
629 0.685938 0.986111 0.143855 0.323357
91 0.033333 0.094444 0.037500 0.066667
144 0.334375 0.027778 0.033333 0.059259
381 0.363542 0.027778 0.033333 0.059259
174 0.392708 0.027778 0.033333 0.059259
13 0.421875 0.027778 0.033333 0.059259
13 0.451042 0.027778 0.033333 0.059259
14 0.247917 0.565741 0.114583 0.268519
15 0.247917 0.716667 0.120312 0.023333
277 0.195833 0.744444 0.025000 0.044444
357 0.220833 0.744444 0.025000 0.044444
256 0.608333 0.711111 0.025000 0.044444
226 0.633333 0.711111 0.025000 0.044444
187 0.658333 0.711111 0.025000 0.044444
98 0.683333 0.711111 0.025000 0.044444
47 0.650000 0.601852 0.093750 0.129630
20 0.650000 0.683333 0.098437 0.023333
48 0.650000 0.507407 0.038333 0.068148
227 0.803125 0.729630 0.025000 0.044444
406 0.828125 0.729630 0.025000 0.044444
293 0.853125 0.729630 0.025000 0.044444
73 0.878125 0.729630 0.025000 0.044444
382 0.850000 0.583333 0.104167 0.203704
20 0.850000 0.701852 0.109375 0.023333
48 0.850000 0.451852 0.038333 0.068148
17 0.387500 0.720370 0.025000 0.044444
135 0.412500 0.720370 0.025000 0.044444
330 0.450000 0.583333 0.135417 0.185185
20 0.450000 0.692593 0.142188 0.023333
331 0.450000 0.461111 0.038333 0.068148
