412 0.351250 0.960648 0.137609 0.316375
231 0.449688 0.935185 0.124215 0.300456
637 0.550312 0.935185 0.124152 0.300376
311 0.648750 0.960648 0.137546 0.316296
29 0.033333 0.094444 0.037500 0.066667
92 0.070833 0.094444 0.037500 0.066667
132 0.108333 0.094444 0.037500 0.066667
131 0.145833 0.094444 0.037500 0.066667
94 0.183333 0.094444 0.037500 0.066667
94 0.220833 0.094444 0.037500 0.066667
93 0.258333 0.094444 0.037500 0.066667
66 0.295833 0.094444 0.037500 0.066667
32 0.333333 0.094444 0.037500 0.066667
6 0.370833 0.094444 0.037500 0.066667
199 0.408333 0.094444 0.037500 0.066667
163 0.445833 0.094444 0.037500 0.066667
214 0.334375 0.027778 0.033333 0.059259
200 0.363542 0.027778 0.033333 0.059259
13 0.392708 0.027778 0.033333 0.059259
13 0.421875 0.027778 0.033333 0.059259
13 0.451042 0.027778 0.033333 0.059259
14 0.247917 0.565741 0.114583 0.268519
15 0.247917 0.716667 0.120312 0.023333
367 0.195833 0.744444 0.025000 0.044444
266 0.220833 0.744444 0.025000 0.044444
156 0.245833 0.744444 0.025000 0.044444
138 0.748438 0.738889 0.025000 0.044444
169 0.813542 0.518519 0.140625 0.351852
20 0.813542 0.711111 0.147656 0.023333
48 0.797917 0.312963 0.038333 0.068148
305 0.343229 0.748148 0.025000 0.044444
100 0.368229 0.748148 0.025000 0.044444
148 0.393229 0.748148 0.025000 0.044444
358 0.450000 0.537037 0.223958 0.333333
20 0.450000 0.720370 0.235156 0.023333
21 0.450000 0.340741 0.038333 0.068148
277 0.556250 0.743519 0.025000 0.044444
524 0.581250 0.743519 0.025000 0.044444
327 0.606250 0.743519 0.025000 0.044444
314 0.631250 0.743519 0.025000 0.044444
297 0.670833 0.583333 0.239583 0.231481
20 0.670833 0.715741 0.251562 0.023333
48 0.670833 0.437963 0.038333 0.068148
