573 0.193750 1.000000 0.149621 0.310807
419 0.259375 0.982716 0.140084 0.302077
610 0.332656 0.955556 0.129526 0.291092
287 0.412500 0.930247 0.117934 0.277839
538 0.500000 0.925926 0.105469 0.262500
370 0.587500 0.930247 0.117877 0.277768
651 0.667344 0.955556 0.129470 0.291021
128 0.740625 0.982716 0.140029 0.302007
251 0.806250 1.000000 0.149567 0.310740
33 0.033333 0.094444 0.037500 0.066667
199 0.070833 0.094444 0.037500 0.066667
65 0.108333 0.094444 0.037500 0.066667
93 0.145833 0.094444 0.037500 0.066667
4 0.183333 0.094444 0.037500 0.066667
35 0.220833 0.094444 0.037500 0.066667
174 0.334375 0.027778 0.033333 0.059259
145 0.363542 0.027778 0.033333 0.059259
13 0.392708 0.027778 0.033333 0.059259
13 0.421875 0.027778 0.033333 0.059259
13 0.451042 0.027778 0.033333 0.059259
14 0.247917 0.565741 0.114583 0.268519
15 0.247917 0.716667 0.120312 0.023333
119 0.195833 0.744444 0.025000 0.044444
116 0.403125 0.729630 0.025000 0.044444
531 0.450000 0.583333 0.104167 0.203704
20 0.450000 0.701852 0.109375 0.023333
48 0.450000 0.451852 0.038333 0.068148
264 0.740625 0.739815 0.025000 0.044444
401 0.765625 0.739815 0.025000 0.044444
78 0.790625 0.739815 0.025000 0.044444
446 0.852604 0.551852 0.234375 0.287037
20 0.852604 0.712037 0.246094 0.023333
170 0.852604 0.378704 0.038333 0.068148
270 0.556250 0.734259 0.025000 0.044444
125 0.650000 0.555556 0.197917 0.268519
20 0.650000 0.706481 0.207812 0.023333
216 0.650000 0.391667 0.038333 0.068148
