605 0.500000 0.925926 0.117188 0.291667
28 0.033333 0.094444 0.037500 0.066667
184 0.070833 0.094444 0.037500 0.066667
111 0.334375 0.027778 0.033333 0.059259
112 0.363542 0.027778 0.033333 0.059259
113 0.392708 0.027778 0.033333 0.059259
39 0.421875 0.027778 0.033333 0.059259
68 0.451042 0.027778 0.033333 0.059259
14 0.247917 0.565741 0.114583 0.268519
15 0.247917 0.716667 0.120312 0.023333
80 0.195833 0.744444 0.025000 0.044444
101 0.220833 0.744444 0.025000 0.044444
18 0.245833 0.744444 0.025000 0.044444
177 0.270833 0.744444 0.025000 0.044444
264 0.571875 0.734259 0.025000 0.044444
149 0.650000 0.587963 0.166667 0.203704
20 0.650000 0.706481 0.175000 0.023333
150 0.650000 0.456481 0.038333 0.068148
119 0.782812 0.734259 0.025000 0.044444
75 0.807813 0.734259 0.025000 0.044444
269 0.832812 0.734259 0.025000 0.044444
44 0.857813 0.734259 0.025000 0.044444
485 0.842708 0.537037 0.130208 0.305556
20 0.842708 0.706481 0.136719 0.023333
48 0.842708 0.354630 0.038333 0.068148
