461 0.226563 1.000000 0.153046 0.323776
196 0.300938 0.968750 0.142404 0.313332
444 0.379687 0.943287 0.130728 0.300556
647 0.458438 0.925926 0.118005 0.285433
586 0.541562 0.925926 0.117945 0.285357
438 0.620313 0.943287 0.130669 0.300481
417 0.693594 0.968750 0.142346 0.313258
411 0.773438 1.000000 0.152989 0.323704
64 0.033333 0.094444 0.037500 0.066667
163 0.070833 0.094444 0.037500 0.066667
34 0.108333 0.094444 0.037500 0.066667
108 0.145833 0.094444 0.037500 0.066667
6 0.183333 0.094444 0.037500 0.066667
184 0.220833 0.094444 0.037500 0.066667
7 0.258333 0.094444 0.037500 0.066667
35 0.295833 0.094444 0.037500 0.066667
8 0.333333 0.094444 0.037500 0.066667
30 0.370833 0.094444 0.037500 0.066667
5 0.408333 0.094444 0.037500 0.066667
129 0.445833 0.094444 0.037500 0.066667
65 0.483333 0.094444 0.037500 0.066667
35 0.520833 0.094444 0.037500 0.066667
7 0.558333 0.094444 0.037500 0.066667
67 0.595833 0.094444 0.037500 0.066667
35 0.633333 0.094444 0.037500 0.066667
31 0.670833 0.094444 0.037500 0.066667
255 0.334375 0.027778 0.033333 0.059259
13 0.363542 0.027778 0.033333 0.059259
13 0.392708 0.027778 0.033333 0.059259
13 0.421875 0.027778 0.033333 0.059259
13 0.451042 0.027778 0.033333 0.059259
14 0.247917 0.565741 0.114583 0.268519
15 0.247917 0.716667 0.120312 0.023333
55 0.195833 0.744444 0.025000 0.044444
415 0.220833 0.744444 0.025000 0.044444
69 0.245833 0.744444 0.025000 0.044444
165 0.270833 0.744444 0.025000 0.044444
242 0.774479 0.725926 0.025000 0.044444
55 0.799479 0.725926 0.025000 0.044444
168 0.824479 0.725926 0.025000 0.044444
402 0.849479 0.725926 0.025000 0.044444
279 0.860417 0.561111 0.182292 0.240741
20 0.860417 0.698148 0.191406 0.023333
48 0.860417 0.411111 0.038333 0.068148
175 0.571875 0.734259 0.025000 0.044444
371 0.596875 0.734259 0.025000 0.044444
305 0.621875 0.734259 0.025000 0.044444
147 0.646875 0.734259 0.025000 0.044444
76 0.650000 0.495370 0.166667 0.388889
20 0.650000 0.706481 0.175000 0.023333
48 0.650000 0.271296 0.038333 0.068148
