421 0.226563 1.000000 0.153046 0.323776
234 0.300938 0.968750 0.142404 0.313332
556 0.379687 0.943287 0.130728 0.300556
322 0.458438 0.925926 0.118005 0.285433
461 0.541562 0.925926 0.117945 0.285357
488 0.620313 0.943287 0.130669 0.300481
251 0.693594 0.968750 0.142346 0.313258
223 0.773438 1.000000 0.152989 0.323704
92 0.033333 0.094444 0.037500 0.066667
66 0.070833 0.094444 0.037500 0.066667
92 0.108333 0.094444 0.037500 0.066667
7 0.145833 0.094444 0.037500 0.066667
32 0.183333 0.094444 0.037500 0.066667
37 0.220833 0.094444 0.037500 0.066667
32 0.258333 0.094444 0.037500 0.066667
29 0.295833 0.094444 0.037500 0.066667
30 0.333333 0.094444 0.037500 0.066667
31 0.370833 0.094444 0.037500 0.066667
30 0.408333 0.094444 0.037500 0.066667
272 0.334375 0.027778 0.033333 0.059259
10 0.363542 0.027778 0.033333 0.059259
174 0.392708 0.027778 0.033333 0.059259
290 0.421875 0.027778 0.033333 0.059259
13 0.451042 0.027778 0.033333 0.059259
14 0.247917 0.565741 0.114583 0.268519
15 0.247917 0.716667 0.120312 0.023333
415 0.195833 0.744444 0.025000 0.044444
276 0.220833 0.744444 0.025000 0.044444
168 0.823958 0.733333 0.025000 0.044444
80 0.848958 0.733333 0.025000 0.044444
371 0.873958 0.733333 0.025000 0.044444
276 0.898958 0.733333 0.025000 0.044444
154 0.850000 0.614815 0.062500 0.148148
20 0.850000 0.705556 0.065625 0.023333
48 0.850000 0.511111 0.038333 0.068148
347 0.546875 0.729630 0.025000 0.044444
151 0.571875 0.729630 0.025000 0.044444
242 0.596875 0.729630 0.025000 0.044444
121 0.665625 0.495370 0.247917 0.379630
20 0.665625 0.701852 0.260312 0.023333
216 0.665625 0.275926 0.038333 0.068148
