160 0.226563 1.000000 0.153046 0.323776
502 0.300938 0.968750 0.142404 0.313332
209 0.379687 0.943287 0.130728 0.300556
622 0.458438 0.925926 0.118005 0.285433
63 0.541562 0.925926 0.117945 0.285357
379 0.620313 0.943287 0.130669 0.300481
534 0.693594 0.968750 0.142346 0.313258
587 0.773438 1.000000 0.152989 0.323704
67 0.033333 0.094444 0.037500 0.066667
28 0.070833 0.094444 0.037500 0.066667
34 0.108333 0.094444 0.037500 0.066667
109 0.145833 0.094444 0.037500 0.066667
92 0.183333 0.094444 0.037500 0.066667
199 0.220833 0.094444 0.037500 0.066667
7 0.258333 0.094444 0.037500 0.066667
110 0.295833 0.094444 0.037500 0.066667
65 0.333333 0.094444 0.037500 0.066667
163 0.370833 0.094444 0.037500 0.066667
8 0.408333 0.094444 0.037500 0.066667
92 0.445833 0.094444 0.037500 0.066667
28 0.483333 0.094444 0.037500 0.066667
5 0.520833 0.094444 0.037500 0.066667
131 0.558333 0.094444 0.037500 0.066667
129 0.595833 0.094444 0.037500 0.066667
107 0.633333 0.094444 0.037500 0.066667
6 0.670833 0.094444 0.037500 0.066667
29 0.708333 0.094444 0.037500 0.066667
91 0.745833 0.094444 0.037500 0.066667
377 0.334375 0.027778 0.033333 0.059259
377 0.363542 0.027778 0.033333 0.059259
336 0.392708 0.027778 0.033333 0.059259
13 0.421875 0.027778 0.033333 0.059259
13 0.451042 0.027778 0.033333 0.059259
14 0.247917 0.565741 0.114583 0.268519
15 0.247917 0.716667 0.120312 0.023333
75 0.195833 0.744444 0.025000 0.044444
207 0.220833 0.744444 0.025000 0.044444
325 0.823958 0.733333 0.025000 0.044444
291 0.848958 0.733333 0.025000 0.044444
406 0.873958 0.733333 0.025000 0.044444
205 0.898958 0.733333 0.025000 0.044444
154 0.850000 0.614815 0.062500 0.148148
20 0.850000 0.705556 0.065625 0.023333
48 0.850000 0.511111 0.038333 0.068148
