477 0.448594 0.925926 0.124215 0.300456
171 0.557969 0.925926 0.124152 0.300376
5 0.033333 0.094444 0.037500 0.066667
32 0.070833 0.094444 0.037500 0.066667
66 0.108333 0.094444 0.037500 0.066667
30 0.145833 0.094444 0.037500 0.066667
94 0.183333 0.094444 0.037500 0.066667
65 0.220833 0.094444 0.037500 0.066667
92 0.258333 0.094444 0.037500 0.066667
107 0.295833 0.094444 0.037500 0.066667
184 0.333333 0.094444 0.037500 0.066667
34 0.370833 0.094444 0.037500 0.066667
8 0.408333 0.094444 0.037500 0.066667
36 0.445833 0.094444 0.037500 0.066667
29 0.483333 0.094444 0.037500 0.066667
67 0.520833 0.094444 0.037500 0.066667
173 0.558333 0.094444 0.037500 0.066667
31 0.595833 0.094444 0.037500 0.066667
4 0.633333 0.094444 0.037500 0.066667
107 0.670833 0.094444 0.037500 0.066667
66 0.708333 0.094444 0.037500 0.066667
238 0.334375 0.027778 0.033333 0.059259
112 0.363542 0.027778 0.033333 0.059259
336 0.392708 0.027778 0.033333 0.059259
13 0.421875 0.027778 0.033333 0.059259
13 0.451042 0.027778 0.033333 0.059259
14 0.247917 0.565741 0.114583 0.268519
15 0.247917 0.716667 0.120312 0.023333
390 0.195833 0.744444 0.025000 0.044444
406 0.823958 0.706481 0.025000 0.044444
415 0.848958 0.706481 0.025000 0.044444
78 0.873958 0.706481 0.025000 0.044444
222 0.898958 0.706481 0.025000 0.044444
71 0.850000 0.569444 0.062500 0.185185
20 0.850000 0.678704 0.065625 0.023333
72 0.850000 0.447222 0.038333 0.068148
264 0.353646 0.729630 0.025000 0.044444
454 0.378646 0.729630 0.025000 0.044444
383 0.450000 0.504630 0.203125 0.361111
20 0.450000 0.701852 0.213281 0.023333
216 0.450000 0.294444 0.038333 0.068148
276 0.546875 0.729630 0.025000 0.044444
366 0.571875 0.729630 0.025000 0.044444
134 0.596875 0.729630 0.025000 0.044444
121 0.665625 0.495370 0.247917 0.379630
20 0.665625 0.701852 0.260312 0.023333
48 0.665625 0.275926 0.038333 0.068148
