74 0.500000 0.925926 0.117188 0.291667
137 0.033333 0.094444 0.037500 0.066667
44 0.070833 0.094444 0.037500 0.066667
9 0.108333 0.094444 0.037500 0.066667
43 0.145833 0.094444 0.037500 0.066667
178 0.183333 0.094444 0.037500 0.066667
138 0.220833 0.094444 0.037500 0.066667
75 0.258333 0.094444 0.037500 0.066667
164 0.295833 0.094444 0.037500 0.066667
42 0.333333 0.094444 0.037500 0.066667
135 0.370833 0.094444 0.037500 0.066667
43 0.408333 0.094444 0.037500 0.066667
139 0.445833 0.094444 0.037500 0.066667
140 0.483333 0.094444 0.037500 0.066667
178 0.520833 0.094444 0.037500 0.066667
177 0.558333 0.094444 0.037500 0.066667
163 0.595833 0.094444 0.037500 0.066667
48 0.633333 0.094444 0.037500 0.066667
163 0.670833 0.094444 0.037500 0.066667
204 0.334375 0.027778 0.033333 0.059259
181 0.363542 0.027778 0.033333 0.059259
13 0.392708 0.027778 0.033333 0.059259
13 0.421875 0.027778 0.033333 0.059259
13 0.451042 0.027778 0.033333 0.059259
14 0.247917 0.565741 0.114583 0.268519
15 0.247917 0.716667 0.120312 0.023333
86 0.195833 0.744444 0.025000 0.044444
280 0.725000 0.752778 0.025000 0.044444
51 0.750000 0.752778 0.025000 0.044444
110 0.775000 0.752778 0.025000 0.044444
347 0.844792 0.509259 0.250000 0.398148
23 0.844792 0.725000 0.262500 0.023333
169 0.844792 0.280556 0.038333 0.068148
