197 0.193750 1.000000 0.149621 0.310807
612 0.259375 0.982716 0.140084 0.302077
27 0.332656 0.955556 0.129526 0.291092
625 0.412500 0.930247 0.117934 0.277839
246 0.500000 0.925926 0.105469 0.262500
499 0.587500 0.930247 0.117877 0.277768
340 0.667344 0.955556 0.129470 0.291021
528 0.740625 0.982716 0.140029 0.302007
563 0.806250 1.000000 0.149567 0.310740
36 0.033333 0.094444 0.037500 0.066667
38 0.070833 0.094444 0.037500 0.066667
109 0.108333 0.094444 0.037500 0.066667
163 0.145833 0.094444 0.037500 0.066667
199 0.183333 0.094444 0.037500 0.066667
5 0.220833 0.094444 0.037500 0.066667
108 0.258333 0.094444 0.037500 0.066667
4 0.295833 0.094444 0.037500 0.066667
129 0.333333 0.094444 0.037500 0.066667
199 0.370833 0.094444 0.037500 0.066667
110 0.408333 0.094444 0.037500 0.066667
29 0.445833 0.094444 0.037500 0.066667
91 0.483333 0.094444 0.037500 0.066667
31 0.520833 0.094444 0.037500 0.066667
254 0.334375 0.027778 0.033333 0.059259
238 0.363542 0.027778 0.033333 0.059259
336 0.392708 0.027778 0.033333 0.059259
13 0.421875 0.027778 0.033333 0.059259
13 0.451042 0.027778 0.033333 0.059259
14 0.247917 0.565741 0.114583 0.268519
15 0.247917 0.716667 0.120312 0.023333
55 0.195833 0.744444 0.025000 0.044444
273 0.220833 0.744444 0.025000 0.044444
256 0.808333 0.711111 0.025000 0.044444
168 0.833333 0.711111 0.025000 0.044444
273 0.858333 0.711111 0.025000 0.044444
164 0.883333 0.711111 0.025000 0.044444
206 0.850000 0.523148 0.093750 0.287037
20 0.850000 0.683333 0.098437 0.023333
82 0.850000 0.350000 0.038333 0.068148
