483 0.237500 1.000000 0.155649 0.335641
400 0.314063 0.968783 0.143917 0.323435
320 0.401563 0.945767 0.131037 0.308710
7 0.500000 0.931481 0.117188 0.291667
527 0.598437 0.945767 0.130975 0.308631
73 0.685938 0.968783 0.143855 0.323357
519 0.762500 1.000000 0.155588 0.335564
76 0.033333 0.094444 0.037500 0.066667
136 0.070833 0.094444 0.037500 0.066667
137 0.108333 0.094444 0.037500 0.066667
77 0.145833 0.094444 0.037500 0.066667
44 0.183333 0.094444 0.037500 0.066667
10 0.220833 0.094444 0.037500 0.066667
40 0.258333 0.094444 0.037500 0.066667
47 0.295833 0.094444 0.037500 0.066667
10 0.333333 0.094444 0.037500 0.066667
140 0.370833 0.094444 0.037500 0.066667
9 0.408333 0.094444 0.037500 0.066667
261 0.445833 0.094444 0.037500 0.066667
135 0.483333 0.094444 0.037500 0.066667
180 0.334375 0.027778 0.033333 0.059259
234 0.363542 0.027778 0.033333 0.059259
13 0.392708 0.027778 0.033333 0.059259
13 0.421875 0.027778 0.033333 0.059259
13 0.451042 0.027778 0.033333 0.059259
14 0.247917 0.565741 0.114583 0.268519
15 0.247917 0.716667 0.120312 0.023333
235 0.195833 0.744444 0.025000 0.044444
55 0.808333 0.725000 0.025000 0.044444
184 0.850000 0.615741 0.093750 0.129630
23 0.850000 0.697222 0.098437 0.023333
61 0.850000 0.521296 0.038333 0.068148
144 0.556250 0.734259 0.025000 0.044444
54 0.581250 0.734259 0.025000 0.044444
539 0.650000 0.555556 0.197917 0.268519
23 0.650000 0.706481 0.207812 0.023333
146 0.650000 0.391667 0.038333 0.068148
