591 0.314063 0.986111 0.143917 0.323435
409 0.401563 0.953704 0.131037 0.308710
461 0.500000 0.935185 0.117188 0.291667
461 0.598437 0.953704 0.130975 0.308631
610 0.685938 0.986111 0.143855 0.323357
4 0.033333 0.094444 0.037500 0.066667
184 0.070833 0.094444 0.037500 0.066667
131 0.108333 0.094444 0.037500 0.066667
12 0.334375 0.027778 0.033333 0.059259
13 0.363542 0.027778 0.033333 0.059259
13 0.392708 0.027778 0.033333 0.059259
13 0.421875 0.027778 0.033333 0.059259
13 0.451042 0.027778 0.033333 0.059259
14 0.247917 0.565741 0.114583 0.268519
15 0.247917 0.716667 0.120312 0.023333
314 0.195833 0.744444 0.025000 0.044444
189 0.220833 0.744444 0.025000 0.044444
256 0.245833 0.744444 0.025000 0.044444
274 0.270833 0.744444 0.025000 0.044444
104 0.756250 0.734259 0.025000 0.044444
139 0.781250 0.734259 0.025000 0.044444
401 0.806250 0.734259 0.025000 0.044444
295 0.831250 0.734259 0.025000 0.044444
190 0.850000 0.555556 0.197917 0.268519
20 0.850000 0.706481 0.207812 0.023333
170 0.850000 0.391667 0.038333 0.068148
