244 0.182812 1.000000 0.145411 0.296825
245 0.237500 0.976852 0.136936 0.289694
246 0.303125 0.951852 0.127414 0.280350
247 0.379687 0.928704 0.116968 0.268919
248 0.456250 0.921296 0.105583 0.255387
249 0.543750 0.921296 0.105530 0.255319
250 0.620313 0.928704 0.116914 0.268851
251 0.696875 0.951852 0.127362 0.280284
252 0.762500 0.976852 0.136885 0.289630
253 0.817187 1.000000 0.145376 0.296799
64 0.033333 0.094444 0.037500 0.066667
37 0.070833 0.094444 0.037500 0.066667
132 0.108333 0.094444 0.037500 0.066667
131 0.145833 0.094444 0.037500 0.066667
108 0.183333 0.094444 0.037500 0.066667
93 0.220833 0.094444 0.037500 0.066667
65 0.258333 0.094444 0.037500 0.066667
112 0.334375 0.027778 0.033333 0.059259
254 0.363542 0.027778 0.033333 0.059259
255 0.392708 0.027778 0.033333 0.059259
13 0.421875 0.027778 0.033333 0.059259
13 0.451042 0.027778 0.033333 0.059259
14 0.247917 0.565741 0.114583 0.268519
15 0.247917 0.716667 0.120312 0.023333
227 0.195833 0.744444 0.025000 0.044444
168 0.419271 0.750926 0.025000 0.044444
256 0.444271 0.750926 0.025000 0.044444
78 0.469271 0.750926 0.025000 0.044444
134 0.494271 0.750926 0.025000 0.044444
257 0.447917 0.616667 0.067708 0.179630
20 0.447917 0.723148 0.071094 0.023333
48 0.447917 0.497222 0.038333 0.068148
258 0.821354 0.724074 0.025000 0.044444
138 0.846354 0.724074 0.025000 0.044444
124 0.871354 0.724074 0.025000 0.044444
259 0.896354 0.724074 0.025000 0.044444
260 0.850000 0.633333 0.067708 0.092593
20 0.850000 0.696296 0.071094 0.023333
48 0.850000 0.557407 0.038333 0.068148
42 0.548437 0.738889 0.025000 0.044444
259 0.573438 0.738889 0.025000 0.044444
169 0.613542 0.518519 0.140625 0.351852
20 0.613542 0.711111 0.147656 0.023333
48 0.597917 0.312963 0.038333 0.068148
