595 0.237500 1.000000 0.155649 0.335641
245 0.314063 0.968783 0.143917 0.323435
341 0.401563 0.945767 0.131037 0.308710
26 0.500000 0.931481 0.117188 0.291667
563 0.598437 0.945767 0.130975 0.308631
513 0.685938 0.968783 0.143855 0.323357
25 0.762500 1.000000 0.155588 0.335564
38 0.033333 0.094444 0.037500 0.066667
107 0.070833 0.094444 0.037500 0.066667
31 0.108333 0.094444 0.037500 0.066667
131 0.145833 0.094444 0.037500 0.066667
94 0.183333 0.094444 0.037500 0.066667
93 0.220833 0.094444 0.037500 0.066667
163 0.258333 0.094444 0.037500 0.066667
184 0.295833 0.094444 0.037500 0.066667
144 0.334375 0.027778 0.033333 0.059259
12 0.363542 0.027778 0.033333 0.059259
68 0.392708 0.027778 0.033333 0.059259
174 0.421875 0.027778 0.033333 0.059259
13 0.451042 0.027778 0.033333 0.059259
14 0.247917 0.565741 0.114583 0.268519
15 0.247917 0.716667 0.120312 0.023333
366 0.195833 0.744444 0.025000 0.044444
114 0.220833 0.744444 0.025000 0.044444
356 0.245833 0.744444 0.025000 0.044444
155 0.270833 0.744444 0.025000 0.044444
74 0.348437 0.729630 0.025000 0.044444
406 0.373437 0.729630 0.025000 0.044444
124 0.398438 0.729630 0.025000 0.044444
155 0.423438 0.729630 0.025000 0.044444
278 0.460417 0.476852 0.234375 0.416667
20 0.460417 0.701852 0.246094 0.023333
170 0.460417 0.238889 0.038333 0.068148
136 0.571875 0.734259 0.025000 0.044444
76 0.650000 0.495370 0.166667 0.388889
20 0.650000 0.706481 0.175000 0.023333
48 0.650000 0.271296 0.038333 0.068148
327 0.803125 0.743519 0.025000 0.044444
368 0.850000 0.555556 0.104167 0.287037
20 0.850000 0.715741 0.109375 0.023333
48 0.850000 0.382407 0.038333 0.068148
