210 0.237500 1.000000 0.155649 0.335641
559 0.314063 0.968783 0.143917 0.323435
403 0.401563 0.945767 0.131037 0.308710
631 0.500000 0.931481 0.117188 0.291667
566 0.598437 0.945767 0.130975 0.308631
613 0.685938 0.968783 0.143855 0.323357
463 0.762500 1.000000 0.155588 0.335564
93 0.033333 0.094444 0.037500 0.066667
93 0.070833 0.094444 0.037500 0.066667
163 0.108333 0.094444 0.037500 0.066667
34 0.145833 0.094444 0.037500 0.066667
110 0.183333 0.094444 0.037500 0.066667
109 0.220833 0.094444 0.037500 0.066667
144 0.334375 0.027778 0.033333 0.059259
186 0.363542 0.027778 0.033333 0.059259
112 0.392708 0.027778 0.033333 0.059259
13 0.421875 0.027778 0.033333 0.059259
13 0.451042 0.027778 0.033333 0.059259
14 0.247917 0.565741 0.114583 0.268519
15 0.247917 0.716667 0.120312 0.023333
124 0.195833 0.744444 0.025000 0.044444
135 0.220833 0.744444 0.025000 0.044444
201 0.626562 0.740741 0.025000 0.044444
367 0.651563 0.740741 0.025000 0.044444
267 0.650000 0.594444 0.057292 0.203704
20 0.650000 0.712963 0.060156 0.023333
170 0.650000 0.462963 0.038333 0.068148
469 0.758854 0.748148 0.025000 0.044444
79 0.783854 0.748148 0.025000 0.044444
97 0.808854 0.748148 0.025000 0.044444
414 0.833854 0.748148 0.025000 0.044444
470 0.834375 0.562500 0.161458 0.282407
20 0.834375 0.720370 0.169531 0.023333
170 0.834375 0.391667 0.038333 0.068148
