25 0.448594 0.925926 0.124215 0.300456
504 0.557969 0.925926 0.124152 0.300376
184 0.033333 0.094444 0.037500 0.066667
38 0.070833 0.094444 0.037500 0.066667
31 0.108333 0.094444 0.037500 0.066667
163 0.145833 0.094444 0.037500 0.066667
109 0.183333 0.094444 0.037500 0.066667
184 0.220833 0.094444 0.037500 0.066667
93 0.258333 0.094444 0.037500 0.066667
272 0.334375 0.027778 0.033333 0.059259
40 0.363542 0.027778 0.033333 0.059259
13 0.392708 0.027778 0.033333 0.059259
13 0.421875 0.027778 0.033333 0.059259
13 0.451042 0.027778 0.033333 0.059259
14 0.247917 0.565741 0.114583 0.268519
15 0.247917 0.716667 0.120312 0.023333
138 0.195833 0.744444 0.025000 0.044444
390 0.220833 0.744444 0.025000 0.044444
258 0.245833 0.744444 0.025000 0.044444
168 0.270833 0.744444 0.025000 0.044444
100 0.810938 0.729630 0.025000 0.044444
152 0.835938 0.729630 0.025000 0.044444
425 0.860937 0.729630 0.025000 0.044444
516 0.850000 0.578704 0.088542 0.212963
20 0.850000 0.701852 0.092969 0.023333
170 0.850000 0.442593 0.038333 0.068148
435 0.610937 0.698223 0.025000 0.044444
116 0.635938 0.698223 0.025000 0.044444
448 0.650000 0.593594 0.088542 0.120370
20 0.650000 0.670445 0.092969 0.023333
170 0.650000 0.503779 0.038333 0.068148
