539 0.226563 1.000000 0.153046 0.323776
542 0.300938 0.968750 0.142404 0.313332
604 0.379687 0.943287 0.130728 0.300556
514 0.458438 0.925926 0.118005 0.285433
494 0.541562 0.925926 0.117945 0.285357
335 0.620313 0.943287 0.130669 0.300481
533 0.693594 0.968750 0.142346 0.313258
505 0.773438 1.000000 0.152989 0.323704
32 0.033333 0.094444 0.037500 0.066667
37 0.070833 0.094444 0.037500 0.066667
28 0.108333 0.094444 0.037500 0.066667
93 0.145833 0.094444 0.037500 0.066667
29 0.183333 0.094444 0.037500 0.066667
31 0.220833 0.094444 0.037500 0.066667
29 0.258333 0.094444 0.037500 0.066667
255 0.334375 0.027778 0.033333 0.059259
13 0.363542 0.027778 0.033333 0.059259
13 0.392708 0.027778 0.033333 0.059259
13 0.421875 0.027778 0.033333 0.059259
13 0.451042 0.027778 0.033333 0.059259
14 0.247917 0.565741 0.114583 0.268519
15 0.247917 0.716667 0.120312 0.023333
52 0.195833 0.744444 0.025000 0.044444
371 0.220833 0.744444 0.025000 0.044444
220 0.245833 0.744444 0.025000 0.044444
156 0.387500 0.720370 0.025000 0.044444
123 0.412500 0.720370 0.025000 0.044444
425 0.437500 0.720370 0.025000 0.044444
100 0.462500 0.720370 0.025000 0.044444
330 0.450000 0.583333 0.135417 0.185185
20 0.450000 0.692593 0.142188 0.023333
48 0.450000 0.461111 0.038333 0.068148
134 0.611979 0.724074 0.025000 0.044444
315 0.645833 0.610185 0.078125 0.138889
20 0.645833 0.696296 0.082031 0.023333
48 0.645833 0.511111 0.038333 0.068148
337 0.725000 0.752778 0.025000 0.044444
416 0.750000 0.752778 0.025000 0.044444
397 0.844792 0.509259 0.250000 0.398148
20 0.844792 0.725000 0.262500 0.023333
21 0.844792 0.280556 0.038333 0.068148
