631 0.226563 1.000000 0.153046 0.323776
460 0.300938 0.968750 0.142404 0.313332
576 0.379687 0.943287 0.130728 0.300556
261 0.458438 0.925926 0.118005 0.285433
502 0.541562 0.925926 0.117945 0.285357
342 0.620313 0.943287 0.130669 0.300481
427 0.693594 0.968750 0.142346 0.313258
515 0.773438 1.000000 0.152989 0.323704
132 0.033333 0.094444 0.037500 0.066667
65 0.070833 0.094444 0.037500 0.066667
8 0.108333 0.094444 0.037500 0.066667
65 0.145833 0.094444 0.037500 0.066667
109 0.183333 0.094444 0.037500 0.066667
109 0.220833 0.094444 0.037500 0.066667
31 0.258333 0.094444 0.037500 0.066667
4 0.295833 0.094444 0.037500 0.066667
129 0.333333 0.094444 0.037500 0.066667
324 0.334375 0.027778 0.033333 0.059259
9 0.363542 0.027778 0.033333 0.059259
13 0.392708 0.027778 0.033333 0.059259
13 0.421875 0.027778 0.033333 0.059259
13 0.451042 0.027778 0.033333 0.059259
14 0.247917 0.565741 0.114583 0.268519
15 0.247917 0.716667 0.120312 0.023333
137 0.195833 0.744444 0.025000 0.044444
45 0.220833 0.744444 0.025000 0.044444
49 0.787500 0.720370 0.025000 0.044444
259 0.812500 0.720370 0.025000 0.044444
416 0.837500 0.720370 0.025000 0.044444
330 0.850000 0.583333 0.135417 0.185185
20 0.850000 0.692593 0.142188 0.023333
331 0.850000 0.461111 0.038333 0.068148
