246 0.237500 1.000000 0.155649 0.335641
614 0.314063 0.968783 0.143917 0.323435
234 0.401563 0.945767 0.131037 0.308710
341 0.500000 0.931481 0.117188 0.291667
352 0.598437 0.945767 0.130975 0.308631
316 0.685938 0.968783 0.143855 0.323357
171 0.762500 1.000000 0.155588 0.335564
173 0.033333 0.094444 0.037500 0.066667
200 0.334375 0.027778 0.033333 0.059259
145 0.363542 0.027778 0.033333 0.059259
304 0.392708 0.027778 0.033333 0.059259
143 0.421875 0.027778 0.033333 0.059259
13 0.451042 0.027778 0.033333 0.059259
14 0.247917 0.565741 0.114583 0.268519
15 0.247917 0.716667 0.120312 0.023333
123 0.195833 0.744444 0.025000 0.044444
124 0.220833 0.744444 0.025000 0.044444
17 0.245833 0.744444 0.025000 0.044444
51 0.823958 0.706481 0.025000 0.044444
175 0.848958 0.706481 0.025000 0.044444
227 0.873958 0.706481 0.025000 0.044444
71 0.850000 0.569444 0.062500 0.185185
20 0.850000 0.678704 0.065625 0.023333
72 0.850000 0.447222 0.038333 0.068148
378 0.603125 0.741667 0.025000 0.044444
469 0.628125 0.741667 0.025000 0.044444
164 0.653125 0.741667 0.025000 0.044444
217 0.644792 0.565278 0.093750 0.263889
20 0.644792 0.713889 0.098437 0.023333
158 0.644792 0.403704 0.038333 0.068148
189 0.411979 0.735185 0.025000 0.044444
52 0.436979 0.735185 0.025000 0.044444
424 0.461979 0.735185 0.025000 0.044444
226 0.486979 0.735185 0.025000 0.044444
549 0.445833 0.621296 0.078125 0.138889
20 0.445833 0.707407 0.082031 0.023333
216 0.445833 0.522222 0.038333 0.068148
