334 0.237500 1.000000 0.155649 0.335641
302 0.314063 0.968783 0.143917 0.323435
553 0.401563 0.945767 0.131037 0.308710
413 0.500000 0.931481 0.117188 0.291667
598 0.598437 0.945767 0.130975 0.308631
343 0.685938 0.968783 0.143855 0.323357
519 0.762500 1.000000 0.155588 0.335564
130 0.033333 0.094444 0.037500 0.066667
29 0.070833 0.094444 0.037500 0.066667
109 0.108333 0.094444 0.037500 0.066667
8 0.145833 0.094444 0.037500 0.066667
132 0.183333 0.094444 0.037500 0.066667
110 0.220833 0.094444 0.037500 0.066667
8 0.258333 0.094444 0.037500 0.066667
32 0.295833 0.094444 0.037500 0.066667
29 0.333333 0.094444 0.037500 0.066667
66 0.370833 0.094444 0.037500 0.066667
109 0.408333 0.094444 0.037500 0.066667
29 0.445833 0.094444 0.037500 0.066667
38 0.483333 0.094444 0.037500 0.066667
29 0.520833 0.094444 0.037500 0.066667
37 0.558333 0.094444 0.037500 0.066667
38 0.595833 0.094444 0.037500 0.066667
91 0.633333 0.094444 0.037500 0.066667
184 0.670833 0.094444 0.037500 0.066667
96 0.334375 0.027778 0.033333 0.059259
11 0.363542 0.027778 0.033333 0.059259
145 0.392708 0.027778 0.033333 0.059259
13 0.421875 0.027778 0.033333 0.059259
13 0.451042 0.027778 0.033333 0.059259
14 0.247917 0.565741 0.114583 0.268519
15 0.247917 0.716667 0.120312 0.023333
295 0.195833 0.744444 0.025000 0.044444
367 0.808333 0.711111 0.025000 0.044444
55 0.833333 0.711111 0.025000 0.044444
18 0.858333 0.711111 0.025000 0.044444
178 0.883333 0.711111 0.025000 0.044444
206 0.850000 0.523148 0.093750 0.287037
20 0.850000 0.683333 0.098437 0.023333
82 0.850000 0.350000 0.038333 0.068148
