419 0.226563 1.000000 0.153046 0.323776
579 0.300938 0.968750 0.142404 0.313332
525 0.379687 0.943287 0.130728 0.300556
160 0.458438 0.925926 0.118005 0.285433
555 0.541562 0.925926 0.117945 0.285357
523 0.620313 0.943287 0.130669 0.300481
526 0.693594 0.968750 0.142346 0.313258
635 0.773438 1.000000 0.152989 0.323704
184 0.033333 0.094444 0.037500 0.066667
32 0.070833 0.094444 0.037500 0.066667
32 0.108333 0.094444 0.037500 0.066667
37 0.145833 0.094444 0.037500 0.066667
7 0.183333 0.094444 0.037500 0.066667
132 0.220833 0.094444 0.037500 0.066667
32 0.258333 0.094444 0.037500 0.066667
37 0.295833 0.094444 0.037500 0.066667
36 0.333333 0.094444 0.037500 0.066667
64 0.370833 0.094444 0.037500 0.066667
129 0.408333 0.094444 0.037500 0.066667
130 0.445833 0.094444 0.037500 0.066667
163 0.483333 0.094444 0.037500 0.066667
6 0.520833 0.094444 0.037500 0.066667
94 0.558333 0.094444 0.037500 0.066667
33 0.595833 0.094444 0.037500 0.066667
163 0.633333 0.094444 0.037500 0.066667
163 0.670833 0.094444 0.037500 0.066667
355 0.334375 0.027778 0.033333 0.059259
13 0.363542 0.027778 0.033333 0.059259
13 0.392708 0.027778 0.033333 0.059259
13 0.421875 0.027778 0.033333 0.059259
13 0.451042 0.027778 0.033333 0.059259
14 0.247917 0.565741 0.114583 0.268519
15 0.247917 0.716667 0.120312 0.023333
153 0.195833 0.744444 0.025000 0.044444
136 0.220833 0.744444 0.025000 0.044444
114 0.245833 0.744444 0.025000 0.044444
69 0.543229 0.748148 0.025000 0.044444
99 0.568229 0.748148 0.025000 0.044444
55 0.593229 0.748148 0.025000 0.044444
358 0.650000 0.537037 0.223958 0.333333
20 0.650000 0.720370 0.235156 0.023333
21 0.650000 0.340741 0.038333 0.068148
347 0.746875 0.729630 0.025000 0.044444
42 0.771875 0.729630 0.025000 0.044444
256 0.796875 0.729630 0.025000 0.044444
307 0.821875 0.729630 0.025000 0.044444
121 0.865625 0.495370 0.247917 0.379630
20 0.865625 0.701852 0.260312 0.023333
48 0.865625 0.275926 0.038333 0.068148
