349 0.314063 0.986111 0.143917 0.323435
633 0.401563 0.953704 0.131037 0.308710
561 0.500000 0.935185 0.117188 0.291667
427 0.598437 0.953704 0.130975 0.308631
602 0.685938 0.986111 0.143855 0.323357
91 0.033333 0.094444 0.037500 0.066667
32 0.070833 0.094444 0.037500 0.066667
94 0.108333 0.094444 0.037500 0.066667
109 0.145833 0.094444 0.037500 0.066667
38 0.183333 0.094444 0.037500 0.066667
33 0.220833 0.094444 0.037500 0.066667
129 0.258333 0.094444 0.037500 0.066667
132 0.295833 0.094444 0.037500 0.066667
64 0.333333 0.094444 0.037500 0.066667
109 0.370833 0.094444 0.037500 0.066667
108 0.408333 0.094444 0.037500 0.066667
132 0.445833 0.094444 0.037500 0.066667
129 0.483333 0.094444 0.037500 0.066667
92 0.520833 0.094444 0.037500 0.066667
28 0.558333 0.094444 0.037500 0.066667
66 0.595833 0.094444 0.037500 0.066667
132 0.633333 0.094444 0.037500 0.066667
94 0.670833 0.094444 0.037500 0.066667
6 0.708333 0.094444 0.037500 0.066667
64 0.745833 0.094444 0.037500 0.066667
39 0.334375 0.027778 0.033333 0.059259
40 0.363542 0.027778 0.033333 0.059259
13 0.392708 0.027778 0.033333 0.059259
13 0.421875 0.027778 0.033333 0.059259
13 0.451042 0.027778 0.033333 0.059259
14 0.247917 0.565741 0.114583 0.268519
15 0.247917 0.716667 0.120312 0.023333
50 0.195833 0.744444 0.025000 0.044444
357 0.220833 0.744444 0.025000 0.044444
481 0.245833 0.744444 0.025000 0.044444
313 0.270833 0.744444 0.025000 0.044444
483 0.587500 0.729630 0.025000 0.044444
120 0.612500 0.729630 0.025000 0.044444
294 0.637500 0.729630 0.025000 0.044444
187 0.662500 0.729630 0.025000 0.044444
166 0.650000 0.606481 0.135417 0.157407
20 0.650000 0.701852 0.142188 0.023333
331 0.650000 0.498148 0.038333 0.068148
241 0.753646 0.725926 0.025000 0.044444
177 0.778646 0.725926 0.025000 0.044444
55 0.803646 0.725926 0.025000 0.044444
243 0.850000 0.500926 0.203125 0.361111
20 0.850000 0.698148 0.213281 0.023333
170 0.850000 0.290741 0.038333 0.068148
