453 0.182812 1.000000 0.145411 0.296825
58 0.237500 0.976852 0.136936 0.289694
363 0.303125 0.951852 0.127414 0.280350
501 0.379687 0.928704 0.116968 0.268919
224 0.456250 0.921296 0.105583 0.255387
373 0.543750 0.921296 0.105530 0.255319
393 0.620313 0.928704 0.116914 0.268851
587 0.696875 0.951852 0.127362 0.280284
578 0.762500 0.976852 0.136885 0.289630
26 0.817187 1.000000 0.145376 0.296799
129 0.033333 0.094444 0.037500 0.066667
65 0.070833 0.094444 0.037500 0.066667
163 0.108333 0.094444 0.037500 0.066667
36 0.145833 0.094444 0.037500 0.066667
91 0.183333 0.094444 0.037500 0.066667
65 0.220833 0.094444 0.037500 0.066667
185 0.334375 0.027778 0.033333 0.059259
68 0.363542 0.027778 0.033333 0.059259
13 0.392708 0.027778 0.033333 0.059259
13 0.421875 0.027778 0.033333 0.059259
13 0.451042 0.027778 0.033333 0.059259
14 0.247917 0.565741 0.114583 0.268519
15 0.247917 0.716667 0.120312 0.023333
69 0.195833 0.744444 0.025000 0.044444
327 0.808333 0.711111 0.025000 0.044444
151 0.833333 0.711111 0.025000 0.044444
291 0.858333 0.711111 0.025000 0.044444
206 0.850000 0.523148 0.093750 0.287037
20 0.850000 0.683333 0.098437 0.023333
82 0.850000 0.350000 0.038333 0.068148
114 0.540625 0.739815 0.025000 0.044444
70 0.565625 0.739815 0.025000 0.044444
446 0.652604 0.551852 0.234375 0.287037
20 0.652604 0.712037 0.246094 0.023333
167 0.652604 0.378704 0.038333 0.068148
