543 0.351250 0.960648 0.137609 0.316375
515 0.449688 0.935185 0.124215 0.300456
578 0.550312 0.935185 0.124152 0.300376
565 0.648750 0.960648 0.137546 0.316296
129 0.033333 0.094444 0.037500 0.066667
199 0.070833 0.094444 0.037500 0.066667
107 0.108333 0.094444 0.037500 0.066667
5 0.145833 0.094444 0.037500 0.066667
110 0.183333 0.094444 0.037500 0.066667
31 0.220833 0.094444 0.037500 0.066667
28 0.258333 0.094444 0.037500 0.066667
7 0.295833 0.094444 0.037500 0.066667
132 0.333333 0.094444 0.037500 0.066667
109 0.370833 0.094444 0.037500 0.066667
93 0.408333 0.094444 0.037500 0.066667
28 0.445833 0.094444 0.037500 0.066667
199 0.483333 0.094444 0.037500 0.066667
129 0.520833 0.094444 0.037500 0.066667
110 0.558333 0.094444 0.037500 0.066667
110 0.595833 0.094444 0.037500 0.066667
145 0.334375 0.027778 0.033333 0.059259
133 0.363542 0.027778 0.033333 0.059259
112 0.392708 0.027778 0.033333 0.059259
13 0.421875 0.027778 0.033333 0.059259
13 0.451042 0.027778 0.033333 0.059259
14 0.247917 0.565741 0.114583 0.268519
15 0.247917 0.716667 0.120312 0.023333
390 0.195833 0.744444 0.025000 0.044444
435 0.220833 0.744444 0.025000 0.044444
264 0.245833 0.744444 0.025000 0.044444
207 0.810938 0.698223 0.025000 0.044444
327 0.835938 0.698223 0.025000 0.044444
448 0.850000 0.593594 0.088542 0.120370
20 0.850000 0.670445 0.092969 0.023333
82 0.850000 0.503779 0.038333 0.068148
