581 0.182812 1.000000 0.145411 0.296825
413 0.237500 0.976852 0.136936 0.289694
385 0.303125 0.951852 0.127414 0.280350
323 0.379687 0.928704 0.116968 0.268919
501 0.456250 0.921296 0.105583 0.255387
90 0.543750 0.921296 0.105530 0.255319
642 0.620313 0.928704 0.116914 0.268851
83 0.696875 0.951852 0.127362 0.280284
392 0.762500 0.976852 0.136885 0.289630
610 0.817187 1.000000 0.145376 0.296799
65 0.033333 0.094444 0.037500 0.066667
143 0.334375 0.027778 0.033333 0.059259
13 0.363542 0.027778 0.033333 0.059259
13 0.392708 0.027778 0.033333 0.059259
13 0.421875 0.027778 0.033333 0.059259
13 0.451042 0.027778 0.033333 0.059259
14 0.247917 0.565741 0.114583 0.268519
15 0.247917 0.716667 0.120312 0.023333
119 0.195833 0.744444 0.025000 0.044444
268 0.810938 0.698223 0.025000 0.044444
448 0.850000 0.593594 0.088542 0.120370
20 0.850000 0.670445 0.092969 0.023333
170 0.850000 0.503779 0.038333 0.068148
104 0.421354 0.724074 0.025000 0.044444
369 0.446354 0.724074 0.025000 0.044444
260 0.450000 0.633333 0.067708 0.092593
20 0.450000 0.696296 0.071094 0.023333
48 0.450000 0.557407 0.038333 0.068148
97 0.546875 0.729630 0.025000 0.044444
121 0.665625 0.495370 0.247917 0.379630
20 0.665625 0.701852 0.260312 0.023333
48 0.665625 0.275926 0.038333 0.068148
