486 0.351250 0.960648 0.137609 0.316375
555 0.449688 0.935185 0.124215 0.300456
335 0.550312 0.935185 0.124152 0.300376
452 0.648750 0.960648 0.137546 0.316296
130 0.033333 0.094444 0.037500 0.066667
7 0.070833 0.094444 0.037500 0.066667
29 0.108333 0.094444 0.037500 0.066667
174 0.334375 0.027778 0.033333 0.059259
13 0.363542 0.027778 0.033333 0.059259
13 0.392708 0.027778 0.033333 0.059259
13 0.421875 0.027778 0.033333 0.059259
13 0.451042 0.027778 0.033333 0.059259
14 0.247917 0.565741 0.114583 0.268519
15 0.247917 0.716667 0.120312 0.023333
189 0.195833 0.744444 0.025000 0.044444
265 0.220833 0.744444 0.025000 0.044444
74 0.245833 0.744444 0.025000 0.044444
293 0.808333 0.711111 0.025000 0.044444
207 0.833333 0.711111 0.025000 0.044444
206 0.850000 0.523148 0.093750 0.287037
20 0.850000 0.683333 0.098437 0.023333
48 0.850000 0.350000 0.038333 0.068148
