442 0.500000 0.925926 0.117188 0.291667
33 0.033333 0.094444 0.037500 0.066667
129 0.070833 0.094444 0.037500 0.066667
32 0.108333 0.094444 0.037500 0.066667
96 0.334375 0.027778 0.033333 0.059259
272 0.363542 0.027778 0.033333 0.059259
324 0.392708 0.027778 0.033333 0.059259
68 0.421875 0.027778 0.033333 0.059259
39 0.451042 0.027778 0.033333 0.059259
14 0.247917 0.565741 0.114583 0.268519
15 0.247917 0.716667 0.120312 0.023333
402 0.195833 0.744444 0.025000 0.044444
177 0.608333 0.706481 0.025000 0.044444
116 0.633333 0.706481 0.025000 0.044444
47 0.650000 0.597222 0.093750 0.129630
20 0.650000 0.678704 0.098437 0.023333
48 0.650000 0.502778 0.038333 0.068148
483 0.808333 0.711111 0.025000 0.044444
203 0.833333 0.711111 0.025000 0.044444
78 0.858333 0.711111 0.025000 0.044444
265 0.883333 0.711111 0.025000 0.044444
206 0.850000 0.523148 0.093750 0.287037
20 0.850000 0.683333 0.098437 0.023333
48 0.850000 0.350000 0.038333 0.068148
