489 0.500000 0.925926 0.117188 0.291667
173 0.033333 0.094444 0.037500 0.066667
35 0.070833 0.094444 0.037500 0.066667
130 0.108333 0.094444 0.037500 0.066667
66 0.145833 0.094444 0.037500 0.066667
30 0.183333 0.094444 0.037500 0.066667
65 0.220833 0.094444 0.037500 0.066667
6 0.258333 0.094444 0.037500 0.066667
32 0.295833 0.094444 0.037500 0.066667
129 0.333333 0.094444 0.037500 0.066667
37 0.370833 0.094444 0.037500 0.066667
130 0.408333 0.094444 0.037500 0.066667
110 0.445833 0.094444 0.037500 0.066667
130 0.483333 0.094444 0.037500 0.066667
65 0.520833 0.094444 0.037500 0.066667
29 0.558333 0.094444 0.037500 0.066667
34 0.595833 0.094444 0.037500 0.066667
96 0.334375 0.027778 0.033333 0.059259
145 0.363542 0.027778 0.033333 0.059259
11 0.392708 0.027778 0.033333 0.059259
13 0.421875 0.027778 0.033333 0.059259
13 0.451042 0.027778 0.033333 0.059259
14 0.247917 0.565741 0.114583 0.268519
15 0.247917 0.716667 0.120312 0.023333
296 0.195833 0.744444 0.025000 0.044444
203 0.220833 0.744444 0.025000 0.044444
78 0.245833 0.744444 0.025000 0.044444
314 0.270833 0.744444 0.025000 0.044444
269 0.808333 0.711111 0.025000 0.044444
155 0.833333 0.711111 0.025000 0.044444
73 0.858333 0.711111 0.025000 0.044444
206 0.850000 0.523148 0.093750 0.287037
20 0.850000 0.683333 0.098437 0.023333
82 0.850000 0.350000 0.038333 0.068148
