348 0.182812 1.000000 0.145411 0.296825
600 0.237500 0.976852 0.136936 0.289694
512 0.303125 0.951852 0.127414 0.280350
585 0.379687 0.928704 0.116968 0.268919
353 0.456250 0.921296 0.105583 0.255387
267 0.543750 0.921296 0.105530 0.255319
356 0.620313 0.928704 0.116914 0.268851
601 0.696875 0.951852 0.127362 0.280284
130 0.762500 0.976852 0.136885 0.289630
597 0.817187 1.000000 0.145376 0.296799
177 0.033333 0.094444 0.037500 0.066667
117 0.070833 0.094444 0.037500 0.066667
261 0.108333 0.094444 0.037500 0.066667
41 0.145833 0.094444 0.037500 0.066667
116 0.183333 0.094444 0.037500 0.066667
162 0.220833 0.094444 0.037500 0.066667
140 0.258333 0.094444 0.037500 0.066667
42 0.295833 0.094444 0.037500 0.066667
164 0.333333 0.094444 0.037500 0.066667
9 0.370833 0.094444 0.037500 0.066667
99 0.408333 0.094444 0.037500 0.066667
421 0.334375 0.027778 0.033333 0.059259
189 0.363542 0.027778 0.033333 0.059259
142 0.392708 0.027778 0.033333 0.059259
13 0.421875 0.027778 0.033333 0.059259
13 0.451042 0.027778 0.033333 0.059259
14 0.247917 0.565741 0.114583 0.268519
15 0.247917 0.716667 0.120312 0.023333
362 0.195833 0.744444 0.025000 0.044444
64 0.220833 0.744444 0.025000 0.044444
21 0.245833 0.744444 0.025000 0.044444
269 0.810938 0.729630 0.025000 0.044444
263 0.835938 0.729630 0.025000 0.044444
168 0.850000 0.578704 0.088542 0.212963
23 0.850000 0.701852 0.092969 0.023333
57 0.850000 0.442593 0.038333 0.068148
228 0.574479 0.725926 0.025000 0.044444
149 0.599479 0.725926 0.025000 0.044444
328 0.660417 0.561111 0.182292 0.240741
23 0.660417 0.698148 0.191406 0.023333
61 0.660417 0.411111 0.038333 0.068148
343 0.325000 0.752778 0.025000 0.044444
347 0.444792 0.509259 0.250000 0.398148
23 0.444792 0.725000 0.262500 0.023333
169 0.444792 0.280556 0.038333 0.068148
