629 0.314063 0.986111 0.143917 0.323435
127 0.401563 0.953704 0.131037 0.308710
85 0.500000 0.935185 0.117188 0.291667
550 0.598437 0.953704 0.130975 0.308631
219 0.685938 0.986111 0.143855 0.323357
173 0.033333 0.094444 0.037500 0.066667
109 0.070833 0.094444 0.037500 0.066667
35 0.108333 0.094444 0.037500 0.066667
94 0.145833 0.094444 0.037500 0.066667
64 0.183333 0.094444 0.037500 0.066667
8 0.220833 0.094444 0.037500 0.066667
109 0.258333 0.094444 0.037500 0.066667
37 0.295833 0.094444 0.037500 0.066667
163 0.333333 0.094444 0.037500 0.066667
8 0.370833 0.094444 0.037500 0.066667
7 0.408333 0.094444 0.037500 0.066667
5 0.445833 0.094444 0.037500 0.066667
163 0.483333 0.094444 0.037500 0.066667
35 0.520833 0.094444 0.037500 0.066667
93 0.558333 0.094444 0.037500 0.066667
7 0.595833 0.094444 0.037500 0.066667
36 0.633333 0.094444 0.037500 0.066667
199 0.670833 0.094444 0.037500 0.066667
68 0.334375 0.027778 0.033333 0.059259
40 0.363542 0.027778 0.033333 0.059259
13 0.392708 0.027778 0.033333 0.059259
13 0.421875 0.027778 0.033333 0.059259
13 0.451042 0.027778 0.033333 0.059259
14 0.247917 0.565741 0.114583 0.268519
15 0.247917 0.716667 0.120312 0.023333
402 0.195833 0.744444 0.025000 0.044444
98 0.782812 0.734259 0.025000 0.044444
265 0.807813 0.734259 0.025000 0.044444
240 0.832812 0.734259 0.025000 0.044444
485 0.842708 0.537037 0.130208 0.305556
20 0.842708 0.706481 0.136719 0.023333
48 0.842708 0.354630 0.038333 0.068148
