605 0.401563 0.953704 0.131037 0.308710
87 0.500000 0.925926 0.117188 0.291667
300 0.598437 0.953704 0.130975 0.308631
67 0.033333 0.094444 0.037500 0.066667
109 0.070833 0.094444 0.037500 0.066667
64 0.108333 0.094444 0.037500 0.066667
38 0.145833 0.094444 0.037500 0.066667
37 0.183333 0.094444 0.037500 0.066667
110 0.220833 0.094444 0.037500 0.066667
35 0.258333 0.094444 0.037500 0.066667
40 0.334375 0.027778 0.033333 0.059259
13 0.363542 0.027778 0.033333 0.059259
13 0.392708 0.027778 0.033333 0.059259
13 0.421875 0.027778 0.033333 0.059259
13 0.451042 0.027778 0.033333 0.059259
14 0.247917 0.565741 0.114583 0.268519
15 0.247917 0.716667 0.120312 0.023333
16 0.195833 0.744444 0.025000 0.044444
188 0.803125 0.729630 0.025000 0.044444
41 0.828125 0.729630 0.025000 0.044444
264 0.853125 0.729630 0.025000 0.044444
531 0.850000 0.583333 0.104167 0.203704
20 0.850000 0.701852 0.109375 0.023333
48 0.850000 0.451852 0.038333 0.068148
