472 0.401563 0.953704 0.131037 0.308710
460 0.500000 0.925926 0.117188 0.291667
645 0.598437 0.953704 0.130975 0.308631
37 0.033333 0.094444 0.037500 0.066667
184 0.070833 0.094444 0.037500 0.066667
32 0.108333 0.094444 0.037500 0.066667
186 0.334375 0.027778 0.033333 0.059259
303 0.363542 0.027778 0.033333 0.059259
13 0.392708 0.027778 0.033333 0.059259
13 0.421875 0.027778 0.033333 0.059259
13 0.451042 0.027778 0.033333 0.059259
14 0.247917 0.565741 0.114583 0.268519
15 0.247917 0.716667 0.120312 0.023333
454 0.195833 0.744444 0.025000 0.044444
176 0.220833 0.744444 0.025000 0.044444
99 0.577083 0.729630 0.025000 0.044444
77 0.602083 0.729630 0.025000 0.044444
524 0.627083 0.729630 0.025000 0.044444
464 0.650000 0.601852 0.156250 0.166667
20 0.650000 0.701852 0.164063 0.023333
170 0.650000 0.488889 0.038333 0.068148
49 0.735417 0.729630 0.025000 0.044444
100 0.760417 0.729630 0.025000 0.044444
296 0.785417 0.729630 0.025000 0.044444
168 0.810417 0.729630 0.025000 0.044444
208 0.850000 0.546296 0.239583 0.277778
20 0.850000 0.701852 0.251562 0.023333
48 0.850000 0.377778 0.038333 0.068148
239 0.326042 0.729630 0.025000 0.044444
282 0.444792 0.495370 0.247917 0.379630
20 0.444792 0.701852 0.260312 0.023333
170 0.444792 0.275926 0.038333 0.068148
