574 0.237500 1.000000 0.155649 0.335641
302 0.314063 0.968783 0.143917 0.323435
192 0.401563 0.945767 0.131037 0.308710
237 0.500000 0.931481 0.117188 0.291667
553 0.598437 0.945767 0.130975 0.308631
61 0.685938 0.968783 0.143855 0.323357
182 0.762500 1.000000 0.155588 0.335564
109 0.033333 0.094444 0.037500 0.066667
11 0.334375 0.027778 0.033333 0.059259
39 0.363542 0.027778 0.033333 0.059259
381 0.392708 0.027778 0.033333 0.059259
145 0.421875 0.027778 0.033333 0.059259
12 0.451042 0.027778 0.033333 0.059259
14 0.247917 0.565741 0.114583 0.268519
15 0.247917 0.716667 0.120312 0.023333
325 0.195833 0.744444 0.025000 0.044444
148 0.220833 0.744444 0.025000 0.044444
164 0.608333 0.725000 0.025000 0.044444
347 0.633333 0.725000 0.025000 0.044444
425 0.658333 0.725000 0.025000 0.044444
102 0.650000 0.615741 0.093750 0.129630
20 0.650000 0.697222 0.098437 0.023333
216 0.650000 0.521296 0.038333 0.068148
123 0.746875 0.729630 0.025000 0.044444
227 0.771875 0.729630 0.025000 0.044444
205 0.796875 0.729630 0.025000 0.044444
136 0.821875 0.729630 0.025000 0.044444
121 0.865625 0.495370 0.247917 0.379630
20 0.865625 0.701852 0.260312 0.023333
216 0.865625 0.275926 0.038333 0.068148
