142 0.182812 1.000000 0.145411 0.296825
607 0.237500 0.976852 0.136936 0.289694
574 0.303125 0.951852 0.127414 0.280350
316 0.379687 0.928704 0.116968 0.268919
25 0.456250 0.921296 0.105583 0.255387
546 0.543750 0.921296 0.105530 0.255319
627 0.620313 0.928704 0.116914 0.268851
24 0.696875 0.951852 0.127362 0.280284
323 0.762500 0.976852 0.136885 0.289630
618 0.817187 1.000000 0.145376 0.296799
130 0.033333 0.094444 0.037500 0.066667
65 0.070833 0.094444 0.037500 0.066667
34 0.108333 0.094444 0.037500 0.066667
28 0.145833 0.094444 0.037500 0.066667
28 0.183333 0.094444 0.037500 0.066667
93 0.220833 0.094444 0.037500 0.066667
33 0.258333 0.094444 0.037500 0.066667
31 0.295833 0.094444 0.037500 0.066667
94 0.333333 0.094444 0.037500 0.066667
108 0.370833 0.094444 0.037500 0.066667
7 0.408333 0.094444 0.037500 0.066667
33 0.445833 0.094444 0.037500 0.066667
36 0.483333 0.094444 0.037500 0.066667
5 0.520833 0.094444 0.037500 0.066667
186 0.334375 0.027778 0.033333 0.059259
144 0.363542 0.027778 0.033333 0.059259
112 0.392708 0.027778 0.033333 0.059259
13 0.421875 0.027778 0.033333 0.059259
13 0.451042 0.027778 0.033333 0.059259
14 0.247917 0.565741 0.114583 0.268519
15 0.247917 0.716667 0.120312 0.023333
414 0.195833 0.744444 0.025000 0.044444
328 0.619271 0.750926 0.025000 0.044444
327 0.644271 0.750926 0.025000 0.044444
259 0.669271 0.750926 0.025000 0.044444
390 0.694271 0.750926 0.025000 0.044444
257 0.647917 0.616667 0.067708 0.179630
20 0.647917 0.723148 0.071094 0.023333
48 0.647917 0.497222 0.038333 0.068148
306 0.787500 0.720370 0.025000 0.044444
156 0.812500 0.720370 0.025000 0.044444
330 0.850000 0.583333 0.135417 0.185185
20 0.850000 0.692593 0.142188 0.023333
48 0.850000 0.461111 0.038333 0.068148
124 0.353646 0.725926 0.025000 0.044444
243 0.450000 0.500926 0.203125 0.361111
20 0.450000 0.698148 0.213281 0.023333
170 0.450000 0.290741 0.038333 0.068148
