493 0.448594 0.925926 0.124215 0.300456
465 0.557969 0.925926 0.124152 0.300376
107 0.033333 0.094444 0.037500 0.066667
173 0.070833 0.094444 0.037500 0.066667
131 0.108333 0.094444 0.037500 0.066667
37 0.145833 0.094444 0.037500 0.066667
129 0.183333 0.094444 0.037500 0.066667
107 0.220833 0.094444 0.037500 0.066667
36 0.258333 0.094444 0.037500 0.066667
4 0.295833 0.094444 0.037500 0.066667
67 0.333333 0.094444 0.037500 0.066667
32 0.370833 0.094444 0.037500 0.066667
37 0.408333 0.094444 0.037500 0.066667
9 0.334375 0.027778 0.033333 0.059259
39 0.363542 0.027778 0.033333 0.059259
355 0.392708 0.027778 0.033333 0.059259
186 0.421875 0.027778 0.033333 0.059259
13 0.451042 0.027778 0.033333 0.059259
14 0.247917 0.565741 0.114583 0.268519
15 0.247917 0.716667 0.120312 0.023333
481 0.195833 0.744444 0.025000 0.044444
49 0.220833 0.744444 0.025000 0.044444
483 0.245833 0.744444 0.025000 0.044444
97 0.270833 0.744444 0.025000 0.044444
314 0.782292 0.720370 0.025000 0.044444
424 0.807292 0.720370 0.025000 0.044444
313 0.832292 0.720370 0.025000 0.044444
601 0.850000 0.546296 0.145833 0.259259
20 0.850000 0.692593 0.153125 0.023333
48 0.850000 0.387037 0.038333 0.068148
