525 0.448594 0.925926 0.124215 0.300456
631 0.557969 0.925926 0.124152 0.300376
188 0.033333 0.094444 0.037500 0.066667
11 0.070833 0.094444 0.037500 0.066667
10 0.108333 0.094444 0.037500 0.066667
10 0.145833 0.094444 0.037500 0.066667
46 0.183333 0.094444 0.037500 0.066667
77 0.220833 0.094444 0.037500 0.066667
118 0.258333 0.094444 0.037500 0.066667
11 0.295833 0.094444 0.037500 0.066667
76 0.333333 0.094444 0.037500 0.066667
100 0.370833 0.094444 0.037500 0.066667
44 0.408333 0.094444 0.037500 0.066667
136 0.445833 0.094444 0.037500 0.066667
10 0.483333 0.094444 0.037500 0.066667
47 0.520833 0.094444 0.037500 0.066667
10 0.558333 0.094444 0.037500 0.066667
40 0.595833 0.094444 0.037500 0.066667
99 0.633333 0.094444 0.037500 0.066667
46 0.670833 0.094444 0.037500 0.066667
139 0.708333 0.094444 0.037500 0.066667
337 0.334375 0.027778 0.033333 0.059259
421 0.363542 0.027778 0.033333 0.059259
120 0.392708 0.027778 0.033333 0.059259
142 0.421875 0.027778 0.033333 0.059259
49 0.451042 0.027778 0.033333 0.059259
14 0.247917 0.565741 0.114583 0.268519
15 0.247917 0.716667 0.120312 0.023333
227 0.195833 0.744444 0.025000 0.044444
309 0.220833 0.744444 0.025000 0.044444
143 0.245833 0.744444 0.025000 0.044444
227 0.791146 0.729630 0.025000 0.044444
310 0.816146 0.729630 0.025000 0.044444
465 0.845833 0.574074 0.119792 0.222222
23 0.845833 0.701852 0.125781 0.023333
61 0.845833 0.433333 0.038333 0.068148
458 0.371875 0.734259 0.025000 0.044444
240 0.396875 0.734259 0.025000 0.044444
405 0.421875 0.734259 0.025000 0.044444
237 0.446875 0.734259 0.025000 0.044444
551 0.450000 0.587963 0.166667 0.203704
23 0.450000 0.706481 0.175000 0.023333
552 0.450000 0.456481 0.038333 0.068148
106 0.548437 0.729630 0.025000 0.044444
103 0.573438 0.729630 0.025000 0.044444
372 0.660417 0.476852 0.234375 0.416667
23 0.660417 0.701852 0.246094 0.023333
57 0.660417 0.238889 0.038333 0.068148
