183 0.314063 0.986111 0.143917 0.323435
210 0.401563 0.953704 0.131037 0.308710
384 0.500000 0.935185 0.117188 0.291667
473 0.598437 0.953704 0.130975 0.308631
160 0.685938 0.986111 0.143855 0.323357
92 0.033333 0.094444 0.037500 0.066667
108 0.070833 0.094444 0.037500 0.066667
131 0.108333 0.094444 0.037500 0.066667
30 0.145833 0.094444 0.037500 0.066667
28 0.183333 0.094444 0.037500 0.066667
28 0.220833 0.094444 0.037500 0.066667
38 0.258333 0.094444 0.037500 0.066667
36 0.295833 0.094444 0.037500 0.066667
110 0.333333 0.094444 0.037500 0.066667
4 0.370833 0.094444 0.037500 0.066667
109 0.408333 0.094444 0.037500 0.066667
5 0.445833 0.094444 0.037500 0.066667
199 0.483333 0.094444 0.037500 0.066667
132 0.520833 0.094444 0.037500 0.066667
29 0.558333 0.094444 0.037500 0.066667
174 0.334375 0.027778 0.033333 0.059259
13 0.363542 0.027778 0.033333 0.059259
13 0.392708 0.027778 0.033333 0.059259
13 0.421875 0.027778 0.033333 0.059259
13 0.451042 0.027778 0.033333 0.059259
14 0.247917 0.565741 0.114583 0.268519
15 0.247917 0.716667 0.120312 0.023333
74 0.195833 0.744444 0.025000 0.044444
306 0.220833 0.744444 0.025000 0.044444
242 0.245833 0.744444 0.025000 0.044444
79 0.270833 0.744444 0.025000 0.044444
227 0.782292 0.720370 0.025000 0.044444
414 0.807292 0.720370 0.025000 0.044444
435 0.832292 0.720370 0.025000 0.044444
601 0.850000 0.546296 0.145833 0.259259
20 0.850000 0.692593 0.153125 0.023333
48 0.850000 0.387037 0.038333 0.068148
347 0.558854 0.748148 0.025000 0.044444
116 0.583854 0.748148 0.025000 0.044444
51 0.608854 0.748148 0.025000 0.044444
470 0.634375 0.562500 0.161458 0.282407
20 0.634375 0.720370 0.169531 0.023333
48 0.634375 0.391667 0.038333 0.068148
222 0.418750 0.706481 0.025000 0.044444
266 0.443750 0.706481 0.025000 0.044444
57 0.450000 0.601852 0.072917 0.120370
20 0.450000 0.678704 0.076563 0.023333
48 0.450000 0.512037 0.038333 0.068148
