488 0.500000 0.925926 0.117188 0.291667
199 0.033333 0.094444 0.037500 0.066667
39 0.334375 0.027778 0.033333 0.059259
39 0.363542 0.027778 0.033333 0.059259
96 0.392708 0.027778 0.033333 0.059259
133 0.421875 0.027778 0.033333 0.059259
13 0.451042 0.027778 0.033333 0.059259
14 0.247917 0.565741 0.114583 0.268519
15 0.247917 0.716667 0.120312 0.023333
165 0.195833 0.744444 0.025000 0.044444
425 0.220833 0.744444 0.025000 0.044444
294 0.245833 0.744444 0.025000 0.044444
77 0.270833 0.744444 0.025000 0.044444
454 0.403125 0.733333 0.025000 0.044444
326 0.428125 0.733333 0.025000 0.044444
114 0.453125 0.733333 0.025000 0.044444
80 0.478125 0.733333 0.025000 0.044444
319 0.447396 0.605556 0.098958 0.166667
20 0.447396 0.705556 0.103906 0.023333
48 0.447396 0.492593 0.038333 0.068148
99 0.740625 0.739815 0.025000 0.044444
73 0.765625 0.739815 0.025000 0.044444
201 0.790625 0.739815 0.025000 0.044444
446 0.852604 0.551852 0.234375 0.287037
20 0.852604 0.712037 0.246094 0.023333
48 0.852604 0.378704 0.038333 0.068148
294 0.535417 0.729630 0.025000 0.044444
273 0.560417 0.729630 0.025000 0.044444
119 0.585417 0.729630 0.025000 0.044444
187 0.610417 0.729630 0.025000 0.044444
208 0.650000 0.546296 0.239583 0.277778
20 0.650000 0.701852 0.251562 0.023333
48 0.650000 0.377778 0.038333 0.068148
