432 0.351250 0.960648 0.137609 0.316375
478 0.449688 0.935185 0.124215 0.300456
640 0.550312 0.935185 0.124152 0.300376
127 0.648750 0.960648 0.137546 0.316296
37 0.033333 0.094444 0.037500 0.066667
163 0.070833 0.094444 0.037500 0.066667
93 0.108333 0.094444 0.037500 0.066667
107 0.145833 0.094444 0.037500 0.066667
67 0.183333 0.094444 0.037500 0.066667
186 0.334375 0.027778 0.033333 0.059259
111 0.363542 0.027778 0.033333 0.059259
377 0.392708 0.027778 0.033333 0.059259
290 0.421875 0.027778 0.033333 0.059259
13 0.451042 0.027778 0.033333 0.059259
14 0.247917 0.565741 0.114583 0.268519
15 0.247917 0.716667 0.120312 0.023333
51 0.195833 0.744444 0.025000 0.044444
227 0.756250 0.734259 0.025000 0.044444
118 0.781250 0.734259 0.025000 0.044444
366 0.806250 0.734259 0.025000 0.044444
178 0.831250 0.734259 0.025000 0.044444
190 0.850000 0.555556 0.197917 0.268519
20 0.850000 0.706481 0.207812 0.023333
167 0.850000 0.391667 0.038333 0.068148
