213 0.500000 0.925926 0.117188 0.291667
33 0.033333 0.094444 0.037500 0.066667
8 0.070833 0.094444 0.037500 0.066667
35 0.108333 0.094444 0.037500 0.066667
31 0.145833 0.094444 0.037500 0.066667
92 0.183333 0.094444 0.037500 0.066667
67 0.220833 0.094444 0.037500 0.066667
132 0.258333 0.094444 0.037500 0.066667
30 0.295833 0.094444 0.037500 0.066667
34 0.333333 0.094444 0.037500 0.066667
132 0.370833 0.094444 0.037500 0.066667
6 0.408333 0.094444 0.037500 0.066667
130 0.445833 0.094444 0.037500 0.066667
65 0.483333 0.094444 0.037500 0.066667
92 0.520833 0.094444 0.037500 0.066667
163 0.558333 0.094444 0.037500 0.066667
67 0.595833 0.094444 0.037500 0.066667
109 0.633333 0.094444 0.037500 0.066667
5 0.670833 0.094444 0.037500 0.066667
5 0.708333 0.094444 0.037500 0.066667
381 0.334375 0.027778 0.033333 0.059259
254 0.363542 0.027778 0.033333 0.059259
200 0.392708 0.027778 0.033333 0.059259
13 0.421875 0.027778 0.033333 0.059259
13 0.451042 0.027778 0.033333 0.059259
14 0.247917 0.565741 0.114583 0.268519
15 0.247917 0.716667 0.120312 0.023333
306 0.195833 0.744444 0.025000 0.044444
116 0.220833 0.744444 0.025000 0.044444
313 0.792708 0.645113 0.025000 0.044444
242 0.817708 0.645113 0.025000 0.044444
118 0.842708 0.645113 0.025000 0.044444
276 0.867708 0.645113 0.025000 0.044444
140 0.850000 0.517335 0.125000 0.166667
20 0.850000 0.617335 0.131250 0.023333
216 0.850000 0.404372 0.038333 0.068148
