84 0.226563 1.000000 0.153046 0.323776
386 0.300938 0.968750 0.142404 0.313332
545 0.379687 0.943287 0.130728 0.300556
341 0.458438 0.925926 0.118005 0.285433
344 0.541562 0.925926 0.117945 0.285357
488 0.620313 0.943287 0.130669 0.300481
437 0.693594 0.968750 0.142346 0.313258
641 0.773438 1.000000 0.152989 0.323704
132 0.033333 0.094444 0.037500 0.066667
8 0.070833 0.094444 0.037500 0.066667
29 0.108333 0.094444 0.037500 0.066667
5 0.145833 0.094444 0.037500 0.066667
5 0.183333 0.094444 0.037500 0.066667
110 0.220833 0.094444 0.037500 0.066667
64 0.258333 0.094444 0.037500 0.066667
131 0.295833 0.094444 0.037500 0.066667
199 0.333333 0.094444 0.037500 0.066667
184 0.370833 0.094444 0.037500 0.066667
35 0.408333 0.094444 0.037500 0.066667
34 0.445833 0.094444 0.037500 0.066667
7 0.483333 0.094444 0.037500 0.066667
173 0.520833 0.094444 0.037500 0.066667
184 0.558333 0.094444 0.037500 0.066667
36 0.595833 0.094444 0.037500 0.066667
5 0.633333 0.094444 0.037500 0.066667
5 0.670833 0.094444 0.037500 0.066667
96 0.334375 0.027778 0.033333 0.059259
13 0.363542 0.027778 0.033333 0.059259
13 0.392708 0.027778 0.033333 0.059259
13 0.421875 0.027778 0.033333 0.059259
13 0.451042 0.027778 0.033333 0.059259
14 0.247917 0.565741 0.114583 0.268519
15 0.247917 0.716667 0.120312 0.023333
347 0.195833 0.744444 0.025000 0.044444
327 0.220833 0.744444 0.025000 0.044444
328 0.403125 0.741667 0.025000 0.044444
207 0.428125 0.741667 0.025000 0.044444
222 0.453125 0.741667 0.025000 0.044444
46 0.478125 0.741667 0.025000 0.044444
217 0.444792 0.565278 0.093750 0.263889
20 0.444792 0.713889 0.098437 0.023333
158 0.444792 0.403704 0.038333 0.068148
69 0.740625 0.739815 0.025000 0.044444
446 0.852604 0.551852 0.234375 0.287037
20 0.852604 0.712037 0.246094 0.023333
21 0.852604 0.378704 0.038333 0.068148
275 0.535417 0.729630 0.025000 0.044444
208 0.650000 0.546296 0.239583 0.277778
20 0.650000 0.701852 0.251562 0.023333
48 0.650000 0.377778 0.038333 0.068148
