540 0.193750 1.000000 0.149621 0.310807
249 0.259375 0.982716 0.140084 0.302077
87 0.332656 0.955556 0.129526 0.291092
463 0.412500 0.930247 0.117934 0.277839
310 0.500000 0.925926 0.105469 0.262500
370 0.587500 0.930247 0.117877 0.277768
323 0.667344 0.955556 0.129470 0.291021
530 0.740625 0.982716 0.140029 0.302007
484 0.806250 1.000000 0.149567 0.310740
33 0.033333 0.094444 0.037500 0.066667
8 0.070833 0.094444 0.037500 0.066667
40 0.334375 0.027778 0.033333 0.059259
10 0.363542 0.027778 0.033333 0.059259
13 0.392708 0.027778 0.033333 0.059259
13 0.421875 0.027778 0.033333 0.059259
13 0.451042 0.027778 0.033333 0.059259
14 0.247917 0.565741 0.114583 0.268519
15 0.247917 0.716667 0.120312 0.023333
139 0.195833 0.744444 0.025000 0.044444
481 0.220833 0.744444 0.025000 0.044444
138 0.245833 0.744444 0.025000 0.044444
270 0.582292 0.720370 0.025000 0.044444
295 0.607292 0.720370 0.025000 0.044444
313 0.632292 0.720370 0.025000 0.044444
291 0.657292 0.720370 0.025000 0.044444
601 0.650000 0.546296 0.145833 0.259259
20 0.650000 0.692593 0.153125 0.023333
167 0.650000 0.387037 0.038333 0.068148
424 0.803125 0.741667 0.025000 0.044444
228 0.828125 0.741667 0.025000 0.044444
205 0.853125 0.741667 0.025000 0.044444
153 0.878125 0.741667 0.025000 0.044444
217 0.844792 0.565278 0.093750 0.263889
20 0.844792 0.713889 0.098437 0.023333
158 0.844792 0.403704 0.038333 0.068148
