417 0.270312 0.986111 0.149899 0.329824
318 0.357812 0.949074 0.137609 0.316375
385 0.452969 0.925926 0.124215 0.300456
181 0.547031 0.925926 0.124152 0.300376
61 0.642187 0.949074 0.137546 0.316296
530 0.729688 0.986111 0.149838 0.329746
109 0.033333 0.094444 0.037500 0.066667
129 0.070833 0.094444 0.037500 0.066667
5 0.108333 0.094444 0.037500 0.066667
8 0.145833 0.094444 0.037500 0.066667
94 0.183333 0.094444 0.037500 0.066667
35 0.220833 0.094444 0.037500 0.066667
8 0.258333 0.094444 0.037500 0.066667
109 0.295833 0.094444 0.037500 0.066667
199 0.333333 0.094444 0.037500 0.066667
91 0.370833 0.094444 0.037500 0.066667
8 0.408333 0.094444 0.037500 0.066667
129 0.445833 0.094444 0.037500 0.066667
29 0.483333 0.094444 0.037500 0.066667
133 0.334375 0.027778 0.033333 0.059259
13 0.363542 0.027778 0.033333 0.059259
13 0.392708 0.027778 0.033333 0.059259
13 0.421875 0.027778 0.033333 0.059259
13 0.451042 0.027778 0.033333 0.059259
14 0.247917 0.565741 0.114583 0.268519
15 0.247917 0.716667 0.120312 0.023333
177 0.195833 0.744444 0.025000 0.044444
155 0.220833 0.744444 0.025000 0.044444
258 0.245833 0.744444 0.025000 0.044444
139 0.270833 0.744444 0.025000 0.044444
78 0.608333 0.725000 0.025000 0.044444
17 0.633333 0.725000 0.025000 0.044444
47 0.650000 0.615741 0.093750 0.129630
20 0.650000 0.697222 0.098437 0.023333
48 0.650000 0.521296 0.038333 0.068148
258 0.805729 0.757407 0.025000 0.044444
151 0.830729 0.757407 0.025000 0.044444
52 0.855729 0.757407 0.025000 0.044444
155 0.880729 0.757407 0.025000 0.044444
141 0.852604 0.583333 0.104167 0.259259
20 0.852604 0.729630 0.109375 0.023333
48 0.852604 0.424074 0.038333 0.068148
155 0.384896 0.641667 0.025000 0.044444
277 0.409896 0.641667 0.025000 0.044444
139 0.434896 0.641667 0.025000 0.044444
299 0.459896 0.641667 0.025000 0.044444
157 0.457812 0.416667 0.156250 0.361111
20 0.457812 0.613889 0.164063 0.023333
158 0.457812 0.206481 0.038333 0.068148
