462 0.500000 0.925926 0.117188 0.291667
91 0.033333 0.094444 0.037500 0.066667
163 0.070833 0.094444 0.037500 0.066667
107 0.108333 0.094444 0.037500 0.066667
173 0.145833 0.094444 0.037500 0.066667
64 0.183333 0.094444 0.037500 0.066667
199 0.220833 0.094444 0.037500 0.066667
67 0.258333 0.094444 0.037500 0.066667
111 0.334375 0.027778 0.033333 0.059259
381 0.363542 0.027778 0.033333 0.059259
144 0.392708 0.027778 0.033333 0.059259
112 0.421875 0.027778 0.033333 0.059259
13 0.451042 0.027778 0.033333 0.059259
14 0.247917 0.565741 0.114583 0.268519
15 0.247917 0.716667 0.120312 0.023333
296 0.195833 0.744444 0.025000 0.044444
97 0.220833 0.744444 0.025000 0.044444
454 0.245833 0.744444 0.025000 0.044444
46 0.270833 0.744444 0.025000 0.044444
188 0.787500 0.716667 0.025000 0.044444
79 0.812500 0.716667 0.025000 0.044444
378 0.837500 0.716667 0.025000 0.044444
348 0.850000 0.593518 0.135417 0.157407
20 0.850000 0.688889 0.142188 0.023333
48 0.850000 0.485185 0.038333 0.068148
134 0.582292 0.720370 0.025000 0.044444
408 0.607292 0.720370 0.025000 0.044444
277 0.632292 0.720370 0.025000 0.044444
273 0.657292 0.720370 0.025000 0.044444
601 0.650000 0.546296 0.145833 0.259259
20 0.650000 0.692593 0.153125 0.023333
167 0.650000 0.387037 0.038333 0.068148
