650 0.270312 0.986111 0.149899 0.329824
285 0.357812 0.949074 0.137609 0.316375
607 0.452969 0.925926 0.124215 0.300456
391 0.547031 0.925926 0.124152 0.300376
344 0.642187 0.949074 0.137546 0.316296
561 0.729688 0.986111 0.149838 0.329746
107 0.033333 0.094444 0.037500 0.066667
91 0.070833 0.094444 0.037500 0.066667
7 0.108333 0.094444 0.037500 0.066667
31 0.145833 0.094444 0.037500 0.066667
4 0.183333 0.094444 0.037500 0.066667
94 0.220833 0.094444 0.037500 0.066667
174 0.334375 0.027778 0.033333 0.059259
255 0.363542 0.027778 0.033333 0.059259
68 0.392708 0.027778 0.033333 0.059259
238 0.421875 0.027778 0.033333 0.059259
13 0.451042 0.027778 0.033333 0.059259
14 0.247917 0.565741 0.114583 0.268519
15 0.247917 0.716667 0.120312 0.023333
118 0.195833 0.744444 0.025000 0.044444
51 0.220833 0.744444 0.025000 0.044444
269 0.774479 0.725926 0.025000 0.044444
279 0.860417 0.561111 0.182292 0.240741
20 0.860417 0.698148 0.191406 0.023333
48 0.860417 0.411111 0.038333 0.068148
275 0.597917 0.737037 0.025000 0.044444
295 0.622917 0.737037 0.025000 0.044444
426 0.644792 0.562963 0.104167 0.259259
20 0.644792 0.709259 0.109375 0.023333
170 0.644792 0.403704 0.038333 0.068148
51 0.366667 0.738889 0.025000 0.044444
369 0.391667 0.738889 0.025000 0.044444
422 0.452604 0.490741 0.182292 0.407407
20 0.452604 0.711111 0.191406 0.023333
48 0.452604 0.257407 0.038333 0.068148
