478 0.448594 0.925926 0.124215 0.300456
63 0.557969 0.925926 0.124152 0.300376
184 0.033333 0.094444 0.037500 0.066667
94 0.070833 0.094444 0.037500 0.066667
33 0.108333 0.094444 0.037500 0.066667
4 0.145833 0.094444 0.037500 0.066667
33 0.183333 0.094444 0.037500 0.066667
255 0.334375 0.027778 0.033333 0.059259
145 0.363542 0.027778 0.033333 0.059259
143 0.392708 0.027778 0.033333 0.059259
377 0.421875 0.027778 0.033333 0.059259
186 0.451042 0.027778 0.033333 0.059259
14 0.247917 0.565741 0.114583 0.268519
15 0.247917 0.716667 0.120312 0.023333
55 0.195833 0.744444 0.025000 0.044444
147 0.220833 0.744444 0.025000 0.044444
314 0.821354 0.731481 0.025000 0.044444
56 0.846354 0.731481 0.025000 0.044444
105 0.850000 0.640741 0.067708 0.092593
20 0.850000 0.703704 0.071094 0.023333
82 0.850000 0.564815 0.038333 0.068148
