375 0.351250 0.960648 0.137609 0.316375
636 0.449688 0.935185 0.124215 0.300456
90 0.550312 0.935185 0.124152 0.300376
85 0.648750 0.960648 0.137546 0.316296
129 0.033333 0.094444 0.037500 0.066667
93 0.070833 0.094444 0.037500 0.066667
30 0.108333 0.094444 0.037500 0.066667
28 0.145833 0.094444 0.037500 0.066667
381 0.334375 0.027778 0.033333 0.059259
185 0.363542 0.027778 0.033333 0.059259
200 0.392708 0.027778 0.033333 0.059259
174 0.421875 0.027778 0.033333 0.059259
113 0.451042 0.027778 0.033333 0.059259
14 0.247917 0.565741 0.114583 0.268519
15 0.247917 0.716667 0.120312 0.023333
77 0.195833 0.744444 0.025000 0.044444
325 0.220833 0.744444 0.025000 0.044444
99 0.808333 0.706481 0.025000 0.044444
116 0.833333 0.706481 0.025000 0.044444
18 0.858333 0.706481 0.025000 0.044444
178 0.883333 0.706481 0.025000 0.044444
47 0.850000 0.597222 0.093750 0.129630
20 0.850000 0.678704 0.098437 0.023333
48 0.850000 0.502778 0.038333 0.068148
78 0.642187 0.728704 0.025000 0.044444
396 0.670833 0.600926 0.067708 0.166667
20 0.670833 0.700926 0.071094 0.023333
158 0.670833 0.487963 0.038333 0.068148
