412 0.314063 0.986111 0.143917 0.323435
651 0.401563 0.953704 0.131037 0.308710
628 0.500000 0.935185 0.117188 0.291667
547 0.598437 0.953704 0.130975 0.308631
211 0.685938 0.986111 0.143855 0.323357
28 0.033333 0.094444 0.037500 0.066667
7 0.070833 0.094444 0.037500 0.066667
163 0.108333 0.094444 0.037500 0.066667
36 0.145833 0.094444 0.037500 0.066667
5 0.183333 0.094444 0.037500 0.066667
130 0.220833 0.094444 0.037500 0.066667
92 0.258333 0.094444 0.037500 0.066667
107 0.295833 0.094444 0.037500 0.066667
91 0.333333 0.094444 0.037500 0.066667
37 0.370833 0.094444 0.037500 0.066667
64 0.408333 0.094444 0.037500 0.066667
67 0.445833 0.094444 0.037500 0.066667
130 0.483333 0.094444 0.037500 0.066667
132 0.520833 0.094444 0.037500 0.066667
91 0.558333 0.094444 0.037500 0.066667
110 0.595833 0.094444 0.037500 0.066667
7 0.633333 0.094444 0.037500 0.066667
214 0.334375 0.027778 0.033333 0.059259
303 0.363542 0.027778 0.033333 0.059259
200 0.392708 0.027778 0.033333 0.059259
133 0.421875 0.027778 0.033333 0.059259
185 0.451042 0.027778 0.033333 0.059259
14 0.247917 0.565741 0.114583 0.268519
15 0.247917 0.716667 0.120312 0.023333
215 0.195833 0.744444 0.025000 0.044444
228 0.220833 0.744444 0.025000 0.044444
481 0.826563 0.740741 0.025000 0.044444
152 0.851563 0.740741 0.025000 0.044444
435 0.876562 0.740741 0.025000 0.044444
267 0.850000 0.594444 0.057292 0.203704
20 0.850000 0.712963 0.060156 0.023333
170 0.850000 0.462963 0.038333 0.068148
