622 0.448594 0.925926 0.124215 0.300456
298 0.557969 0.925926 0.124152 0.300376
92 0.033333 0.094444 0.037500 0.066667
32 0.070833 0.094444 0.037500 0.066667
110 0.108333 0.094444 0.037500 0.066667
30 0.145833 0.094444 0.037500 0.066667
4 0.183333 0.094444 0.037500 0.066667
107 0.220833 0.094444 0.037500 0.066667
131 0.258333 0.094444 0.037500 0.066667
10 0.334375 0.027778 0.033333 0.059259
13 0.363542 0.027778 0.033333 0.059259
13 0.392708 0.027778 0.033333 0.059259
13 0.421875 0.027778 0.033333 0.059259
13 0.451042 0.027778 0.033333 0.059259
14 0.247917 0.565741 0.114583 0.268519
15 0.247917 0.716667 0.120312 0.023333
156 0.195833 0.744444 0.025000 0.044444
347 0.220833 0.744444 0.025000 0.044444
268 0.245833 0.744444 0.025000 0.044444
416 0.756250 0.734259 0.025000 0.044444
51 0.781250 0.734259 0.025000 0.044444
120 0.806250 0.734259 0.025000 0.044444
125 0.850000 0.555556 0.197917 0.268519
20 0.850000 0.706481 0.207812 0.023333
216 0.850000 0.391667 0.038333 0.068148
