514 0.270312 0.986111 0.149899 0.329824
172 0.357812 0.949074 0.137609 0.316375
649 0.452969 0.925926 0.124215 0.300456
466 0.547031 0.925926 0.124152 0.300376
316 0.642187 0.949074 0.137546 0.316296
310 0.729688 0.986111 0.149838 0.329746
34 0.033333 0.094444 0.037500 0.066667
163 0.070833 0.094444 0.037500 0.066667
91 0.108333 0.094444 0.037500 0.066667
32 0.145833 0.094444 0.037500 0.066667
6 0.183333 0.094444 0.037500 0.066667
186 0.334375 0.027778 0.033333 0.059259
96 0.363542 0.027778 0.033333 0.059259
272 0.392708 0.027778 0.033333 0.059259
255 0.421875 0.027778 0.033333 0.059259
255 0.451042 0.027778 0.033333 0.059259
14 0.247917 0.565741 0.114583 0.268519
15 0.247917 0.716667 0.120312 0.023333
77 0.195833 0.744444 0.025000 0.044444
215 0.220833 0.744444 0.025000 0.044444
241 0.245833 0.744444 0.025000 0.044444
104 0.270833 0.744444 0.025000 0.044444
266 0.803125 0.729630 0.025000 0.044444
382 0.850000 0.583333 0.104167 0.203704
20 0.850000 0.701852 0.109375 0.023333
48 0.850000 0.451852 0.038333 0.068148
43 0.605729 0.757407 0.025000 0.044444
366 0.630729 0.757407 0.025000 0.044444
77 0.655729 0.757407 0.025000 0.044444
408 0.680729 0.757407 0.025000 0.044444
141 0.652604 0.583333 0.104167 0.259259
20 0.652604 0.729630 0.109375 0.023333
48 0.652604 0.424074 0.038333 0.068148
356 0.335417 0.729630 0.025000 0.044444
208 0.450000 0.546296 0.239583 0.277778
20 0.450000 0.701852 0.251562 0.023333
48 0.450000 0.377778 0.038333 0.068148
