528 0.351250 0.960648 0.137609 0.316375
433 0.449688 0.935185 0.124215 0.300456
574 0.550312 0.935185 0.124152 0.300376
415 0.648750 0.960648 0.137546 0.316296
99 0.033333 0.094444 0.037500 0.066667
9 0.070833 0.094444 0.037500 0.066667
118 0.108333 0.094444 0.037500 0.066667
162 0.145833 0.094444 0.037500 0.066667
140 0.183333 0.094444 0.037500 0.066667
261 0.220833 0.094444 0.037500 0.066667
116 0.258333 0.094444 0.037500 0.066667
118 0.295833 0.094444 0.037500 0.066667
287 0.333333 0.094444 0.037500 0.066667
44 0.370833 0.094444 0.037500 0.066667
9 0.408333 0.094444 0.037500 0.066667
142 0.334375 0.027778 0.033333 0.059259
12 0.363542 0.027778 0.033333 0.059259
120 0.392708 0.027778 0.033333 0.059259
13 0.421875 0.027778 0.033333 0.059259
13 0.451042 0.027778 0.033333 0.059259
14 0.247917 0.565741 0.114583 0.268519
15 0.247917 0.716667 0.120312 0.023333
310 0.195833 0.744444 0.025000 0.044444
239 0.220833 0.744444 0.025000 0.044444
457 0.608333 0.706481 0.025000 0.044444
330 0.633333 0.706481 0.025000 0.044444
184 0.650000 0.597222 0.093750 0.129630
23 0.650000 0.678704 0.098437 0.023333
61 0.650000 0.502778 0.038333 0.068148
499 0.410937 0.722837 0.025000 0.044444
627 0.450000 0.618207 0.088542 0.120370
23 0.450000 0.695059 0.092969 0.023333
57 0.450000 0.528392 0.038333 0.068148
227 0.784896 0.738889 0.025000 0.044444
173 0.809896 0.738889 0.025000 0.044444
111 0.834896 0.738889 0.025000 0.044444
417 0.859896 0.738889 0.025000 0.044444
414 0.850000 0.509259 0.140625 0.370370
23 0.850000 0.711111 0.147656 0.023333
61 0.850000 0.294444 0.038333 0.068148
