411 0.448594 0.925926 0.124215 0.300456
63 0.557969 0.925926 0.124152 0.300376
110 0.033333 0.094444 0.037500 0.066667
92 0.070833 0.094444 0.037500 0.066667
91 0.108333 0.094444 0.037500 0.066667
32 0.145833 0.094444 0.037500 0.066667
184 0.183333 0.094444 0.037500 0.066667
64 0.220833 0.094444 0.037500 0.066667
91 0.258333 0.094444 0.037500 0.066667
109 0.295833 0.094444 0.037500 0.066667
33 0.333333 0.094444 0.037500 0.066667
38 0.370833 0.094444 0.037500 0.066667
8 0.408333 0.094444 0.037500 0.066667
113 0.334375 0.027778 0.033333 0.059259
96 0.363542 0.027778 0.033333 0.059259
381 0.392708 0.027778 0.033333 0.059259
324 0.421875 0.027778 0.033333 0.059259
186 0.451042 0.027778 0.033333 0.059259
14 0.247917 0.565741 0.114583 0.268519
15 0.247917 0.716667 0.120312 0.023333
307 0.195833 0.744444 0.025000 0.044444
207 0.811979 0.724074 0.025000 0.044444
315 0.845833 0.610185 0.078125 0.138889
20 0.845833 0.696296 0.082031 0.023333
48 0.845833 0.511111 0.038333 0.068148
