346 0.314063 0.986111 0.143917 0.323435
195 0.401563 0.953704 0.131037 0.308710
300 0.500000 0.935185 0.117188 0.291667
252 0.598437 0.953704 0.130975 0.308631
321 0.685938 0.986111 0.143855 0.323357
132 0.033333 0.094444 0.037500 0.066667
33 0.070833 0.094444 0.037500 0.066667
110 0.108333 0.094444 0.037500 0.066667
163 0.145833 0.094444 0.037500 0.066667
32 0.183333 0.094444 0.037500 0.066667
38 0.220833 0.094444 0.037500 0.066667
28 0.258333 0.094444 0.037500 0.066667
65 0.295833 0.094444 0.037500 0.066667
163 0.333333 0.094444 0.037500 0.066667
107 0.370833 0.094444 0.037500 0.066667
65 0.408333 0.094444 0.037500 0.066667
109 0.445833 0.094444 0.037500 0.066667
66 0.483333 0.094444 0.037500 0.066667
290 0.334375 0.027778 0.033333 0.059259
13 0.363542 0.027778 0.033333 0.059259
13 0.392708 0.027778 0.033333 0.059259
13 0.421875 0.027778 0.033333 0.059259
13 0.451042 0.027778 0.033333 0.059259
14 0.247917 0.565741 0.114583 0.268519
15 0.247917 0.716667 0.120312 0.023333
220 0.195833 0.744444 0.025000 0.044444
52 0.220833 0.744444 0.025000 0.044444
124 0.245833 0.744444 0.025000 0.044444
147 0.270833 0.744444 0.025000 0.044444
80 0.603125 0.733333 0.025000 0.044444
294 0.628125 0.733333 0.025000 0.044444
156 0.653125 0.733333 0.025000 0.044444
51 0.678125 0.733333 0.025000 0.044444
319 0.647396 0.605556 0.098958 0.166667
20 0.647396 0.705556 0.103906 0.023333
48 0.647396 0.492593 0.038333 0.068148
207 0.384896 0.738889 0.025000 0.044444
53 0.450000 0.509259 0.140625 0.370370
20 0.450000 0.711111 0.147656 0.023333
48 0.450000 0.294444 0.038333 0.068148
483 0.743229 0.748148 0.025000 0.044444
358 0.850000 0.537037 0.223958 0.333333
20 0.850000 0.720370 0.235156 0.023333
21 0.850000 0.340741 0.038333 0.068148
