436 0.351250 0.960648 0.137609 0.316375
602 0.449688 0.935185 0.124215 0.300456
507 0.550312 0.935185 0.124152 0.300376
433 0.648750 0.960648 0.137546 0.316296
4 0.033333 0.094444 0.037500 0.066667
107 0.070833 0.094444 0.037500 0.066667
32 0.108333 0.094444 0.037500 0.066667
110 0.145833 0.094444 0.037500 0.066667
163 0.183333 0.094444 0.037500 0.066667
199 0.220833 0.094444 0.037500 0.066667
7 0.258333 0.094444 0.037500 0.066667
66 0.295833 0.094444 0.037500 0.066667
238 0.334375 0.027778 0.033333 0.059259
324 0.363542 0.027778 0.033333 0.059259
13 0.392708 0.027778 0.033333 0.059259
13 0.421875 0.027778 0.033333 0.059259
13 0.451042 0.027778 0.033333 0.059259
14 0.247917 0.565741 0.114583 0.268519
15 0.247917 0.716667 0.120312 0.023333
155 0.195833 0.744444 0.025000 0.044444
277 0.220833 0.744444 0.025000 0.044444
75 0.245833 0.744444 0.025000 0.044444
307 0.403125 0.729630 0.025000 0.044444
274 0.428125 0.729630 0.025000 0.044444
226 0.453125 0.729630 0.025000 0.044444
531 0.450000 0.583333 0.104167 0.203704
20 0.450000 0.701852 0.109375 0.023333
48 0.450000 0.451852 0.038333 0.068148
408 0.777083 0.729630 0.025000 0.044444
305 0.802083 0.729630 0.025000 0.044444
325 0.827083 0.729630 0.025000 0.044444
148 0.852083 0.729630 0.025000 0.044444
464 0.850000 0.601852 0.156250 0.166667
20 0.850000 0.701852 0.164063 0.023333
48 0.850000 0.488889 0.038333 0.068148
306 0.526042 0.729630 0.025000 0.044444
70 0.551042 0.729630 0.025000 0.044444
282 0.644792 0.495370 0.247917 0.379630
20 0.644792 0.701852 0.260312 0.023333
170 0.644792 0.275926 0.038333 0.068148
