517 0.351250 0.960648 0.137609 0.316375
84 0.449688 0.935185 0.124215 0.300456
395 0.550312 0.935185 0.124152 0.300376
613 0.648750 0.960648 0.137546 0.316296
32 0.033333 0.094444 0.037500 0.066667
36 0.070833 0.094444 0.037500 0.066667
38 0.108333 0.094444 0.037500 0.066667
31 0.145833 0.094444 0.037500 0.066667
5 0.183333 0.094444 0.037500 0.066667
68 0.334375 0.027778 0.033333 0.059259
143 0.363542 0.027778 0.033333 0.059259
111 0.392708 0.027778 0.033333 0.059259
13 0.421875 0.027778 0.033333 0.059259
13 0.451042 0.027778 0.033333 0.059259
14 0.247917 0.565741 0.114583 0.268519
15 0.247917 0.716667 0.120312 0.023333
114 0.195833 0.744444 0.025000 0.044444
54 0.220833 0.744444 0.025000 0.044444
119 0.245833 0.744444 0.025000 0.044444
120 0.270833 0.744444 0.025000 0.044444
406 0.774479 0.725926 0.025000 0.044444
265 0.799479 0.725926 0.025000 0.044444
227 0.824479 0.725926 0.025000 0.044444
228 0.849479 0.725926 0.025000 0.044444
279 0.860417 0.561111 0.182292 0.240741
20 0.860417 0.698148 0.191406 0.023333
280 0.860417 0.411111 0.038333 0.068148
