547 0.270312 0.986111 0.149899 0.329824
351 0.357812 0.949074 0.137609 0.316375
300 0.452969 0.925926 0.124215 0.300456
488 0.547031 0.925926 0.124152 0.300376
640 0.642187 0.949074 0.137546 0.316296
606 0.729688 0.986111 0.149838 0.329746
129 0.033333 0.094444 0.037500 0.066667
109 0.070833 0.094444 0.037500 0.066667
64 0.108333 0.094444 0.037500 0.066667
66 0.145833 0.094444 0.037500 0.066667
6 0.183333 0.094444 0.037500 0.066667
31 0.220833 0.094444 0.037500 0.066667
35 0.258333 0.094444 0.037500 0.066667
30 0.295833 0.094444 0.037500 0.066667
129 0.333333 0.094444 0.037500 0.066667
173 0.370833 0.094444 0.037500 0.066667
30 0.408333 0.094444 0.037500 0.066667
107 0.445833 0.094444 0.037500 0.066667
163 0.483333 0.094444 0.037500 0.066667
110 0.520833 0.094444 0.037500 0.066667
184 0.558333 0.094444 0.037500 0.066667
200 0.334375 0.027778 0.033333 0.059259
200 0.363542 0.027778 0.033333 0.059259
13 0.392708 0.027778 0.033333 0.059259
13 0.421875 0.027778 0.033333 0.059259
13 0.451042 0.027778 0.033333 0.059259
14 0.247917 0.565741 0.114583 0.268519
15 0.247917 0.716667 0.120312 0.023333
55 0.195833 0.744444 0.025000 0.044444
228 0.220833 0.744444 0.025000 0.044444
98 0.808333 0.711111 0.025000 0.044444
206 0.850000 0.523148 0.093750 0.287037
20 0.850000 0.683333 0.098437 0.023333
48 0.850000 0.350000 0.038333 0.068148
273 0.553646 0.725926 0.025000 0.044444
243 0.650000 0.500926 0.203125 0.361111
20 0.650000 0.698148 0.213281 0.023333
170 0.650000 0.290741 0.038333 0.068148
