310 0.182812 1.000000 0.145411 0.296825
427 0.237500 0.976852 0.136936 0.289694
488 0.303125 0.951852 0.127414 0.280350
655 0.379687 0.928704 0.116968 0.268919
196 0.456250 0.921296 0.105583 0.255387
533 0.543750 0.921296 0.105530 0.255319
584 0.620313 0.928704 0.116914 0.268851
631 0.696875 0.951852 0.127362 0.280284
617 0.762500 0.976852 0.136885 0.289630
615 0.817187 1.000000 0.145376 0.296799
4 0.033333 0.094444 0.037500 0.066667
7 0.070833 0.094444 0.037500 0.066667
131 0.108333 0.094444 0.037500 0.066667
36 0.145833 0.094444 0.037500 0.066667
93 0.183333 0.094444 0.037500 0.066667
39 0.334375 0.027778 0.033333 0.059259
11 0.363542 0.027778 0.033333 0.059259
185 0.392708 0.027778 0.033333 0.059259
238 0.421875 0.027778 0.033333 0.059259
238 0.451042 0.027778 0.033333 0.059259
14 0.247917 0.565741 0.114583 0.268519
15 0.247917 0.716667 0.120312 0.023333
50 0.195833 0.744444 0.025000 0.044444
294 0.220833 0.744444 0.025000 0.044444
337 0.245833 0.744444 0.025000 0.044444
242 0.795313 0.748148 0.025000 0.044444
80 0.820313 0.748148 0.025000 0.044444
187 0.845312 0.748148 0.025000 0.044444
482 0.850000 0.587963 0.119792 0.231481
20 0.850000 0.720370 0.125781 0.023333
216 0.850000 0.442593 0.038333 0.068148
455 0.535417 0.729630 0.025000 0.044444
469 0.560417 0.729630 0.025000 0.044444
52 0.585417 0.729630 0.025000 0.044444
275 0.610417 0.729630 0.025000 0.044444
208 0.650000 0.546296 0.239583 0.277778
20 0.650000 0.701852 0.251562 0.023333
48 0.650000 0.377778 0.038333 0.068148
