417 0.237500 1.000000 0.155649 0.335641
210 0.314063 0.968783 0.143917 0.323435
418 0.401563 0.945767 0.131037 0.308710
419 0.500000 0.931481 0.117188 0.291667
420 0.598437 0.945767 0.130975 0.308631
421 0.685938 0.968783 0.143855 0.323357
407 0.762500 1.000000 0.155588 0.335564
129 0.033333 0.094444 0.037500 0.066667
94 0.070833 0.094444 0.037500 0.066667
163 0.108333 0.094444 0.037500 0.066667
110 0.145833 0.094444 0.037500 0.066667
130 0.183333 0.094444 0.037500 0.066667
132 0.220833 0.094444 0.037500 0.066667
33 0.258333 0.094444 0.037500 0.066667
36 0.295833 0.094444 0.037500 0.066667
108 0.333333 0.094444 0.037500 0.066667
304 0.334375 0.027778 0.033333 0.059259
68 0.363542 0.027778 0.033333 0.059259
13 0.392708 0.027778 0.033333 0.059259
13 0.421875 0.027778 0.033333 0.059259
13 0.451042 0.027778 0.033333 0.059259
14 0.247917 0.565741 0.114583 0.268519
15 0.247917 0.716667 0.120312 0.023333
168 0.195833 0.744444 0.025000 0.044444
17 0.220833 0.744444 0.025000 0.044444
51 0.245833 0.744444 0.025000 0.044444
41 0.270833 0.744444 0.025000 0.044444
152 0.397917 0.748148 0.025000 0.044444
179 0.450000 0.555556 0.114583 0.296296
20 0.450000 0.720370 0.120312 0.023333
170 0.450000 0.377778 0.038333 0.068148
100 0.766667 0.738889 0.025000 0.044444
422 0.852604 0.490741 0.182292 0.407407
20 0.852604 0.711111 0.191406 0.023333
48 0.852604 0.257407 0.038333 0.068148
115 0.556250 0.743519 0.025000 0.044444
295 0.581250 0.743519 0.025000 0.044444
73 0.606250 0.743519 0.025000 0.044444
297 0.670833 0.583333 0.239583 0.231481
20 0.670833 0.715741 0.251562 0.023333
48 0.670833 0.437963 0.038333 0.068148
