342 0.314063 0.986111 0.143917 0.323435
252 0.401563 0.953704 0.131037 0.308710
594 0.500000 0.935185 0.117188 0.291667
376 0.598437 0.953704 0.130975 0.308631
90 0.685938 0.986111 0.143855 0.323357
66 0.033333 0.094444 0.037500 0.066667
7 0.070833 0.094444 0.037500 0.066667
35 0.108333 0.094444 0.037500 0.066667
36 0.145833 0.094444 0.037500 0.066667
32 0.183333 0.094444 0.037500 0.066667
93 0.220833 0.094444 0.037500 0.066667
5 0.258333 0.094444 0.037500 0.066667
65 0.295833 0.094444 0.037500 0.066667
110 0.333333 0.094444 0.037500 0.066667
94 0.370833 0.094444 0.037500 0.066667
65 0.408333 0.094444 0.037500 0.066667
113 0.334375 0.027778 0.033333 0.059259
39 0.363542 0.027778 0.033333 0.059259
272 0.392708 0.027778 0.033333 0.059259
13 0.421875 0.027778 0.033333 0.059259
13 0.451042 0.027778 0.033333 0.059259
14 0.247917 0.565741 0.114583 0.268519
15 0.247917 0.716667 0.120312 0.023333
242 0.195833 0.744444 0.025000 0.044444
222 0.220833 0.744444 0.025000 0.044444
46 0.245833 0.744444 0.025000 0.044444
293 0.621354 0.724074 0.025000 0.044444
260 0.650000 0.633333 0.067708 0.092593
20 0.650000 0.696296 0.071094 0.023333
48 0.650000 0.557407 0.038333 0.068148
220 0.811979 0.740741 0.025000 0.044444
148 0.836979 0.740741 0.025000 0.044444
77 0.861979 0.740741 0.025000 0.044444
114 0.886979 0.740741 0.025000 0.044444
81 0.845833 0.626852 0.078125 0.138889
20 0.845833 0.712963 0.082031 0.023333
82 0.845833 0.527778 0.038333 0.068148
