587 0.314063 0.986111 0.143917 0.323435
128 0.401563 0.953704 0.131037 0.308710
655 0.500000 0.935185 0.117188 0.291667
581 0.598437 0.953704 0.130975 0.308631
606 0.685938 0.986111 0.143855 0.323357
31 0.033333 0.094444 0.037500 0.066667
93 0.070833 0.094444 0.037500 0.066667
35 0.108333 0.094444 0.037500 0.066667
112 0.334375 0.027778 0.033333 0.059259
303 0.363542 0.027778 0.033333 0.059259
254 0.392708 0.027778 0.033333 0.059259
143 0.421875 0.027778 0.033333 0.059259
13 0.451042 0.027778 0.033333 0.059259
14 0.247917 0.565741 0.114583 0.268519
15 0.247917 0.716667 0.120312 0.023333
137 0.195833 0.744444 0.025000 0.044444
101 0.621354 0.724074 0.025000 0.044444
78 0.646354 0.724074 0.025000 0.044444
151 0.671354 0.724074 0.025000 0.044444
260 0.650000 0.633333 0.067708 0.092593
20 0.650000 0.696296 0.071094 0.023333
48 0.650000 0.557407 0.038333 0.068148
294 0.751042 0.743519 0.025000 0.044444
338 0.850000 0.509259 0.208333 0.379630
20 0.850000 0.715741 0.218750 0.023333
48 0.850000 0.289815 0.038333 0.068148
