525 0.237500 1.000000 0.155649 0.335641
253 0.314063 0.968783 0.143917 0.323435
350 0.401563 0.945767 0.131037 0.308710
301 0.500000 0.931481 0.117188 0.291667
223 0.598437 0.945767 0.130975 0.308631
652 0.685938 0.968783 0.143855 0.323357
85 0.762500 1.000000 0.155588 0.335564
66 0.033333 0.094444 0.037500 0.066667
32 0.070833 0.094444 0.037500 0.066667
34 0.108333 0.094444 0.037500 0.066667
173 0.145833 0.094444 0.037500 0.066667
34 0.183333 0.094444 0.037500 0.066667
11 0.334375 0.027778 0.033333 0.059259
254 0.363542 0.027778 0.033333 0.059259
40 0.392708 0.027778 0.033333 0.059259
13 0.421875 0.027778 0.033333 0.059259
13 0.451042 0.027778 0.033333 0.059259
14 0.247917 0.565741 0.114583 0.268519
15 0.247917 0.716667 0.120312 0.023333
242 0.195833 0.744444 0.025000 0.044444
202 0.220833 0.744444 0.025000 0.044444
292 0.751042 0.731481 0.025000 0.044444
119 0.776042 0.731481 0.025000 0.044444
328 0.801042 0.731481 0.025000 0.044444
256 0.826042 0.731481 0.025000 0.044444
19 0.850000 0.525000 0.208333 0.324074
20 0.850000 0.703704 0.218750 0.023333
21 0.850000 0.333333 0.038333 0.068148
