322 0.270312 0.986111 0.149899 0.329824
612 0.357812 0.949074 0.137609 0.316375
498 0.452969 0.925926 0.124215 0.300456
218 0.547031 0.925926 0.124152 0.300376
593 0.642187 0.949074 0.137546 0.316296
579 0.729688 0.986111 0.149838 0.329746
28 0.033333 0.094444 0.037500 0.066667
39 0.334375 0.027778 0.033333 0.059259
9 0.363542 0.027778 0.033333 0.059259
13 0.392708 0.027778 0.033333 0.059259
13 0.421875 0.027778 0.033333 0.059259
13 0.451042 0.027778 0.033333 0.059259
14 0.247917 0.565741 0.114583 0.268519
15 0.247917 0.716667 0.120312 0.023333
54 0.195833 0.744444 0.025000 0.044444
356 0.220833 0.744444 0.025000 0.044444
357 0.803125 0.729630 0.025000 0.044444
382 0.850000 0.583333 0.104167 0.203704
20 0.850000 0.701852 0.109375 0.023333
48 0.850000 0.451852 0.038333 0.068148
270 0.611979 0.740741 0.025000 0.044444
313 0.636979 0.740741 0.025000 0.044444
357 0.661979 0.740741 0.025000 0.044444
81 0.645833 0.626852 0.078125 0.138889
20 0.645833 0.712963 0.082031 0.023333
48 0.645833 0.527778 0.038333 0.068148
305 0.335417 0.729630 0.025000 0.044444
50 0.360417 0.729630 0.025000 0.044444
208 0.450000 0.546296 0.239583 0.277778
20 0.450000 0.701852 0.251562 0.023333
48 0.450000 0.377778 0.038333 0.068148
