586 0.401563 0.953704 0.131037 0.308710
540 0.500000 0.925926 0.117188 0.291667
636 0.598437 0.953704 0.130975 0.308631
6 0.033333 0.094444 0.037500 0.066667
92 0.070833 0.094444 0.037500 0.066667
4 0.108333 0.094444 0.037500 0.066667
173 0.145833 0.094444 0.037500 0.066667
7 0.183333 0.094444 0.037500 0.066667
110 0.220833 0.094444 0.037500 0.066667
129 0.258333 0.094444 0.037500 0.066667
163 0.295833 0.094444 0.037500 0.066667
8 0.333333 0.094444 0.037500 0.066667
163 0.370833 0.094444 0.037500 0.066667
32 0.408333 0.094444 0.037500 0.066667
8 0.445833 0.094444 0.037500 0.066667
67 0.483333 0.094444 0.037500 0.066667
33 0.520833 0.094444 0.037500 0.066667
29 0.558333 0.094444 0.037500 0.066667
38 0.595833 0.094444 0.037500 0.066667
33 0.633333 0.094444 0.037500 0.066667
110 0.670833 0.094444 0.037500 0.066667
133 0.334375 0.027778 0.033333 0.059259
336 0.363542 0.027778 0.033333 0.059259
377 0.392708 0.027778 0.033333 0.059259
290 0.421875 0.027778 0.033333 0.059259
13 0.451042 0.027778 0.033333 0.059259
14 0.247917 0.565741 0.114583 0.268519
15 0.247917 0.716667 0.120312 0.023333
390 0.195833 0.744444 0.025000 0.044444
414 0.220833 0.744444 0.025000 0.044444
205 0.245833 0.744444 0.025000 0.044444
50 0.270833 0.744444 0.025000 0.044444
454 0.558854 0.748148 0.025000 0.044444
470 0.634375 0.562500 0.161458 0.282407
20 0.634375 0.720370 0.169531 0.023333
170 0.634375 0.391667 0.038333 0.068148
371 0.842188 0.728704 0.025000 0.044444
425 0.867188 0.728704 0.025000 0.044444
138 0.892187 0.728704 0.025000 0.044444
41 0.917188 0.728704 0.025000 0.044444
396 0.870833 0.600926 0.067708 0.166667
20 0.870833 0.700926 0.071094 0.023333
158 0.870833 0.487963 0.038333 0.068148
156 0.346875 0.729630 0.025000 0.044444
121 0.465625 0.495370 0.247917 0.379630
20 0.465625 0.701852 0.260312 0.023333
48 0.465625 0.275926 0.038333 0.068148
