644 0.226563 1.000000 0.153046 0.323776
423 0.300938 0.968750 0.142404 0.313332
345 0.379687 0.943287 0.130728 0.300556
309 0.458438 0.925926 0.118005 0.285433
564 0.541562 0.925926 0.117945 0.285357
25 0.620313 0.943287 0.130669 0.300481
343 0.693594 0.968750 0.142346 0.313258
609 0.773438 1.000000 0.152989 0.323704
129 0.033333 0.094444 0.037500 0.066667
199 0.070833 0.094444 0.037500 0.066667
110 0.108333 0.094444 0.037500 0.066667
92 0.145833 0.094444 0.037500 0.066667
110 0.183333 0.094444 0.037500 0.066667
36 0.220833 0.094444 0.037500 0.066667
38 0.258333 0.094444 0.037500 0.066667
38 0.295833 0.094444 0.037500 0.066667
4 0.333333 0.094444 0.037500 0.066667
93 0.370833 0.094444 0.037500 0.066667
174 0.334375 0.027778 0.033333 0.059259
200 0.363542 0.027778 0.033333 0.059259
145 0.392708 0.027778 0.033333 0.059259
13 0.421875 0.027778 0.033333 0.059259
13 0.451042 0.027778 0.033333 0.059259
14 0.247917 0.565741 0.114583 0.268519
15 0.247917 0.716667 0.120312 0.023333
114 0.195833 0.744444 0.025000 0.044444
414 0.423958 0.706481 0.025000 0.044444
50 0.448958 0.706481 0.025000 0.044444
71 0.450000 0.569444 0.062500 0.185185
20 0.450000 0.678704 0.065625 0.023333
72 0.450000 0.447222 0.038333 0.068148
268 0.611979 0.740741 0.025000 0.044444
424 0.636979 0.740741 0.025000 0.044444
327 0.661979 0.740741 0.025000 0.044444
205 0.686979 0.740741 0.025000 0.044444
81 0.645833 0.626852 0.078125 0.138889
20 0.645833 0.712963 0.082031 0.023333
82 0.645833 0.527778 0.038333 0.068148
481 0.753646 0.729630 0.025000 0.044444
415 0.778646 0.729630 0.025000 0.044444
357 0.803646 0.729630 0.025000 0.044444
383 0.850000 0.504630 0.203125 0.361111
20 0.850000 0.701852 0.213281 0.023333
216 0.850000 0.294444 0.038333 0.068148
