260 0.182812 1.000000 0.145411 0.296825
601 0.237500 0.976852 0.136936 0.289694
350 0.303125 0.951852 0.127414 0.280350
72 0.379687 0.928704 0.116968 0.268919
277 0.456250 0.921296 0.105583 0.255387
160 0.543750 0.921296 0.105530 0.255319
641 0.620313 0.928704 0.116914 0.268851
202 0.696875 0.951852 0.127362 0.280284
313 0.762500 0.976852 0.136885 0.289630
651 0.817187 1.000000 0.145376 0.296799
97 0.033333 0.094444 0.037500 0.066667
40 0.070833 0.094444 0.037500 0.066667
178 0.108333 0.094444 0.037500 0.066667
165 0.334375 0.027778 0.033333 0.059259
375 0.363542 0.027778 0.033333 0.059259
204 0.392708 0.027778 0.033333 0.059259
289 0.421875 0.027778 0.033333 0.059259
13 0.451042 0.027778 0.033333 0.059259
14 0.247917 0.565741 0.114583 0.268519
15 0.247917 0.716667 0.120312 0.023333
239 0.195833 0.744444 0.025000 0.044444
206 0.220833 0.744444 0.025000 0.044444
417 0.245833 0.744444 0.025000 0.044444
226 0.270833 0.744444 0.025000 0.044444
106 0.797917 0.748148 0.025000 0.044444
112 0.822917 0.748148 0.025000 0.044444
16 0.847917 0.748148 0.025000 0.044444
545 0.850000 0.555556 0.114583 0.296296
23 0.850000 0.720370 0.120312 0.023333
57 0.850000 0.377778 0.038333 0.068148
