648 0.182812 1.000000 0.145411 0.296825
556 0.237500 0.976852 0.136936 0.289694
624 0.303125 0.951852 0.127414 0.280350
479 0.379687 0.928704 0.116968 0.268919
634 0.456250 0.921296 0.105583 0.255387
622 0.543750 0.921296 0.105530 0.255319
375 0.620313 0.928704 0.116914 0.268851
651 0.696875 0.951852 0.127362 0.280284
473 0.762500 0.976852 0.136885 0.289630
487 0.817187 1.000000 0.145376 0.296799
64 0.033333 0.094444 0.037500 0.066667
29 0.070833 0.094444 0.037500 0.066667
66 0.108333 0.094444 0.037500 0.066667
29 0.145833 0.094444 0.037500 0.066667
28 0.183333 0.094444 0.037500 0.066667
184 0.220833 0.094444 0.037500 0.066667
31 0.258333 0.094444 0.037500 0.066667
132 0.295833 0.094444 0.037500 0.066667
64 0.333333 0.094444 0.037500 0.066667
28 0.370833 0.094444 0.037500 0.066667
129 0.408333 0.094444 0.037500 0.066667
129 0.445833 0.094444 0.037500 0.066667
199 0.483333 0.094444 0.037500 0.066667
34 0.520833 0.094444 0.037500 0.066667
4 0.558333 0.094444 0.037500 0.066667
184 0.595833 0.094444 0.037500 0.066667
107 0.633333 0.094444 0.037500 0.066667
34 0.670833 0.094444 0.037500 0.066667
6 0.708333 0.094444 0.037500 0.066667
132 0.745833 0.094444 0.037500 0.066667
303 0.334375 0.027778 0.033333 0.059259
40 0.363542 0.027778 0.033333 0.059259
304 0.392708 0.027778 0.033333 0.059259
13 0.421875 0.027778 0.033333 0.059259
13 0.451042 0.027778 0.033333 0.059259
14 0.247917 0.565741 0.114583 0.268519
15 0.247917 0.716667 0.120312 0.023333
299 0.195833 0.744444 0.025000 0.044444
347 0.220833 0.744444 0.025000 0.044444
122 0.740625 0.739815 0.025000 0.044444
74 0.765625 0.739815 0.025000 0.044444
446 0.852604 0.551852 0.234375 0.287037
20 0.852604 0.712037 0.246094 0.023333
170 0.852604 0.378704 0.038333 0.068148
