652 0.448594 0.925926 0.124215 0.300456
349 0.557969 0.925926 0.124152 0.300376
28 0.033333 0.094444 0.037500 0.066667
65 0.070833 0.094444 0.037500 0.066667
35 0.108333 0.094444 0.037500 0.066667
107 0.145833 0.094444 0.037500 0.066667
66 0.183333 0.094444 0.037500 0.066667
66 0.220833 0.094444 0.037500 0.066667
108 0.258333 0.094444 0.037500 0.066667
29 0.295833 0.094444 0.037500 0.066667
91 0.333333 0.094444 0.037500 0.066667
130 0.370833 0.094444 0.037500 0.066667
173 0.408333 0.094444 0.037500 0.066667
8 0.445833 0.094444 0.037500 0.066667
64 0.483333 0.094444 0.037500 0.066667
5 0.520833 0.094444 0.037500 0.066667
67 0.558333 0.094444 0.037500 0.066667
33 0.595833 0.094444 0.037500 0.066667
67 0.633333 0.094444 0.037500 0.066667
31 0.670833 0.094444 0.037500 0.066667
30 0.708333 0.094444 0.037500 0.066667
65 0.745833 0.094444 0.037500 0.066667
255 0.334375 0.027778 0.033333 0.059259
186 0.363542 0.027778 0.033333 0.059259
145 0.392708 0.027778 0.033333 0.059259
13 0.421875 0.027778 0.033333 0.059259
13 0.451042 0.027778 0.033333 0.059259
14 0.247917 0.565741 0.114583 0.268519
15 0.247917 0.716667 0.120312 0.023333
74 0.195833 0.744444 0.025000 0.044444
151 0.220833 0.744444 0.025000 0.044444
483 0.245833 0.744444 0.025000 0.044444
327 0.582292 0.720370 0.025000 0.044444
337 0.607292 0.720370 0.025000 0.044444
408 0.632292 0.720370 0.025000 0.044444
601 0.650000 0.546296 0.145833 0.259259
20 0.650000 0.692593 0.153125 0.023333
167 0.650000 0.387037 0.038333 0.068148
116 0.784896 0.641667 0.025000 0.044444
406 0.809896 0.641667 0.025000 0.044444
157 0.857813 0.416667 0.156250 0.361111
20 0.857813 0.613889 0.164063 0.023333
158 0.857813 0.206481 0.038333 0.068148
266 0.411979 0.740741 0.025000 0.044444
54 0.436979 0.740741 0.025000 0.044444
202 0.461979 0.740741 0.025000 0.044444
81 0.445833 0.626852 0.078125 0.138889
20 0.445833 0.712963 0.082031 0.023333
82 0.445833 0.527778 0.038333 0.068148
