532 0.182812 1.000000 0.145411 0.296825
648 0.237500 0.976852 0.136936 0.289694
604 0.303125 0.951852 0.127414 0.280350
645 0.379687 0.928704 0.116968 0.268919
471 0.456250 0.921296 0.105583 0.255387
510 0.543750 0.921296 0.105530 0.255319
594 0.620313 0.928704 0.116914 0.268851
451 0.696875 0.951852 0.127362 0.280284
86 0.762500 0.976852 0.136885 0.289630
248 0.817187 1.000000 0.145376 0.296799
30 0.033333 0.094444 0.037500 0.066667
132 0.070833 0.094444 0.037500 0.066667
130 0.108333 0.094444 0.037500 0.066667
8 0.145833 0.094444 0.037500 0.066667
110 0.183333 0.094444 0.037500 0.066667
91 0.220833 0.094444 0.037500 0.066667
94 0.258333 0.094444 0.037500 0.066667
29 0.295833 0.094444 0.037500 0.066667
107 0.333333 0.094444 0.037500 0.066667
30 0.370833 0.094444 0.037500 0.066667
28 0.408333 0.094444 0.037500 0.066667
6 0.445833 0.094444 0.037500 0.066667
28 0.483333 0.094444 0.037500 0.066667
131 0.520833 0.094444 0.037500 0.066667
34 0.558333 0.094444 0.037500 0.066667
33 0.595833 0.094444 0.037500 0.066667
10 0.334375 0.027778 0.033333 0.059259
112 0.363542 0.027778 0.033333 0.059259
96 0.392708 0.027778 0.033333 0.059259
324 0.421875 0.027778 0.033333 0.059259
336 0.451042 0.027778 0.033333 0.059259
14 0.247917 0.565741 0.114583 0.268519
15 0.247917 0.716667 0.120312 0.023333
50 0.195833 0.744444 0.025000 0.044444
79 0.220833 0.744444 0.025000 0.044444
137 0.245833 0.744444 0.025000 0.044444
207 0.270833 0.744444 0.025000 0.044444
215 0.774479 0.725926 0.025000 0.044444
276 0.799479 0.725926 0.025000 0.044444
279 0.860417 0.561111 0.182292 0.240741
20 0.860417 0.698148 0.191406 0.023333
280 0.860417 0.411111 0.038333 0.068148
