373 0.237500 1.000000 0.155649 0.335641
431 0.314063 0.968783 0.143917 0.323435
507 0.401563 0.945767 0.131037 0.308710
605 0.500000 0.931481 0.117188 0.291667
579 0.598437 0.945767 0.130975 0.308631
360 0.685938 0.968783 0.143855 0.323357
598 0.762500 1.000000 0.155588 0.335564
6 0.033333 0.094444 0.037500 0.066667
132 0.070833 0.094444 0.037500 0.066667
36 0.108333 0.094444 0.037500 0.066667
8 0.145833 0.094444 0.037500 0.066667
67 0.183333 0.094444 0.037500 0.066667
93 0.220833 0.094444 0.037500 0.066667
67 0.258333 0.094444 0.037500 0.066667
67 0.295833 0.094444 0.037500 0.066667
184 0.333333 0.094444 0.037500 0.066667
130 0.370833 0.094444 0.037500 0.066667
28 0.408333 0.094444 0.037500 0.066667
214 0.334375 0.027778 0.033333 0.059259
68 0.363542 0.027778 0.033333 0.059259
214 0.392708 0.027778 0.033333 0.059259
381 0.421875 0.027778 0.033333 0.059259
13 0.451042 0.027778 0.033333 0.059259
14 0.247917 0.565741 0.114583 0.268519
15 0.247917 0.716667 0.120312 0.023333
188 0.195833 0.744444 0.025000 0.044444
176 0.735417 0.729630 0.025000 0.044444
55 0.760417 0.729630 0.025000 0.044444
483 0.785417 0.729630 0.025000 0.044444
208 0.850000 0.546296 0.239583 0.277778
20 0.850000 0.701852 0.251562 0.023333
48 0.850000 0.377778 0.038333 0.068148
