595 0.314063 0.986111 0.143917 0.323435
606 0.401563 0.953704 0.131037 0.308710
59 0.500000 0.935185 0.117188 0.291667
389 0.598437 0.953704 0.130975 0.308631
653 0.685938 0.986111 0.143855 0.323357
64 0.033333 0.094444 0.037500 0.066667
130 0.070833 0.094444 0.037500 0.066667
130 0.108333 0.094444 0.037500 0.066667
29 0.145833 0.094444 0.037500 0.066667
92 0.183333 0.094444 0.037500 0.066667
32 0.220833 0.094444 0.037500 0.066667
35 0.258333 0.094444 0.037500 0.066667
34 0.295833 0.094444 0.037500 0.066667
32 0.333333 0.094444 0.037500 0.066667
65 0.370833 0.094444 0.037500 0.066667
6 0.408333 0.094444 0.037500 0.066667
28 0.445833 0.094444 0.037500 0.066667
93 0.483333 0.094444 0.037500 0.066667
66 0.520833 0.094444 0.037500 0.066667
199 0.558333 0.094444 0.037500 0.066667
93 0.595833 0.094444 0.037500 0.066667
8 0.633333 0.094444 0.037500 0.066667
6 0.670833 0.094444 0.037500 0.066667
107 0.708333 0.094444 0.037500 0.066667
303 0.334375 0.027778 0.033333 0.059259
214 0.363542 0.027778 0.033333 0.059259
200 0.392708 0.027778 0.033333 0.059259
13 0.421875 0.027778 0.033333 0.059259
13 0.451042 0.027778 0.033333 0.059259
14 0.247917 0.565741 0.114583 0.268519
15 0.247917 0.716667 0.120312 0.023333
155 0.195833 0.744444 0.025000 0.044444
390 0.220833 0.744444 0.025000 0.044444
259 0.245833 0.744444 0.025000 0.044444
178 0.270833 0.744444 0.025000 0.044444
70 0.574479 0.725926 0.025000 0.044444
203 0.599479 0.725926 0.025000 0.044444
401 0.624479 0.725926 0.025000 0.044444
279 0.660417 0.561111 0.182292 0.240741
20 0.660417 0.698148 0.191406 0.023333
280 0.660417 0.411111 0.038333 0.068148
175 0.795313 0.748148 0.025000 0.044444
482 0.850000 0.587963 0.119792 0.231481
20 0.850000 0.720370 0.125781 0.023333
216 0.850000 0.442593 0.038333 0.068148
