26 0.182812 1.000000 0.145411 0.296825
0 0.237500 0.976852 0.136936 0.289694
375 0.303125 0.951852 0.127414 0.280350
380 0.379687 0.928704 0.116968 0.268919
340 0.456250 0.921296 0.105583 0.255387
630 0.543750 0.921296 0.105530 0.255319
619 0.620313 0.928704 0.116914 0.268851
300 0.696875 0.951852 0.127362 0.280284
106 0.762500 0.976852 0.136885 0.289630
466 0.817187 1.000000 0.145376 0.296799
199 0.033333 0.094444 0.037500 0.066667
34 0.070833 0.094444 0.037500 0.066667
66 0.108333 0.094444 0.037500 0.066667
67 0.145833 0.094444 0.037500 0.066667
65 0.183333 0.094444 0.037500 0.066667
5 0.220833 0.094444 0.037500 0.066667
7 0.258333 0.094444 0.037500 0.066667
8 0.295833 0.094444 0.037500 0.066667
29 0.333333 0.094444 0.037500 0.066667
132 0.370833 0.094444 0.037500 0.066667
64 0.408333 0.094444 0.037500 0.066667
6 0.445833 0.094444 0.037500 0.066667
5 0.483333 0.094444 0.037500 0.066667
95 0.334375 0.027778 0.033333 0.059259
145 0.363542 0.027778 0.033333 0.059259
13 0.392708 0.027778 0.033333 0.059259
13 0.421875 0.027778 0.033333 0.059259
13 0.451042 0.027778 0.033333 0.059259
14 0.247917 0.565741 0.114583 0.268519
15 0.247917 0.716667 0.120312 0.023333
205 0.195833 0.744444 0.025000 0.044444
222 0.220833 0.744444 0.025000 0.044444
276 0.808333 0.725000 0.025000 0.044444
356 0.833333 0.725000 0.025000 0.044444
325 0.858333 0.725000 0.025000 0.044444
102 0.850000 0.615741 0.093750 0.129630
20 0.850000 0.697222 0.098437 0.023333
216 0.850000 0.521296 0.038333 0.068148
266 0.403125 0.743519 0.025000 0.044444
165 0.428125 0.743519 0.025000 0.044444
104 0.453125 0.743519 0.025000 0.044444
69 0.478125 0.743519 0.025000 0.044444
368 0.450000 0.555556 0.104167 0.287037
20 0.450000 0.715741 0.109375 0.023333
48 0.450000 0.382407 0.038333 0.068148
416 0.597917 0.737037 0.025000 0.044444
203 0.622917 0.737037 0.025000 0.044444
347 0.647917 0.737037 0.025000 0.044444
118 0.672917 0.737037 0.025000 0.044444
426 0.644792 0.562963 0.104167 0.259259
20 0.644792 0.709259 0.109375 0.023333
170 0.644792 0.403704 0.038333 0.068148
