7 0.401563 0.953704 0.131037 0.308710
32 0.500000 0.925926 0.117188 0.291667
610 0.598437 0.953704 0.130975 0.308631
77 0.033333 0.094444 0.037500 0.066667
140 0.070833 0.094444 0.037500 0.066667
41 0.108333 0.094444 0.037500 0.066667
139 0.145833 0.094444 0.037500 0.066667
43 0.183333 0.094444 0.037500 0.066667
40 0.220833 0.094444 0.037500 0.066667
162 0.258333 0.094444 0.037500 0.066667
77 0.295833 0.094444 0.037500 0.066667
45 0.333333 0.094444 0.037500 0.066667
9 0.370833 0.094444 0.037500 0.066667
178 0.408333 0.094444 0.037500 0.066667
11 0.445833 0.094444 0.037500 0.066667
139 0.483333 0.094444 0.037500 0.066667
164 0.520833 0.094444 0.037500 0.066667
118 0.558333 0.094444 0.037500 0.066667
188 0.595833 0.094444 0.037500 0.066667
10 0.633333 0.094444 0.037500 0.066667
76 0.670833 0.094444 0.037500 0.066667
188 0.708333 0.094444 0.037500 0.066667
98 0.745833 0.094444 0.037500 0.066667
102 0.334375 0.027778 0.033333 0.059259
416 0.363542 0.027778 0.033333 0.059259
122 0.392708 0.027778 0.033333 0.059259
189 0.421875 0.027778 0.033333 0.059259
308 0.451042 0.027778 0.033333 0.059259
14 0.247917 0.565741 0.114583 0.268519
15 0.247917 0.716667 0.120312 0.023333
81 0.195833 0.744444 0.025000 0.044444
338 0.220833 0.744444 0.025000 0.044444
344 0.245833 0.744444 0.025000 0.044444
271 0.270833 0.744444 0.025000 0.044444
310 0.740625 0.734259 0.025000 0.044444
110 0.765625 0.734259 0.025000 0.044444
304 0.790625 0.734259 0.025000 0.044444
257 0.815625 0.734259 0.025000 0.044444
195 0.850000 0.527778 0.229167 0.324074
23 0.850000 0.706481 0.240625 0.023333
196 0.850000 0.336111 0.038333 0.068148
