298 0.226563 1.000000 0.153046 0.323776
183 0.300938 0.968750 0.142404 0.313332
624 0.379687 0.943287 0.130728 0.300556
334 0.458438 0.925926 0.118005 0.285433
365 0.541562 0.925926 0.117945 0.285357
380 0.620313 0.943287 0.130669 0.300481
407 0.693594 0.968750 0.142346 0.313258
418 0.773438 1.000000 0.152989 0.323704
31 0.033333 0.094444 0.037500 0.066667
91 0.070833 0.094444 0.037500 0.066667
129 0.108333 0.094444 0.037500 0.066667
64 0.145833 0.094444 0.037500 0.066667
131 0.183333 0.094444 0.037500 0.066667
32 0.220833 0.094444 0.037500 0.066667
29 0.258333 0.094444 0.037500 0.066667
28 0.295833 0.094444 0.037500 0.066667
113 0.334375 0.027778 0.033333 0.059259
68 0.363542 0.027778 0.033333 0.059259
143 0.392708 0.027778 0.033333 0.059259
13 0.421875 0.027778 0.033333 0.059259
13 0.451042 0.027778 0.033333 0.059259
14 0.247917 0.565741 0.114583 0.268519
15 0.247917 0.716667 0.120312 0.023333
205 0.195833 0.744444 0.025000 0.044444
295 0.220833 0.744444 0.025000 0.044444
481 0.245833 0.744444 0.025000 0.044444
175 0.548437 0.738889 0.025000 0.044444
134 0.573438 0.738889 0.025000 0.044444
227 0.598437 0.738889 0.025000 0.044444
414 0.623438 0.738889 0.025000 0.044444
169 0.613542 0.518519 0.140625 0.351852
20 0.613542 0.711111 0.147656 0.023333
48 0.597917 0.312963 0.038333 0.068148
118 0.784896 0.738889 0.025000 0.044444
53 0.850000 0.509259 0.140625 0.370370
20 0.850000 0.711111 0.147656 0.023333
331 0.850000 0.294444 0.038333 0.068148
414 0.411979 0.740741 0.025000 0.044444
49 0.436979 0.740741 0.025000 0.044444
81 0.445833 0.626852 0.078125 0.138889
20 0.445833 0.712963 0.082031 0.023333
82 0.445833 0.527778 0.038333 0.068148
