582 0.314063 0.986111 0.143917 0.323435
514 0.401563 0.953704 0.131037 0.308710
579 0.500000 0.935185 0.117188 0.291667
467 0.598437 0.953704 0.130975 0.308631
619 0.685938 0.986111 0.143855 0.323357
5 0.033333 0.094444 0.037500 0.066667
92 0.070833 0.094444 0.037500 0.066667
94 0.108333 0.094444 0.037500 0.066667
93 0.145833 0.094444 0.037500 0.066667
66 0.183333 0.094444 0.037500 0.066667
7 0.220833 0.094444 0.037500 0.066667
110 0.258333 0.094444 0.037500 0.066667
35 0.295833 0.094444 0.037500 0.066667
94 0.333333 0.094444 0.037500 0.066667
131 0.370833 0.094444 0.037500 0.066667
35 0.408333 0.094444 0.037500 0.066667
9 0.334375 0.027778 0.033333 0.059259
324 0.363542 0.027778 0.033333 0.059259
272 0.392708 0.027778 0.033333 0.059259
255 0.421875 0.027778 0.033333 0.059259
13 0.451042 0.027778 0.033333 0.059259
14 0.247917 0.565741 0.114583 0.268519
15 0.247917 0.716667 0.120312 0.023333
274 0.195833 0.744444 0.025000 0.044444
269 0.805729 0.757407 0.025000 0.044444
139 0.830729 0.757407 0.025000 0.044444
137 0.855729 0.757407 0.025000 0.044444
70 0.880729 0.757407 0.025000 0.044444
141 0.852604 0.583333 0.104167 0.259259
20 0.852604 0.729630 0.109375 0.023333
82 0.852604 0.424074 0.038333 0.068148
123 0.582812 0.734259 0.025000 0.044444
17 0.607813 0.734259 0.025000 0.044444
485 0.642708 0.537037 0.130208 0.305556
20 0.642708 0.706481 0.136719 0.023333
48 0.642708 0.354630 0.038333 0.068148
306 0.411979 0.724074 0.025000 0.044444
315 0.445833 0.610185 0.078125 0.138889
20 0.445833 0.696296 0.082031 0.023333
48 0.445833 0.511111 0.038333 0.068148
