132 0.448594 0.925926 0.124215 0.300456
232 0.557969 0.925926 0.124152 0.300376
47 0.033333 0.094444 0.037500 0.066667
40 0.070833 0.094444 0.037500 0.066667
261 0.108333 0.094444 0.037500 0.066667
98 0.145833 0.094444 0.037500 0.066667
163 0.183333 0.094444 0.037500 0.066667
137 0.220833 0.094444 0.037500 0.066667
9 0.258333 0.094444 0.037500 0.066667
99 0.295833 0.094444 0.037500 0.066667
43 0.333333 0.094444 0.037500 0.066667
44 0.370833 0.094444 0.037500 0.066667
10 0.408333 0.094444 0.037500 0.066667
402 0.334375 0.027778 0.033333 0.059259
375 0.363542 0.027778 0.033333 0.059259
316 0.392708 0.027778 0.033333 0.059259
122 0.421875 0.027778 0.033333 0.059259
181 0.451042 0.027778 0.033333 0.059259
14 0.247917 0.565741 0.114583 0.268519
15 0.247917 0.716667 0.120312 0.023333
417 0.195833 0.744444 0.025000 0.044444
183 0.220833 0.744444 0.025000 0.044444
192 0.245833 0.744444 0.025000 0.044444
227 0.270833 0.744444 0.025000 0.044444
125 0.784896 0.641667 0.025000 0.044444
54 0.809896 0.641667 0.025000 0.044444
64 0.834896 0.641667 0.025000 0.044444
106 0.859896 0.641667 0.025000 0.044444
113 0.857813 0.416667 0.156250 0.361111
23 0.857813 0.613889 0.164063 0.023333
114 0.857813 0.206481 0.038333 0.068148
