62 0.500000 0.925926 0.117188 0.291667
65 0.033333 0.094444 0.037500 0.066667
12 0.334375 0.027778 0.033333 0.059259
186 0.363542 0.027778 0.033333 0.059259
381 0.392708 0.027778 0.033333 0.059259
200 0.421875 0.027778 0.033333 0.059259
11 0.451042 0.027778 0.033333 0.059259
14 0.247917 0.565741 0.114583 0.268519
15 0.247917 0.716667 0.120312 0.023333
46 0.195833 0.744444 0.025000 0.044444
256 0.220833 0.744444 0.025000 0.044444
275 0.758854 0.725000 0.025000 0.044444
416 0.783854 0.725000 0.025000 0.044444
274 0.808854 0.725000 0.025000 0.044444
476 0.850000 0.523148 0.192708 0.314815
20 0.850000 0.697222 0.202344 0.023333
48 0.850000 0.336111 0.038333 0.068148
