604 0.448594 0.925926 0.124215 0.300456
593 0.557969 0.925926 0.124152 0.300376
184 0.033333 0.094444 0.037500 0.066667
92 0.070833 0.094444 0.037500 0.066667
31 0.108333 0.094444 0.037500 0.066667
131 0.145833 0.094444 0.037500 0.066667
8 0.183333 0.094444 0.037500 0.066667
35 0.220833 0.094444 0.037500 0.066667
8 0.258333 0.094444 0.037500 0.066667
163 0.295833 0.094444 0.037500 0.066667
38 0.333333 0.094444 0.037500 0.066667
129 0.370833 0.094444 0.037500 0.066667
37 0.408333 0.094444 0.037500 0.066667
109 0.445833 0.094444 0.037500 0.066667
30 0.483333 0.094444 0.037500 0.066667
28 0.520833 0.094444 0.037500 0.066667
32 0.558333 0.094444 0.037500 0.066667
107 0.595833 0.094444 0.037500 0.066667
131 0.633333 0.094444 0.037500 0.066667
31 0.670833 0.094444 0.037500 0.066667
129 0.708333 0.094444 0.037500 0.066667
7 0.745833 0.094444 0.037500 0.066667
40 0.334375 0.027778 0.033333 0.059259
9 0.363542 0.027778 0.033333 0.059259
303 0.392708 0.027778 0.033333 0.059259
144 0.421875 0.027778 0.033333 0.059259
39 0.451042 0.027778 0.033333 0.059259
14 0.247917 0.565741 0.114583 0.268519
15 0.247917 0.716667 0.120312 0.023333
481 0.195833 0.744444 0.025000 0.044444
454 0.220833 0.744444 0.025000 0.044444
188 0.245833 0.744444 0.025000 0.044444
147 0.777083 0.729630 0.025000 0.044444
464 0.850000 0.601852 0.156250 0.166667
20 0.850000 0.701852 0.164063 0.023333
48 0.850000 0.488889 0.038333 0.068148
114 0.582812 0.734259 0.025000 0.044444
156 0.607813 0.734259 0.025000 0.044444
228 0.632813 0.734259 0.025000 0.044444
485 0.642708 0.537037 0.130208 0.305556
20 0.642708 0.706481 0.136719 0.023333
48 0.642708 0.354630 0.038333 0.068148
