619 0.401563 0.953704 0.131037 0.308710
617 0.500000 0.925926 0.117188 0.291667
616 0.598437 0.953704 0.130975 0.308631
6 0.033333 0.094444 0.037500 0.066667
30 0.070833 0.094444 0.037500 0.066667
92 0.108333 0.094444 0.037500 0.066667
30 0.145833 0.094444 0.037500 0.066667
28 0.183333 0.094444 0.037500 0.066667
107 0.220833 0.094444 0.037500 0.066667
109 0.258333 0.094444 0.037500 0.066667
35 0.295833 0.094444 0.037500 0.066667
199 0.333333 0.094444 0.037500 0.066667
91 0.370833 0.094444 0.037500 0.066667
93 0.408333 0.094444 0.037500 0.066667
5 0.445833 0.094444 0.037500 0.066667
93 0.483333 0.094444 0.037500 0.066667
94 0.520833 0.094444 0.037500 0.066667
11 0.334375 0.027778 0.033333 0.059259
13 0.363542 0.027778 0.033333 0.059259
13 0.392708 0.027778 0.033333 0.059259
13 0.421875 0.027778 0.033333 0.059259
13 0.451042 0.027778 0.033333 0.059259
14 0.247917 0.565741 0.114583 0.268519
15 0.247917 0.716667 0.120312 0.023333
291 0.195833 0.744444 0.025000 0.044444
74 0.220833 0.744444 0.025000 0.044444
46 0.803125 0.729630 0.025000 0.044444
137 0.828125 0.729630 0.025000 0.044444
41 0.853125 0.729630 0.025000 0.044444
305 0.878125 0.729630 0.025000 0.044444
531 0.850000 0.583333 0.104167 0.203704
20 0.850000 0.701852 0.109375 0.023333
48 0.850000 0.451852 0.038333 0.068148
259 0.621354 0.724074 0.025000 0.044444
49 0.646354 0.724074 0.025000 0.044444
260 0.650000 0.633333 0.067708 0.092593
20 0.650000 0.696296 0.071094 0.023333
48 0.650000 0.557407 0.038333 0.068148
