2 0.270312 0.986111 0.149899 0.329824
508 0.357812 0.949074 0.137609 0.316375
283 0.452969 0.925926 0.124215 0.300456
196 0.547031 0.925926 0.124152 0.300376
191 0.642187 0.949074 0.137546 0.316296
309 0.729688 0.986111 0.149838 0.329746
6 0.033333 0.094444 0.037500 0.066667
8 0.070833 0.094444 0.037500 0.066667
37 0.108333 0.094444 0.037500 0.066667
131 0.145833 0.094444 0.037500 0.066667
7 0.183333 0.094444 0.037500 0.066667
110 0.220833 0.094444 0.037500 0.066667
131 0.258333 0.094444 0.037500 0.066667
29 0.295833 0.094444 0.037500 0.066667
113 0.334375 0.027778 0.033333 0.059259
111 0.363542 0.027778 0.033333 0.059259
13 0.392708 0.027778 0.033333 0.059259
13 0.421875 0.027778 0.033333 0.059259
13 0.451042 0.027778 0.033333 0.059259
14 0.247917 0.565741 0.114583 0.268519
15 0.247917 0.716667 0.120312 0.023333
226 0.195833 0.744444 0.025000 0.044444
292 0.377083 0.729630 0.025000 0.044444
464 0.450000 0.601852 0.156250 0.166667
20 0.450000 0.701852 0.164063 0.023333
170 0.450000 0.488889 0.038333 0.068148
275 0.592708 0.645113 0.025000 0.044444
140 0.650000 0.517335 0.125000 0.166667
20 0.650000 0.617335 0.131250 0.023333
216 0.650000 0.404372 0.038333 0.068148
165 0.753646 0.729630 0.025000 0.044444
383 0.850000 0.504630 0.203125 0.361111
20 0.850000 0.701852 0.213281 0.023333
216 0.850000 0.294444 0.038333 0.068148
