457 0.314063 0.986111 0.143917 0.323435
498 0.401563 0.953704 0.131037 0.308710
514 0.500000 0.935185 0.117188 0.291667
194 0.598437 0.953704 0.130975 0.308631
3 0.685938 0.986111 0.143855 0.323357
184 0.033333 0.094444 0.037500 0.066667
8 0.070833 0.094444 0.037500 0.066667
8 0.108333 0.094444 0.037500 0.066667
131 0.145833 0.094444 0.037500 0.066667
107 0.183333 0.094444 0.037500 0.066667
132 0.220833 0.094444 0.037500 0.066667
66 0.258333 0.094444 0.037500 0.066667
30 0.295833 0.094444 0.037500 0.066667
33 0.333333 0.094444 0.037500 0.066667
4 0.370833 0.094444 0.037500 0.066667
94 0.408333 0.094444 0.037500 0.066667
38 0.445833 0.094444 0.037500 0.066667
31 0.483333 0.094444 0.037500 0.066667
184 0.520833 0.094444 0.037500 0.066667
65 0.558333 0.094444 0.037500 0.066667
93 0.595833 0.094444 0.037500 0.066667
30 0.633333 0.094444 0.037500 0.066667
92 0.670833 0.094444 0.037500 0.066667
40 0.334375 0.027778 0.033333 0.059259
96 0.363542 0.027778 0.033333 0.059259
185 0.392708 0.027778 0.033333 0.059259
143 0.421875 0.027778 0.033333 0.059259
13 0.451042 0.027778 0.033333 0.059259
14 0.247917 0.565741 0.114583 0.268519
15 0.247917 0.716667 0.120312 0.023333
327 0.195833 0.744444 0.025000 0.044444
52 0.220833 0.744444 0.025000 0.044444
75 0.245833 0.744444 0.025000 0.044444
134 0.805729 0.738889 0.025000 0.044444
220 0.830729 0.738889 0.025000 0.044444
329 0.847396 0.564815 0.093750 0.259259
20 0.847396 0.711111 0.098437 0.023333
21 0.847396 0.405556 0.038333 0.068148
