492 0.270312 0.986111 0.149899 0.329824
432 0.357812 0.949074 0.137609 0.316375
453 0.452969 0.925926 0.124215 0.300456
403 0.547031 0.925926 0.124152 0.300376
656 0.642187 0.949074 0.137546 0.316296
551 0.729688 0.986111 0.149838 0.329746
34 0.033333 0.094444 0.037500 0.066667
8 0.070833 0.094444 0.037500 0.066667
93 0.108333 0.094444 0.037500 0.066667
28 0.145833 0.094444 0.037500 0.066667
93 0.183333 0.094444 0.037500 0.066667
173 0.220833 0.094444 0.037500 0.066667
93 0.258333 0.094444 0.037500 0.066667
91 0.295833 0.094444 0.037500 0.066667
8 0.333333 0.094444 0.037500 0.066667
4 0.370833 0.094444 0.037500 0.066667
108 0.408333 0.094444 0.037500 0.066667
33 0.445833 0.094444 0.037500 0.066667
8 0.483333 0.094444 0.037500 0.066667
238 0.334375 0.027778 0.033333 0.059259
355 0.363542 0.027778 0.033333 0.059259
143 0.392708 0.027778 0.033333 0.059259
95 0.421875 0.027778 0.033333 0.059259
304 0.451042 0.027778 0.033333 0.059259
14 0.247917 0.565741 0.114583 0.268519
15 0.247917 0.716667 0.120312 0.023333
276 0.195833 0.744444 0.025000 0.044444
481 0.220833 0.744444 0.025000 0.044444
164 0.245833 0.744444 0.025000 0.044444
241 0.740625 0.734259 0.025000 0.044444
454 0.765625 0.734259 0.025000 0.044444
50 0.790625 0.734259 0.025000 0.044444
529 0.850000 0.527778 0.229167 0.324074
20 0.850000 0.706481 0.240625 0.023333
72 0.850000 0.336111 0.038333 0.068148
