345 0.270312 0.986111 0.149899 0.329824
547 0.357812 0.949074 0.137609 0.316375
421 0.452969 0.925926 0.124215 0.300456
471 0.547031 0.925926 0.124152 0.300376
399 0.642187 0.949074 0.137546 0.316296
373 0.729688 0.986111 0.149838 0.329746
67 0.033333 0.094444 0.037500 0.066667
131 0.070833 0.094444 0.037500 0.066667
28 0.108333 0.094444 0.037500 0.066667
8 0.145833 0.094444 0.037500 0.066667
33 0.183333 0.094444 0.037500 0.066667
199 0.220833 0.094444 0.037500 0.066667
92 0.258333 0.094444 0.037500 0.066667
4 0.295833 0.094444 0.037500 0.066667
91 0.333333 0.094444 0.037500 0.066667
37 0.370833 0.094444 0.037500 0.066667
34 0.408333 0.094444 0.037500 0.066667
107 0.445833 0.094444 0.037500 0.066667
30 0.483333 0.094444 0.037500 0.066667
66 0.520833 0.094444 0.037500 0.066667
132 0.558333 0.094444 0.037500 0.066667
110 0.595833 0.094444 0.037500 0.066667
64 0.633333 0.094444 0.037500 0.066667
32 0.670833 0.094444 0.037500 0.066667
39 0.334375 0.027778 0.033333 0.059259
377 0.363542 0.027778 0.033333 0.059259
174 0.392708 0.027778 0.033333 0.059259
40 0.421875 0.027778 0.033333 0.059259
13 0.451042 0.027778 0.033333 0.059259
14 0.247917 0.565741 0.114583 0.268519
15 0.247917 0.716667 0.120312 0.023333
481 0.195833 0.744444 0.025000 0.044444
402 0.220833 0.744444 0.025000 0.044444
524 0.245833 0.744444 0.025000 0.044444
226 0.270833 0.744444 0.025000 0.044444
296 0.621354 0.724074 0.025000 0.044444
270 0.646354 0.724074 0.025000 0.044444
79 0.671354 0.724074 0.025000 0.044444
260 0.650000 0.633333 0.067708 0.092593
20 0.650000 0.696296 0.071094 0.023333
48 0.650000 0.557407 0.038333 0.068148
54 0.797917 0.748148 0.025000 0.044444
226 0.822917 0.748148 0.025000 0.044444
327 0.847917 0.748148 0.025000 0.044444
455 0.872917 0.748148 0.025000 0.044444
179 0.850000 0.555556 0.114583 0.296296
20 0.850000 0.720370 0.120312 0.023333
170 0.850000 0.377778 0.038333 0.068148
97 0.326042 0.729630 0.025000 0.044444
42 0.351042 0.729630 0.025000 0.044444
70 0.376042 0.729630 0.025000 0.044444
264 0.401042 0.729630 0.025000 0.044444
282 0.444792 0.495370 0.247917 0.379630
20 0.444792 0.701852 0.260312 0.023333
48 0.444792 0.275926 0.038333 0.068148
