364 0.351250 0.960648 0.137609 0.316375
192 0.449688 0.935185 0.124215 0.300456
22 0.550312 0.935185 0.124152 0.300376
84 0.648750 0.960648 0.137546 0.316296
35 0.033333 0.094444 0.037500 0.066667
29 0.070833 0.094444 0.037500 0.066667
28 0.108333 0.094444 0.037500 0.066667
173 0.145833 0.094444 0.037500 0.066667
8 0.183333 0.094444 0.037500 0.066667
129 0.220833 0.094444 0.037500 0.066667
65 0.258333 0.094444 0.037500 0.066667
255 0.334375 0.027778 0.033333 0.059259
255 0.363542 0.027778 0.033333 0.059259
95 0.392708 0.027778 0.033333 0.059259
377 0.421875 0.027778 0.033333 0.059259
13 0.451042 0.027778 0.033333 0.059259
14 0.247917 0.565741 0.114583 0.268519
15 0.247917 0.716667 0.120312 0.023333
97 0.195833 0.744444 0.025000 0.044444
70 0.220833 0.744444 0.025000 0.044444
18 0.245833 0.744444 0.025000 0.044444
203 0.591146 0.729630 0.025000 0.044444
241 0.616146 0.729630 0.025000 0.044444
325 0.641146 0.729630 0.025000 0.044444
221 0.645833 0.574074 0.119792 0.222222
20 0.645833 0.701852 0.125781 0.023333
48 0.645833 0.433333 0.038333 0.068148
188 0.410937 0.729630 0.025000 0.044444
139 0.435937 0.729630 0.025000 0.044444
49 0.460938 0.729630 0.025000 0.044444
215 0.485938 0.729630 0.025000 0.044444
516 0.450000 0.578704 0.088542 0.212963
20 0.450000 0.701852 0.092969 0.023333
170 0.450000 0.442593 0.038333 0.068148
275 0.792708 0.645113 0.025000 0.044444
140 0.850000 0.517335 0.125000 0.166667
20 0.850000 0.617335 0.131250 0.023333
216 0.850000 0.404372 0.038333 0.068148
