444 0.448594 0.925926 0.124215 0.300456
567 0.557969 0.925926 0.124152 0.300376
108 0.033333 0.094444 0.037500 0.066667
30 0.070833 0.094444 0.037500 0.066667
254 0.334375 0.027778 0.033333 0.059259
186 0.363542 0.027778 0.033333 0.059259
255 0.392708 0.027778 0.033333 0.059259
10 0.421875 0.027778 0.033333 0.059259
68 0.451042 0.027778 0.033333 0.059259
14 0.247917 0.565741 0.114583 0.268519
15 0.247917 0.716667 0.120312 0.023333
165 0.195833 0.744444 0.025000 0.044444
98 0.220833 0.744444 0.025000 0.044444
178 0.245833 0.744444 0.025000 0.044444
242 0.753646 0.725926 0.025000 0.044444
326 0.778646 0.725926 0.025000 0.044444
269 0.803646 0.725926 0.025000 0.044444
243 0.850000 0.500926 0.203125 0.361111
20 0.850000 0.698148 0.213281 0.023333
170 0.850000 0.290741 0.038333 0.068148
