194 0.182812 1.000000 0.145411 0.296825
553 0.237500 0.976852 0.136936 0.289694
394 0.303125 0.951852 0.127414 0.280350
128 0.379687 0.928704 0.116968 0.268919
650 0.456250 0.921296 0.105583 0.255387
463 0.543750 0.921296 0.105530 0.255319
459 0.620313 0.928704 0.116914 0.268851
250 0.696875 0.951852 0.127362 0.280284
345 0.762500 0.976852 0.136885 0.289630
654 0.817187 1.000000 0.145376 0.296799
64 0.033333 0.094444 0.037500 0.066667
6 0.070833 0.094444 0.037500 0.066667
107 0.108333 0.094444 0.037500 0.066667
31 0.145833 0.094444 0.037500 0.066667
66 0.183333 0.094444 0.037500 0.066667
184 0.220833 0.094444 0.037500 0.066667
64 0.258333 0.094444 0.037500 0.066667
65 0.295833 0.094444 0.037500 0.066667
29 0.333333 0.094444 0.037500 0.066667
94 0.370833 0.094444 0.037500 0.066667
93 0.408333 0.094444 0.037500 0.066667
35 0.445833 0.094444 0.037500 0.066667
34 0.483333 0.094444 0.037500 0.066667
214 0.334375 0.027778 0.033333 0.059259
11 0.363542 0.027778 0.033333 0.059259
303 0.392708 0.027778 0.033333 0.059259
40 0.421875 0.027778 0.033333 0.059259
68 0.451042 0.027778 0.033333 0.059259
14 0.247917 0.565741 0.114583 0.268519
15 0.247917 0.716667 0.120312 0.023333
52 0.195833 0.744444 0.025000 0.044444
164 0.220833 0.744444 0.025000 0.044444
296 0.245833 0.744444 0.025000 0.044444
268 0.270833 0.744444 0.025000 0.044444
99 0.743229 0.748148 0.025000 0.044444
123 0.768229 0.748148 0.025000 0.044444
293 0.793229 0.748148 0.025000 0.044444
228 0.818229 0.748148 0.025000 0.044444
358 0.850000 0.537037 0.223958 0.333333
20 0.850000 0.720370 0.235156 0.023333
21 0.850000 0.340741 0.038333 0.068148
178 0.556250 0.734259 0.025000 0.044444
125 0.650000 0.555556 0.197917 0.268519
20 0.650000 0.706481 0.207812 0.023333
170 0.650000 0.391667 0.038333 0.068148
