246 0.351250 0.960648 0.137609 0.316375
90 0.449688 0.935185 0.124215 0.300456
563 0.550312 0.935185 0.124152 0.300376
484 0.648750 0.960648 0.137546 0.316296
35 0.033333 0.094444 0.037500 0.066667
173 0.070833 0.094444 0.037500 0.066667
66 0.108333 0.094444 0.037500 0.066667
33 0.145833 0.094444 0.037500 0.066667
93 0.183333 0.094444 0.037500 0.066667
8 0.220833 0.094444 0.037500 0.066667
7 0.258333 0.094444 0.037500 0.066667
5 0.295833 0.094444 0.037500 0.066667
30 0.333333 0.094444 0.037500 0.066667
30 0.370833 0.094444 0.037500 0.066667
129 0.408333 0.094444 0.037500 0.066667
36 0.445833 0.094444 0.037500 0.066667
67 0.483333 0.094444 0.037500 0.066667
131 0.520833 0.094444 0.037500 0.066667
91 0.558333 0.094444 0.037500 0.066667
173 0.595833 0.094444 0.037500 0.066667
4 0.633333 0.094444 0.037500 0.066667
173 0.670833 0.094444 0.037500 0.066667
132 0.708333 0.094444 0.037500 0.066667
108 0.745833 0.094444 0.037500 0.066667
214 0.334375 0.027778 0.033333 0.059259
133 0.363542 0.027778 0.033333 0.059259
13 0.392708 0.027778 0.033333 0.059259
13 0.421875 0.027778 0.033333 0.059259
13 0.451042 0.027778 0.033333 0.059259
14 0.247917 0.565741 0.114583 0.268519
15 0.247917 0.716667 0.120312 0.023333
447 0.195833 0.744444 0.025000 0.044444
390 0.220833 0.744444 0.025000 0.044444
469 0.245833 0.744444 0.025000 0.044444
402 0.787500 0.729630 0.025000 0.044444
44 0.812500 0.729630 0.025000 0.044444
134 0.837500 0.729630 0.025000 0.044444
104 0.862500 0.729630 0.025000 0.044444
166 0.850000 0.606481 0.135417 0.157407
20 0.850000 0.701852 0.142188 0.023333
167 0.850000 0.498148 0.038333 0.068148
242 0.597917 0.737037 0.025000 0.044444
100 0.622917 0.737037 0.025000 0.044444
52 0.647917 0.737037 0.025000 0.044444
426 0.644792 0.562963 0.104167 0.259259
20 0.644792 0.709259 0.109375 0.023333
170 0.644792 0.403704 0.038333 0.068148
