556 0.448594 0.925926 0.124215 0.300456
86 0.557969 0.925926 0.124152 0.300376
38 0.033333 0.094444 0.037500 0.066667
92 0.070833 0.094444 0.037500 0.066667
64 0.108333 0.094444 0.037500 0.066667
28 0.145833 0.094444 0.037500 0.066667
65 0.183333 0.094444 0.037500 0.066667
33 0.220833 0.094444 0.037500 0.066667
6 0.258333 0.094444 0.037500 0.066667
65 0.295833 0.094444 0.037500 0.066667
36 0.333333 0.094444 0.037500 0.066667
65 0.370833 0.094444 0.037500 0.066667
34 0.408333 0.094444 0.037500 0.066667
110 0.445833 0.094444 0.037500 0.066667
173 0.483333 0.094444 0.037500 0.066667
184 0.520833 0.094444 0.037500 0.066667
143 0.334375 0.027778 0.033333 0.059259
304 0.363542 0.027778 0.033333 0.059259
255 0.392708 0.027778 0.033333 0.059259
13 0.421875 0.027778 0.033333 0.059259
13 0.451042 0.027778 0.033333 0.059259
14 0.247917 0.565741 0.114583 0.268519
15 0.247917 0.716667 0.120312 0.023333
42 0.195833 0.744444 0.025000 0.044444
264 0.220833 0.744444 0.025000 0.044444
256 0.245833 0.744444 0.025000 0.044444
227 0.270833 0.744444 0.025000 0.044444
152 0.756250 0.734259 0.025000 0.044444
268 0.781250 0.734259 0.025000 0.044444
101 0.806250 0.734259 0.025000 0.044444
125 0.850000 0.555556 0.197917 0.268519
20 0.850000 0.706481 0.207812 0.023333
170 0.850000 0.391667 0.038333 0.068148
