598 0.314063 0.986111 0.143917 0.323435
85 0.401563 0.953704 0.131037 0.308710
625 0.500000 0.935185 0.117188 0.291667
582 0.598437 0.953704 0.130975 0.308631
252 0.685938 0.986111 0.143855 0.323357
37 0.033333 0.094444 0.037500 0.066667
131 0.070833 0.094444 0.037500 0.066667
184 0.108333 0.094444 0.037500 0.066667
36 0.145833 0.094444 0.037500 0.066667
163 0.183333 0.094444 0.037500 0.066667
93 0.220833 0.094444 0.037500 0.066667
93 0.258333 0.094444 0.037500 0.066667
8 0.295833 0.094444 0.037500 0.066667
4 0.333333 0.094444 0.037500 0.066667
107 0.370833 0.094444 0.037500 0.066667
108 0.408333 0.094444 0.037500 0.066667
29 0.445833 0.094444 0.037500 0.066667
272 0.334375 0.027778 0.033333 0.059259
13 0.363542 0.027778 0.033333 0.059259
13 0.392708 0.027778 0.033333 0.059259
13 0.421875 0.027778 0.033333 0.059259
13 0.451042 0.027778 0.033333 0.059259
14 0.247917 0.565741 0.114583 0.268519
15 0.247917 0.716667 0.120312 0.023333
256 0.195833 0.744444 0.025000 0.044444
366 0.220833 0.744444 0.025000 0.044444
118 0.771875 0.734259 0.025000 0.044444
103 0.796875 0.734259 0.025000 0.044444
435 0.821875 0.734259 0.025000 0.044444
149 0.850000 0.587963 0.166667 0.203704
20 0.850000 0.706481 0.175000 0.023333
150 0.850000 0.456481 0.038333 0.068148
259 0.611979 0.724074 0.025000 0.044444
122 0.636979 0.724074 0.025000 0.044444
178 0.661979 0.724074 0.025000 0.044444
315 0.645833 0.610185 0.078125 0.138889
20 0.645833 0.696296 0.082031 0.023333
48 0.645833 0.511111 0.038333 0.068148
