352 0.237500 1.000000 0.155649 0.335641
249 0.314063 0.968783 0.143917 0.323435
339 0.401563 0.945767 0.131037 0.308710
345 0.500000 0.931481 0.117188 0.291667
595 0.598437 0.945767 0.130975 0.308631
25 0.685938 0.968783 0.143855 0.323357
387 0.762500 1.000000 0.155588 0.335564
130 0.033333 0.094444 0.037500 0.066667
108 0.070833 0.094444 0.037500 0.066667
35 0.108333 0.094444 0.037500 0.066667
129 0.145833 0.094444 0.037500 0.066667
91 0.183333 0.094444 0.037500 0.066667
28 0.220833 0.094444 0.037500 0.066667
324 0.334375 0.027778 0.033333 0.059259
381 0.363542 0.027778 0.033333 0.059259
185 0.392708 0.027778 0.033333 0.059259
143 0.421875 0.027778 0.033333 0.059259
113 0.451042 0.027778 0.033333 0.059259
14 0.247917 0.565741 0.114583 0.268519
15 0.247917 0.716667 0.120312 0.023333
274 0.195833 0.744444 0.025000 0.044444
215 0.551042 0.731481 0.025000 0.044444
258 0.576042 0.731481 0.025000 0.044444
307 0.601042 0.731481 0.025000 0.044444
19 0.650000 0.525000 0.208333 0.324074
20 0.650000 0.703704 0.218750 0.023333
21 0.650000 0.333333 0.038333 0.068148
314 0.805729 0.738889 0.025000 0.044444
242 0.830729 0.738889 0.025000 0.044444
329 0.847396 0.564815 0.093750 0.259259
20 0.847396 0.711111 0.098437 0.023333
21 0.847396 0.405556 0.038333 0.068148
