644 0.270312 0.986111 0.149899 0.329824
512 0.357812 0.949074 0.137609 0.316375
285 0.452969 0.925926 0.124215 0.300456
614 0.547031 0.925926 0.124152 0.300376
629 0.642187 0.949074 0.137546 0.316296
474 0.729688 0.986111 0.149838 0.329746
67 0.033333 0.094444 0.037500 0.066667
29 0.070833 0.094444 0.037500 0.066667
38 0.108333 0.094444 0.037500 0.066667
184 0.145833 0.094444 0.037500 0.066667
184 0.183333 0.094444 0.037500 0.066667
65 0.220833 0.094444 0.037500 0.066667
199 0.258333 0.094444 0.037500 0.066667
200 0.334375 0.027778 0.033333 0.059259
238 0.363542 0.027778 0.033333 0.059259
13 0.392708 0.027778 0.033333 0.059259
13 0.421875 0.027778 0.033333 0.059259
13 0.451042 0.027778 0.033333 0.059259
14 0.247917 0.565741 0.114583 0.268519
15 0.247917 0.716667 0.120312 0.023333
80 0.195833 0.744444 0.025000 0.044444
266 0.220833 0.744444 0.025000 0.044444
124 0.245833 0.744444 0.025000 0.044444
134 0.270833 0.744444 0.025000 0.044444
203 0.810938 0.698223 0.025000 0.044444
455 0.835938 0.698223 0.025000 0.044444
101 0.860937 0.698223 0.025000 0.044444
448 0.850000 0.593594 0.088542 0.120370
20 0.850000 0.670445 0.092969 0.023333
170 0.850000 0.503779 0.038333 0.068148
