578 0.314063 0.986111 0.143917 0.323435
508 0.401563 0.953704 0.131037 0.308710
393 0.500000 0.935185 0.117188 0.291667
510 0.598437 0.953704 0.130975 0.308631
398 0.685938 0.986111 0.143855 0.323357
131 0.033333 0.094444 0.037500 0.066667
92 0.070833 0.094444 0.037500 0.066667
36 0.108333 0.094444 0.037500 0.066667
67 0.145833 0.094444 0.037500 0.066667
163 0.183333 0.094444 0.037500 0.066667
7 0.220833 0.094444 0.037500 0.066667
40 0.334375 0.027778 0.033333 0.059259
377 0.363542 0.027778 0.033333 0.059259
13 0.392708 0.027778 0.033333 0.059259
13 0.421875 0.027778 0.033333 0.059259
13 0.451042 0.027778 0.033333 0.059259
14 0.247917 0.565741 0.114583 0.268519
15 0.247917 0.716667 0.120312 0.023333
264 0.195833 0.744444 0.025000 0.044444
118 0.811979 0.724074 0.025000 0.044444
226 0.836979 0.724074 0.025000 0.044444
49 0.861979 0.724074 0.025000 0.044444
315 0.845833 0.610185 0.078125 0.138889
20 0.845833 0.696296 0.082031 0.023333
48 0.845833 0.511111 0.038333 0.068148
