463 0.193750 1.000000 0.149621 0.310807
574 0.259375 0.982716 0.140084 0.302077
541 0.332656 0.955556 0.129526 0.291092
225 0.412500 0.930247 0.117934 0.277839
653 0.500000 0.925926 0.105469 0.262500
605 0.587500 0.930247 0.117877 0.277768
332 0.667344 0.955556 0.129470 0.291021
211 0.740625 0.982716 0.140029 0.302007
578 0.806250 1.000000 0.149567 0.310740
8 0.033333 0.094444 0.037500 0.066667
91 0.070833 0.094444 0.037500 0.066667
37 0.108333 0.094444 0.037500 0.066667
91 0.145833 0.094444 0.037500 0.066667
272 0.334375 0.027778 0.033333 0.059259
13 0.363542 0.027778 0.033333 0.059259
13 0.392708 0.027778 0.033333 0.059259
13 0.421875 0.027778 0.033333 0.059259
13 0.451042 0.027778 0.033333 0.059259
14 0.247917 0.565741 0.114583 0.268519
15 0.247917 0.716667 0.120312 0.023333
347 0.195833 0.744444 0.025000 0.044444
78 0.220833 0.744444 0.025000 0.044444
17 0.245833 0.744444 0.025000 0.044444
325 0.270833 0.744444 0.025000 0.044444
226 0.791146 0.729630 0.025000 0.044444
299 0.816146 0.729630 0.025000 0.044444
337 0.841146 0.729630 0.025000 0.044444
527 0.866146 0.729630 0.025000 0.044444
221 0.845833 0.574074 0.119792 0.222222
20 0.845833 0.701852 0.125781 0.023333
48 0.845833 0.433333 0.038333 0.068148
455 0.584896 0.641667 0.025000 0.044444
481 0.609896 0.641667 0.025000 0.044444
292 0.634896 0.641667 0.025000 0.044444
157 0.657812 0.416667 0.156250 0.361111
20 0.657812 0.613889 0.164063 0.023333
158 0.657812 0.206481 0.038333 0.068148
