126 0.193750 1.000000 0.149621 0.310807
245 0.259375 0.982716 0.140084 0.302077
569 0.332656 0.955556 0.129526 0.291092
302 0.412500 0.930247 0.117934 0.277839
490 0.500000 0.925926 0.105469 0.262500
457 0.587500 0.930247 0.117877 0.277768
555 0.667344 0.955556 0.129470 0.291021
633 0.740625 0.982716 0.140029 0.302007
651 0.806250 1.000000 0.149567 0.310740
28 0.033333 0.094444 0.037500 0.066667
32 0.070833 0.094444 0.037500 0.066667
33 0.108333 0.094444 0.037500 0.066667
29 0.145833 0.094444 0.037500 0.066667
5 0.183333 0.094444 0.037500 0.066667
129 0.220833 0.094444 0.037500 0.066667
110 0.258333 0.094444 0.037500 0.066667
108 0.295833 0.094444 0.037500 0.066667
173 0.333333 0.094444 0.037500 0.066667
29 0.370833 0.094444 0.037500 0.066667
91 0.408333 0.094444 0.037500 0.066667
108 0.445833 0.094444 0.037500 0.066667
6 0.483333 0.094444 0.037500 0.066667
31 0.520833 0.094444 0.037500 0.066667
107 0.558333 0.094444 0.037500 0.066667
133 0.334375 0.027778 0.033333 0.059259
9 0.363542 0.027778 0.033333 0.059259
40 0.392708 0.027778 0.033333 0.059259
13 0.421875 0.027778 0.033333 0.059259
13 0.451042 0.027778 0.033333 0.059259
14 0.247917 0.565741 0.114583 0.268519
15 0.247917 0.716667 0.120312 0.023333
69 0.195833 0.744444 0.025000 0.044444
118 0.220833 0.744444 0.025000 0.044444
401 0.245833 0.744444 0.025000 0.044444
153 0.270833 0.744444 0.025000 0.044444
265 0.819271 0.750926 0.025000 0.044444
220 0.844271 0.750926 0.025000 0.044444
257 0.847917 0.616667 0.067708 0.179630
20 0.847917 0.723148 0.071094 0.023333
48 0.847917 0.497222 0.038333 0.068148
268 0.603125 0.743519 0.025000 0.044444
356 0.628125 0.743519 0.025000 0.044444
42 0.653125 0.743519 0.025000 0.044444
368 0.650000 0.555556 0.104167 0.287037
20 0.650000 0.715741 0.109375 0.023333
48 0.650000 0.382407 0.038333 0.068148
