587 0.270312 0.986111 0.149899 0.329824
142 0.357812 0.949074 0.137609 0.316375
284 0.452969 0.925926 0.124215 0.300456
332 0.547031 0.925926 0.124152 0.300376
581 0.642187 0.949074 0.137546 0.316296
392 0.729688 0.986111 0.149838 0.329746
6 0.033333 0.094444 0.037500 0.066667
6 0.070833 0.094444 0.037500 0.066667
38 0.108333 0.094444 0.037500 0.066667
110 0.145833 0.094444 0.037500 0.066667
28 0.183333 0.094444 0.037500 0.066667
132 0.220833 0.094444 0.037500 0.066667
8 0.258333 0.094444 0.037500 0.066667
66 0.295833 0.094444 0.037500 0.066667
34 0.333333 0.094444 0.037500 0.066667
67 0.370833 0.094444 0.037500 0.066667
67 0.408333 0.094444 0.037500 0.066667
29 0.445833 0.094444 0.037500 0.066667
200 0.334375 0.027778 0.033333 0.059259
13 0.363542 0.027778 0.033333 0.059259
13 0.392708 0.027778 0.033333 0.059259
13 0.421875 0.027778 0.033333 0.059259
13 0.451042 0.027778 0.033333 0.059259
14 0.247917 0.565741 0.114583 0.268519
15 0.247917 0.716667 0.120312 0.023333
97 0.195833 0.744444 0.025000 0.044444
268 0.220833 0.744444 0.025000 0.044444
78 0.245833 0.744444 0.025000 0.044444
367 0.270833 0.744444 0.025000 0.044444
45 0.608333 0.725000 0.025000 0.044444
187 0.633333 0.725000 0.025000 0.044444
369 0.658333 0.725000 0.025000 0.044444
264 0.683333 0.725000 0.025000 0.044444
102 0.650000 0.615741 0.093750 0.129630
20 0.650000 0.697222 0.098437 0.023333
48 0.650000 0.521296 0.038333 0.068148
266 0.740625 0.734259 0.025000 0.044444
529 0.850000 0.527778 0.229167 0.324074
20 0.850000 0.706481 0.240625 0.023333
72 0.850000 0.336111 0.038333 0.068148
187 0.358854 0.748148 0.025000 0.044444
524 0.383854 0.748148 0.025000 0.044444
134 0.408854 0.748148 0.025000 0.044444
176 0.433854 0.748148 0.025000 0.044444
470 0.434375 0.562500 0.161458 0.282407
20 0.434375 0.720370 0.169531 0.023333
170 0.434375 0.391667 0.038333 0.068148
