655 0.237500 1.000000 0.155649 0.335641
457 0.314063 0.968783 0.143917 0.323435
22 0.401563 0.945767 0.131037 0.308710
460 0.500000 0.931481 0.117188 0.291667
218 0.598437 0.945767 0.130975 0.308631
642 0.685938 0.968783 0.143855 0.323357
23 0.762500 1.000000 0.155588 0.335564
6 0.033333 0.094444 0.037500 0.066667
8 0.070833 0.094444 0.037500 0.066667
110 0.108333 0.094444 0.037500 0.066667
107 0.145833 0.094444 0.037500 0.066667
64 0.183333 0.094444 0.037500 0.066667
28 0.220833 0.094444 0.037500 0.066667
8 0.258333 0.094444 0.037500 0.066667
7 0.295833 0.094444 0.037500 0.066667
130 0.333333 0.094444 0.037500 0.066667
92 0.370833 0.094444 0.037500 0.066667
66 0.408333 0.094444 0.037500 0.066667
34 0.445833 0.094444 0.037500 0.066667
67 0.483333 0.094444 0.037500 0.066667
28 0.520833 0.094444 0.037500 0.066667
108 0.558333 0.094444 0.037500 0.066667
9 0.334375 0.027778 0.033333 0.059259
9 0.363542 0.027778 0.033333 0.059259
96 0.392708 0.027778 0.033333 0.059259
10 0.421875 0.027778 0.033333 0.059259
95 0.451042 0.027778 0.033333 0.059259
14 0.247917 0.565741 0.114583 0.268519
15 0.247917 0.716667 0.120312 0.023333
276 0.195833 0.744444 0.025000 0.044444
415 0.220833 0.744444 0.025000 0.044444
481 0.245833 0.744444 0.025000 0.044444
49 0.270833 0.744444 0.025000 0.044444
103 0.810938 0.720681 0.025000 0.044444
378 0.835938 0.720681 0.025000 0.044444
608 0.850000 0.616052 0.088542 0.120370
20 0.850000 0.692903 0.092969 0.023333
82 0.850000 0.526237 0.038333 0.068148
114 0.571875 0.724074 0.025000 0.044444
441 0.639583 0.563889 0.145833 0.231481
20 0.639583 0.696296 0.153125 0.023333
48 0.639583 0.418519 0.038333 0.068148
