469 0.314063 0.986111 0.143917 0.323435
630 0.401563 0.953704 0.131037 0.308710
632 0.500000 0.935185 0.117188 0.291667
577 0.598437 0.953704 0.130975 0.308631
620 0.685938 0.986111 0.143855 0.323357
287 0.033333 0.094444 0.037500 0.066667
10 0.070833 0.094444 0.037500 0.066667
44 0.108333 0.094444 0.037500 0.066667
163 0.145833 0.094444 0.037500 0.066667
46 0.183333 0.094444 0.037500 0.066667
11 0.220833 0.094444 0.037500 0.066667
261 0.258333 0.094444 0.037500 0.066667
75 0.295833 0.094444 0.037500 0.066667
10 0.333333 0.094444 0.037500 0.066667
97 0.370833 0.094444 0.037500 0.066667
97 0.408333 0.094444 0.037500 0.066667
45 0.445833 0.094444 0.037500 0.066667
98 0.483333 0.094444 0.037500 0.066667
118 0.520833 0.094444 0.037500 0.066667
98 0.558333 0.094444 0.037500 0.066667
117 0.595833 0.094444 0.037500 0.066667
287 0.633333 0.094444 0.037500 0.066667
75 0.670833 0.094444 0.037500 0.066667
116 0.708333 0.094444 0.037500 0.066667
190 0.334375 0.027778 0.033333 0.059259
337 0.363542 0.027778 0.033333 0.059259
234 0.392708 0.027778 0.033333 0.059259
12 0.421875 0.027778 0.033333 0.059259
181 0.451042 0.027778 0.033333 0.059259
14 0.247917 0.565741 0.114583 0.268519
15 0.247917 0.716667 0.120312 0.023333
456 0.195833 0.744444 0.025000 0.044444
219 0.821354 0.731481 0.025000 0.044444
123 0.846354 0.731481 0.025000 0.044444
362 0.871354 0.731481 0.025000 0.044444
124 0.896354 0.731481 0.025000 0.044444
22 0.850000 0.640741 0.067708 0.092593
23 0.850000 0.703704 0.071094 0.023333
24 0.850000 0.564815 0.038333 0.068148
