504 0.314063 0.986111 0.143917 0.323435
399 0.401563 0.953704 0.131037 0.308710
621 0.500000 0.935185 0.117188 0.291667
545 0.598437 0.953704 0.130975 0.308631
534 0.685938 0.986111 0.143855 0.323357
129 0.033333 0.094444 0.037500 0.066667
30 0.070833 0.094444 0.037500 0.066667
65 0.108333 0.094444 0.037500 0.066667
8 0.145833 0.094444 0.037500 0.066667
66 0.183333 0.094444 0.037500 0.066667
5 0.220833 0.094444 0.037500 0.066667
110 0.258333 0.094444 0.037500 0.066667
107 0.295833 0.094444 0.037500 0.066667
92 0.333333 0.094444 0.037500 0.066667
35 0.370833 0.094444 0.037500 0.066667
6 0.408333 0.094444 0.037500 0.066667
66 0.445833 0.094444 0.037500 0.066667
145 0.334375 0.027778 0.033333 0.059259
13 0.363542 0.027778 0.033333 0.059259
13 0.392708 0.027778 0.033333 0.059259
13 0.421875 0.027778 0.033333 0.059259
13 0.451042 0.027778 0.033333 0.059259
14 0.247917 0.565741 0.114583 0.268519
15 0.247917 0.716667 0.120312 0.023333
18 0.195833 0.744444 0.025000 0.044444
425 0.220833 0.744444 0.025000 0.044444
327 0.808333 0.711111 0.025000 0.044444
325 0.833333 0.711111 0.025000 0.044444
75 0.858333 0.711111 0.025000 0.044444
47 0.850000 0.601852 0.093750 0.129630
20 0.850000 0.683333 0.098437 0.023333
48 0.850000 0.507407 0.038333 0.068148
115 0.621354 0.724074 0.025000 0.044444
241 0.646354 0.724074 0.025000 0.044444
201 0.671354 0.724074 0.025000 0.044444
18 0.696354 0.724074 0.025000 0.044444
260 0.650000 0.633333 0.067708 0.092593
20 0.650000 0.696296 0.071094 0.023333
48 0.650000 0.557407 0.038333 0.068148
99 0.356250 0.734259 0.025000 0.044444
314 0.381250 0.734259 0.025000 0.044444
296 0.406250 0.734259 0.025000 0.044444
56 0.431250 0.734259 0.025000 0.044444
125 0.450000 0.555556 0.197917 0.268519
20 0.450000 0.706481 0.207812 0.023333
170 0.450000 0.391667 0.038333 0.068148
