635 0.500000 0.925926 0.117188 0.291667
173 0.033333 0.094444 0.037500 0.066667
94 0.070833 0.094444 0.037500 0.066667
173 0.108333 0.094444 0.037500 0.066667
93 0.145833 0.094444 0.037500 0.066667
6 0.183333 0.094444 0.037500 0.066667
109 0.220833 0.094444 0.037500 0.066667
33 0.258333 0.094444 0.037500 0.066667
108 0.295833 0.094444 0.037500 0.066667
5 0.333333 0.094444 0.037500 0.066667
184 0.370833 0.094444 0.037500 0.066667
143 0.334375 0.027778 0.033333 0.059259
255 0.363542 0.027778 0.033333 0.059259
13 0.392708 0.027778 0.033333 0.059259
13 0.421875 0.027778 0.033333 0.059259
13 0.451042 0.027778 0.033333 0.059259
14 0.247917 0.565741 0.114583 0.268519
15 0.247917 0.716667 0.120312 0.023333
120 0.195833 0.744444 0.025000 0.044444
337 0.220833 0.744444 0.025000 0.044444
296 0.245833 0.744444 0.025000 0.044444
203 0.270833 0.744444 0.025000 0.044444
177 0.587500 0.729630 0.025000 0.044444
166 0.650000 0.606481 0.135417 0.157407
20 0.650000 0.701852 0.142188 0.023333
48 0.650000 0.498148 0.038333 0.068148
277 0.805729 0.757407 0.025000 0.044444
295 0.830729 0.757407 0.025000 0.044444
141 0.852604 0.583333 0.104167 0.259259
20 0.852604 0.729630 0.109375 0.023333
48 0.852604 0.424074 0.038333 0.068148
