550 0.226563 1.000000 0.153046 0.323776
192 0.300938 0.968750 0.142404 0.313332
577 0.379687 0.943287 0.130728 0.300556
234 0.458438 0.925926 0.118005 0.285433
413 0.541562 0.925926 0.117945 0.285357
497 0.620313 0.943287 0.130669 0.300481
651 0.693594 0.968750 0.142346 0.313258
339 0.773438 1.000000 0.152989 0.323704
129 0.033333 0.094444 0.037500 0.066667
38 0.070833 0.094444 0.037500 0.066667
107 0.108333 0.094444 0.037500 0.066667
33 0.145833 0.094444 0.037500 0.066667
29 0.183333 0.094444 0.037500 0.066667
31 0.220833 0.094444 0.037500 0.066667
6 0.258333 0.094444 0.037500 0.066667
29 0.295833 0.094444 0.037500 0.066667
5 0.333333 0.094444 0.037500 0.066667
66 0.370833 0.094444 0.037500 0.066667
38 0.408333 0.094444 0.037500 0.066667
5 0.445833 0.094444 0.037500 0.066667
35 0.483333 0.094444 0.037500 0.066667
36 0.520833 0.094444 0.037500 0.066667
145 0.334375 0.027778 0.033333 0.059259
255 0.363542 0.027778 0.033333 0.059259
13 0.392708 0.027778 0.033333 0.059259
13 0.421875 0.027778 0.033333 0.059259
13 0.451042 0.027778 0.033333 0.059259
14 0.247917 0.565741 0.114583 0.268519
15 0.247917 0.716667 0.120312 0.023333
269 0.195833 0.744444 0.025000 0.044444
425 0.810938 0.729630 0.025000 0.044444
274 0.835938 0.729630 0.025000 0.044444
402 0.860937 0.729630 0.025000 0.044444
366 0.885938 0.729630 0.025000 0.044444
405 0.850000 0.578704 0.088542 0.212963
20 0.850000 0.701852 0.092969 0.023333
170 0.850000 0.442593 0.038333 0.068148
326 0.605729 0.757407 0.025000 0.044444
202 0.630729 0.757407 0.025000 0.044444
258 0.655729 0.757407 0.025000 0.044444
141 0.652604 0.583333 0.104167 0.259259
20 0.652604 0.729630 0.109375 0.023333
48 0.652604 0.424074 0.038333 0.068148
273 0.358854 0.725000 0.025000 0.044444
476 0.450000 0.523148 0.192708 0.314815
20 0.450000 0.697222 0.202344 0.023333
48 0.450000 0.336111 0.038333 0.068148
