536 0.193750 1.000000 0.149621 0.310807
300 0.259375 0.982716 0.140084 0.302077
599 0.332656 0.955556 0.129526 0.291092
198 0.412500 0.930247 0.117934 0.277839
456 0.500000 0.925926 0.105469 0.262500
609 0.587500 0.930247 0.117877 0.277768
431 0.667344 0.955556 0.129470 0.291021
535 0.740625 0.982716 0.140029 0.302007
616 0.806250 1.000000 0.149567 0.310740
34 0.033333 0.094444 0.037500 0.066667
96 0.334375 0.027778 0.033333 0.059259
303 0.363542 0.027778 0.033333 0.059259
10 0.392708 0.027778 0.033333 0.059259
13 0.421875 0.027778 0.033333 0.059259
13 0.451042 0.027778 0.033333 0.059259
14 0.247917 0.565741 0.114583 0.268519
15 0.247917 0.716667 0.120312 0.023333
264 0.195833 0.744444 0.025000 0.044444
79 0.771875 0.734259 0.025000 0.044444
116 0.796875 0.734259 0.025000 0.044444
299 0.821875 0.734259 0.025000 0.044444
328 0.846875 0.734259 0.025000 0.044444
527 0.871875 0.734259 0.025000 0.044444
149 0.850000 0.587963 0.166667 0.203704
20 0.850000 0.706481 0.175000 0.023333
150 0.850000 0.456481 0.038333 0.068148
