570 0.500000 0.925926 0.117188 0.291667
93 0.033333 0.094444 0.037500 0.066667
6 0.070833 0.094444 0.037500 0.066667
199 0.108333 0.094444 0.037500 0.066667
65 0.145833 0.094444 0.037500 0.066667
8 0.183333 0.094444 0.037500 0.066667
30 0.220833 0.094444 0.037500 0.066667
92 0.258333 0.094444 0.037500 0.066667
107 0.295833 0.094444 0.037500 0.066667
163 0.333333 0.094444 0.037500 0.066667
93 0.370833 0.094444 0.037500 0.066667
10 0.334375 0.027778 0.033333 0.059259
185 0.363542 0.027778 0.033333 0.059259
39 0.392708 0.027778 0.033333 0.059259
186 0.421875 0.027778 0.033333 0.059259
112 0.451042 0.027778 0.033333 0.059259
14 0.247917 0.565741 0.114583 0.268519
15 0.247917 0.716667 0.120312 0.023333
277 0.195833 0.744444 0.025000 0.044444
151 0.220833 0.744444 0.025000 0.044444
42 0.823958 0.706481 0.025000 0.044444
296 0.848958 0.706481 0.025000 0.044444
176 0.873958 0.706481 0.025000 0.044444
71 0.850000 0.569444 0.062500 0.185185
20 0.850000 0.678704 0.065625 0.023333
72 0.850000 0.447222 0.038333 0.068148
369 0.608333 0.711111 0.025000 0.044444
165 0.633333 0.711111 0.025000 0.044444
69 0.658333 0.711111 0.025000 0.044444
134 0.683333 0.711111 0.025000 0.044444
206 0.650000 0.523148 0.093750 0.287037
20 0.650000 0.683333 0.098437 0.023333
82 0.650000 0.350000 0.038333 0.068148
