536 0.448594 0.925926 0.124215 0.300456
421 0.557969 0.925926 0.124152 0.300376
131 0.033333 0.094444 0.037500 0.066667
8 0.070833 0.094444 0.037500 0.066667
67 0.108333 0.094444 0.037500 0.066667
38 0.145833 0.094444 0.037500 0.066667
108 0.183333 0.094444 0.037500 0.066667
37 0.220833 0.094444 0.037500 0.066667
109 0.258333 0.094444 0.037500 0.066667
7 0.295833 0.094444 0.037500 0.066667
163 0.333333 0.094444 0.037500 0.066667
6 0.370833 0.094444 0.037500 0.066667
38 0.408333 0.094444 0.037500 0.066667
112 0.334375 0.027778 0.033333 0.059259
143 0.363542 0.027778 0.033333 0.059259
377 0.392708 0.027778 0.033333 0.059259
144 0.421875 0.027778 0.033333 0.059259
13 0.451042 0.027778 0.033333 0.059259
14 0.247917 0.565741 0.114583 0.268519
15 0.247917 0.716667 0.120312 0.023333
256 0.195833 0.744444 0.025000 0.044444
101 0.748438 0.729630 0.025000 0.044444
70 0.773438 0.729630 0.025000 0.044444
278 0.860417 0.476852 0.234375 0.416667
20 0.860417 0.701852 0.246094 0.023333
170 0.860417 0.238889 0.038333 0.068148
275 0.571875 0.734259 0.025000 0.044444
207 0.596875 0.734259 0.025000 0.044444
76 0.650000 0.495370 0.166667 0.388889
20 0.650000 0.706481 0.175000 0.023333
48 0.650000 0.271296 0.038333 0.068148
