494 0.237500 1.000000 0.155649 0.335641
627 0.314063 0.968783 0.143917 0.323435
142 0.401563 0.945767 0.131037 0.308710
509 0.500000 0.931481 0.117188 0.291667
183 0.598437 0.945767 0.130975 0.308631
460 0.685938 0.968783 0.143855 0.323357
640 0.762500 1.000000 0.155588 0.335564
110 0.033333 0.094444 0.037500 0.066667
107 0.070833 0.094444 0.037500 0.066667
131 0.108333 0.094444 0.037500 0.066667
28 0.145833 0.094444 0.037500 0.066667
93 0.183333 0.094444 0.037500 0.066667
65 0.220833 0.094444 0.037500 0.066667
30 0.258333 0.094444 0.037500 0.066667
32 0.295833 0.094444 0.037500 0.066667
64 0.333333 0.094444 0.037500 0.066667
131 0.370833 0.094444 0.037500 0.066667
129 0.408333 0.094444 0.037500 0.066667
107 0.445833 0.094444 0.037500 0.066667
199 0.483333 0.094444 0.037500 0.066667
5 0.520833 0.094444 0.037500 0.066667
29 0.558333 0.094444 0.037500 0.066667
64 0.595833 0.094444 0.037500 0.066667
163 0.633333 0.094444 0.037500 0.066667
94 0.670833 0.094444 0.037500 0.066667
163 0.708333 0.094444 0.037500 0.066667
36 0.745833 0.094444 0.037500 0.066667
200 0.334375 0.027778 0.033333 0.059259
9 0.363542 0.027778 0.033333 0.059259
96 0.392708 0.027778 0.033333 0.059259
214 0.421875 0.027778 0.033333 0.059259
13 0.451042 0.027778 0.033333 0.059259
14 0.247917 0.565741 0.114583 0.268519
15 0.247917 0.716667 0.120312 0.023333
124 0.195833 0.744444 0.025000 0.044444
256 0.220833 0.744444 0.025000 0.044444
50 0.245833 0.744444 0.025000 0.044444
44 0.626562 0.740741 0.025000 0.044444
469 0.651563 0.740741 0.025000 0.044444
187 0.676562 0.740741 0.025000 0.044444
177 0.701563 0.740741 0.025000 0.044444
267 0.650000 0.594444 0.057292 0.203704
20 0.650000 0.712963 0.060156 0.023333
170 0.650000 0.462963 0.038333 0.068148
275 0.743229 0.748148 0.025000 0.044444
406 0.768229 0.748148 0.025000 0.044444
265 0.793229 0.748148 0.025000 0.044444
358 0.850000 0.537037 0.223958 0.333333
20 0.850000 0.720370 0.235156 0.023333
21 0.850000 0.340741 0.038333 0.068148
