525 0.500000 0.925926 0.117188 0.291667
32 0.033333 0.094444 0.037500 0.066667
107 0.070833 0.094444 0.037500 0.066667
94 0.108333 0.094444 0.037500 0.066667
10 0.334375 0.027778 0.033333 0.059259
290 0.363542 0.027778 0.033333 0.059259
13 0.392708 0.027778 0.033333 0.059259
13 0.421875 0.027778 0.033333 0.059259
13 0.451042 0.027778 0.033333 0.059259
14 0.247917 0.565741 0.114583 0.268519
15 0.247917 0.716667 0.120312 0.023333
103 0.195833 0.744444 0.025000 0.044444
295 0.220833 0.744444 0.025000 0.044444
228 0.245833 0.744444 0.025000 0.044444
454 0.784896 0.738889 0.025000 0.044444
114 0.809896 0.738889 0.025000 0.044444
74 0.834896 0.738889 0.025000 0.044444
53 0.850000 0.509259 0.140625 0.370370
20 0.850000 0.711111 0.147656 0.023333
48 0.850000 0.294444 0.038333 0.068148
