617 0.270312 0.986111 0.149899 0.329824
63 0.357812 0.949074 0.137609 0.316375
210 0.452969 0.925926 0.124215 0.300456
479 0.547031 0.925926 0.124152 0.300376
193 0.642187 0.949074 0.137546 0.316296
574 0.729688 0.986111 0.149838 0.329746
30 0.033333 0.094444 0.037500 0.066667
110 0.070833 0.094444 0.037500 0.066667
91 0.108333 0.094444 0.037500 0.066667
66 0.145833 0.094444 0.037500 0.066667
131 0.183333 0.094444 0.037500 0.066667
35 0.220833 0.094444 0.037500 0.066667
28 0.258333 0.094444 0.037500 0.066667
36 0.295833 0.094444 0.037500 0.066667
92 0.333333 0.094444 0.037500 0.066667
67 0.370833 0.094444 0.037500 0.066667
107 0.408333 0.094444 0.037500 0.066667
173 0.445833 0.094444 0.037500 0.066667
132 0.483333 0.094444 0.037500 0.066667
107 0.520833 0.094444 0.037500 0.066667
4 0.558333 0.094444 0.037500 0.066667
272 0.334375 0.027778 0.033333 0.059259
381 0.363542 0.027778 0.033333 0.059259
13 0.392708 0.027778 0.033333 0.059259
13 0.421875 0.027778 0.033333 0.059259
13 0.451042 0.027778 0.033333 0.059259
14 0.247917 0.565741 0.114583 0.268519
15 0.247917 0.716667 0.120312 0.023333
326 0.195833 0.744444 0.025000 0.044444
226 0.220833 0.744444 0.025000 0.044444
369 0.810938 0.720681 0.025000 0.044444
187 0.835938 0.720681 0.025000 0.044444
608 0.850000 0.616052 0.088542 0.120370
20 0.850000 0.692903 0.092969 0.023333
82 0.850000 0.526237 0.038333 0.068148
