461 0.182812 1.000000 0.145411 0.296825
237 0.237500 0.976852 0.136936 0.289694
182 0.303125 0.951852 0.127414 0.280350
543 0.379687 0.928704 0.116968 0.268919
346 0.456250 0.921296 0.105583 0.255387
83 0.543750 0.921296 0.105530 0.255319
574 0.620313 0.928704 0.116914 0.268851
373 0.696875 0.951852 0.127362 0.280284
346 0.762500 0.976852 0.136885 0.289630
639 0.817187 1.000000 0.145376 0.296799
64 0.033333 0.094444 0.037500 0.066667
33 0.070833 0.094444 0.037500 0.066667
91 0.108333 0.094444 0.037500 0.066667
108 0.145833 0.094444 0.037500 0.066667
199 0.183333 0.094444 0.037500 0.066667
28 0.220833 0.094444 0.037500 0.066667
163 0.258333 0.094444 0.037500 0.066667
129 0.295833 0.094444 0.037500 0.066667
5 0.333333 0.094444 0.037500 0.066667
107 0.370833 0.094444 0.037500 0.066667
38 0.408333 0.094444 0.037500 0.066667
65 0.445833 0.094444 0.037500 0.066667
7 0.483333 0.094444 0.037500 0.066667
130 0.520833 0.094444 0.037500 0.066667
36 0.558333 0.094444 0.037500 0.066667
64 0.595833 0.094444 0.037500 0.066667
131 0.633333 0.094444 0.037500 0.066667
5 0.670833 0.094444 0.037500 0.066667
36 0.708333 0.094444 0.037500 0.066667
5 0.745833 0.094444 0.037500 0.066667
377 0.334375 0.027778 0.033333 0.059259
9 0.363542 0.027778 0.033333 0.059259
200 0.392708 0.027778 0.033333 0.059259
355 0.421875 0.027778 0.033333 0.059259
96 0.451042 0.027778 0.033333 0.059259
14 0.247917 0.565741 0.114583 0.268519
15 0.247917 0.716667 0.120312 0.023333
151 0.195833 0.744444 0.025000 0.044444
295 0.603125 0.729630 0.025000 0.044444
382 0.650000 0.583333 0.104167 0.203704
20 0.650000 0.701852 0.109375 0.023333
48 0.650000 0.451852 0.038333 0.068148
46 0.797917 0.748148 0.025000 0.044444
305 0.822917 0.748148 0.025000 0.044444
114 0.847917 0.748148 0.025000 0.044444
77 0.872917 0.748148 0.025000 0.044444
179 0.850000 0.555556 0.114583 0.296296
20 0.850000 0.720370 0.120312 0.023333
48 0.850000 0.377778 0.038333 0.068148
