478 0.182812 1.000000 0.145411 0.296825
213 0.237500 0.976852 0.136936 0.289694
520 0.303125 0.951852 0.127414 0.280350
451 0.379687 0.928704 0.116968 0.268919
195 0.456250 0.921296 0.105583 0.255387
380 0.543750 0.921296 0.105530 0.255319
182 0.620313 0.928704 0.116914 0.268851
407 0.696875 0.951852 0.127362 0.280284
518 0.762500 0.976852 0.136885 0.289630
73 0.817187 1.000000 0.145376 0.296799
80 0.033333 0.094444 0.037500 0.066667
80 0.070833 0.094444 0.037500 0.066667
19 0.108333 0.094444 0.037500 0.066667
76 0.145833 0.094444 0.037500 0.066667
42 0.183333 0.094444 0.037500 0.066667
12 0.220833 0.094444 0.037500 0.066667
218 0.258333 0.094444 0.037500 0.066667
49 0.295833 0.094444 0.037500 0.066667
45 0.333333 0.094444 0.037500 0.066667
49 0.370833 0.094444 0.037500 0.066667
77 0.408333 0.094444 0.037500 0.066667
100 0.445833 0.094444 0.037500 0.066667
22 0.334375 0.027778 0.033333 0.059259
245 0.363542 0.027778 0.033333 0.059259
124 0.392708 0.027778 0.033333 0.059259
163 0.421875 0.027778 0.033333 0.059259
311 0.451042 0.027778 0.033333 0.059259
25 0.247917 0.565741 0.114583 0.268519
26 0.247917 0.716667 0.120312 0.023333
284 0.195833 0.744444 0.025000 0.044444
298 0.220833 0.744444 0.025000 0.044444
385 0.245833 0.744444 0.025000 0.044444
303 0.540625 0.739815 0.025000 0.044444
105 0.565625 0.739815 0.025000 0.044444
147 0.590625 0.739815 0.025000 0.044444
492 0.652604 0.551852 0.234375 0.287037
32 0.652604 0.712037 0.246094 0.023333
33 0.652604 0.378704 0.038333 0.068148
187 0.756250 0.734259 0.025000 0.044444
175 0.781250 0.734259 0.025000 0.044444
352 0.850000 0.555556 0.197917 0.268519
32 0.850000 0.706481 0.207812 0.023333
38 0.850000 0.391667 0.038333 0.068148
