60 0.182812 1.000000 0.145411 0.296825
542 0.237500 0.976852 0.136936 0.289694
551 0.303125 0.951852 0.127414 0.280350
614 0.379687 0.928704 0.116968 0.268919
640 0.456250 0.921296 0.105583 0.255387
503 0.543750 0.921296 0.105530 0.255319
580 0.620313 0.928704 0.116914 0.268851
618 0.696875 0.951852 0.127362 0.280284
620 0.762500 0.976852 0.136885 0.289630
308 0.817187 1.000000 0.145376 0.296799
129 0.033333 0.094444 0.037500 0.066667
66 0.070833 0.094444 0.037500 0.066667
33 0.108333 0.094444 0.037500 0.066667
130 0.145833 0.094444 0.037500 0.066667
35 0.183333 0.094444 0.037500 0.066667
129 0.220833 0.094444 0.037500 0.066667
64 0.258333 0.094444 0.037500 0.066667
91 0.295833 0.094444 0.037500 0.066667
130 0.333333 0.094444 0.037500 0.066667
109 0.370833 0.094444 0.037500 0.066667
7 0.408333 0.094444 0.037500 0.066667
184 0.445833 0.094444 0.037500 0.066667
65 0.483333 0.094444 0.037500 0.066667
37 0.520833 0.094444 0.037500 0.066667
29 0.558333 0.094444 0.037500 0.066667
33 0.595833 0.094444 0.037500 0.066667
112 0.334375 0.027778 0.033333 0.059259
11 0.363542 0.027778 0.033333 0.059259
290 0.392708 0.027778 0.033333 0.059259
68 0.421875 0.027778 0.033333 0.059259
68 0.451042 0.027778 0.033333 0.059259
14 0.247917 0.565741 0.114583 0.268519
15 0.247917 0.716667 0.120312 0.023333
408 0.195833 0.744444 0.025000 0.044444
481 0.220833 0.744444 0.025000 0.044444
305 0.245833 0.744444 0.025000 0.044444
52 0.270833 0.744444 0.025000 0.044444
369 0.792708 0.645113 0.025000 0.044444
201 0.817708 0.645113 0.025000 0.044444
140 0.850000 0.517335 0.125000 0.166667
20 0.850000 0.617335 0.131250 0.023333
48 0.850000 0.404372 0.038333 0.068148
