606 0.270312 0.986111 0.149899 0.329824
647 0.357812 0.949074 0.137609 0.316375
392 0.452969 0.925926 0.124215 0.300456
633 0.547031 0.925926 0.124152 0.300376
496 0.642187 0.949074 0.137546 0.316296
585 0.729688 0.986111 0.149838 0.329746
43 0.033333 0.094444 0.037500 0.066667
163 0.070833 0.094444 0.037500 0.066667
162 0.108333 0.094444 0.037500 0.066667
44 0.145833 0.094444 0.037500 0.066667
117 0.183333 0.094444 0.037500 0.066667
75 0.220833 0.094444 0.037500 0.066667
138 0.258333 0.094444 0.037500 0.066667
177 0.295833 0.094444 0.037500 0.066667
100 0.333333 0.094444 0.037500 0.066667
416 0.334375 0.027778 0.033333 0.059259
13 0.363542 0.027778 0.033333 0.059259
13 0.392708 0.027778 0.033333 0.059259
13 0.421875 0.027778 0.033333 0.059259
13 0.451042 0.027778 0.033333 0.059259
14 0.247917 0.565741 0.114583 0.268519
15 0.247917 0.716667 0.120312 0.023333
106 0.195833 0.744444 0.025000 0.044444
19 0.220833 0.744444 0.025000 0.044444
107 0.245833 0.744444 0.025000 0.044444
383 0.766667 0.738889 0.025000 0.044444
166 0.791667 0.738889 0.025000 0.044444
65 0.852604 0.490741 0.182292 0.407407
23 0.852604 0.711111 0.191406 0.023333
61 0.852604 0.257407 0.038333 0.068148
