128 0.314063 0.986111 0.143917 0.323435
586 0.401563 0.953704 0.131037 0.308710
566 0.500000 0.935185 0.117188 0.291667
385 0.598437 0.953704 0.130975 0.308631
183 0.685938 0.986111 0.143855 0.323357
29 0.033333 0.094444 0.037500 0.066667
33 0.070833 0.094444 0.037500 0.066667
28 0.108333 0.094444 0.037500 0.066667
110 0.145833 0.094444 0.037500 0.066667
65 0.183333 0.094444 0.037500 0.066667
36 0.220833 0.094444 0.037500 0.066667
8 0.258333 0.094444 0.037500 0.066667
66 0.295833 0.094444 0.037500 0.066667
94 0.333333 0.094444 0.037500 0.066667
65 0.370833 0.094444 0.037500 0.066667
92 0.408333 0.094444 0.037500 0.066667
143 0.334375 0.027778 0.033333 0.059259
214 0.363542 0.027778 0.033333 0.059259
40 0.392708 0.027778 0.033333 0.059259
377 0.421875 0.027778 0.033333 0.059259
111 0.451042 0.027778 0.033333 0.059259
14 0.247917 0.565741 0.114583 0.268519
15 0.247917 0.716667 0.120312 0.023333
205 0.195833 0.744444 0.025000 0.044444
369 0.220833 0.744444 0.025000 0.044444
119 0.245833 0.744444 0.025000 0.044444
268 0.270833 0.744444 0.025000 0.044444
118 0.823958 0.706481 0.025000 0.044444
294 0.848958 0.706481 0.025000 0.044444
220 0.873958 0.706481 0.025000 0.044444
256 0.898958 0.706481 0.025000 0.044444
71 0.850000 0.569444 0.062500 0.185185
20 0.850000 0.678704 0.065625 0.023333
72 0.850000 0.447222 0.038333 0.068148
98 0.348437 0.738889 0.025000 0.044444
326 0.373437 0.738889 0.025000 0.044444
269 0.398438 0.738889 0.025000 0.044444
169 0.413542 0.518519 0.140625 0.351852
20 0.413542 0.711111 0.147656 0.023333
48 0.397917 0.312963 0.038333 0.068148
207 0.526042 0.729630 0.025000 0.044444
156 0.551042 0.729630 0.025000 0.044444
115 0.576042 0.729630 0.025000 0.044444
282 0.644792 0.495370 0.247917 0.379630
20 0.644792 0.701852 0.260312 0.023333
592 0.644792 0.275926 0.038333 0.068148
