428 0.401563 0.953704 0.131037 0.308710
25 0.500000 0.925926 0.117188 0.291667
521 0.598437 0.953704 0.130975 0.308631
31 0.033333 0.094444 0.037500 0.066667
8 0.070833 0.094444 0.037500 0.066667
94 0.108333 0.094444 0.037500 0.066667
31 0.145833 0.094444 0.037500 0.066667
107 0.183333 0.094444 0.037500 0.066667
7 0.220833 0.094444 0.037500 0.066667
109 0.258333 0.094444 0.037500 0.066667
4 0.295833 0.094444 0.037500 0.066667
94 0.333333 0.094444 0.037500 0.066667
91 0.370833 0.094444 0.037500 0.066667
35 0.408333 0.094444 0.037500 0.066667
36 0.445833 0.094444 0.037500 0.066667
31 0.483333 0.094444 0.037500 0.066667
110 0.520833 0.094444 0.037500 0.066667
108 0.558333 0.094444 0.037500 0.066667
65 0.595833 0.094444 0.037500 0.066667
67 0.633333 0.094444 0.037500 0.066667
66 0.670833 0.094444 0.037500 0.066667
65 0.708333 0.094444 0.037500 0.066667
336 0.334375 0.027778 0.033333 0.059259
13 0.363542 0.027778 0.033333 0.059259
13 0.392708 0.027778 0.033333 0.059259
13 0.421875 0.027778 0.033333 0.059259
13 0.451042 0.027778 0.033333 0.059259
14 0.247917 0.565741 0.114583 0.268519
15 0.247917 0.716667 0.120312 0.023333
220 0.195833 0.744444 0.025000 0.044444
275 0.220833 0.744444 0.025000 0.044444
369 0.245833 0.744444 0.025000 0.044444
153 0.756250 0.734259 0.025000 0.044444
190 0.850000 0.555556 0.197917 0.268519
20 0.850000 0.706481 0.207812 0.023333
72 0.850000 0.391667 0.038333 0.068148
