631 0.237500 1.000000 0.155649 0.335641
493 0.314063 0.968783 0.143917 0.323435
335 0.401563 0.945767 0.131037 0.308710
609 0.500000 0.931481 0.117188 0.291667
439 0.598437 0.945767 0.130975 0.308631
599 0.685938 0.968783 0.143855 0.323357
359 0.762500 1.000000 0.155588 0.335564
131 0.033333 0.094444 0.037500 0.066667
304 0.334375 0.027778 0.033333 0.059259
254 0.363542 0.027778 0.033333 0.059259
377 0.392708 0.027778 0.033333 0.059259
185 0.421875 0.027778 0.033333 0.059259
112 0.451042 0.027778 0.033333 0.059259
14 0.247917 0.565741 0.114583 0.268519
15 0.247917 0.716667 0.120312 0.023333
123 0.195833 0.744444 0.025000 0.044444
207 0.220833 0.744444 0.025000 0.044444
49 0.245833 0.744444 0.025000 0.044444
295 0.270833 0.744444 0.025000 0.044444
75 0.408333 0.706481 0.025000 0.044444
268 0.433333 0.706481 0.025000 0.044444
47 0.450000 0.597222 0.093750 0.129630
20 0.450000 0.678704 0.098437 0.023333
48 0.450000 0.502778 0.038333 0.068148
188 0.748438 0.729630 0.025000 0.044444
256 0.773438 0.729630 0.025000 0.044444
69 0.798437 0.729630 0.025000 0.044444
153 0.823438 0.729630 0.025000 0.044444
278 0.860417 0.476852 0.234375 0.416667
20 0.860417 0.701852 0.246094 0.023333
170 0.860417 0.238889 0.038333 0.068148
483 0.558854 0.725000 0.025000 0.044444
476 0.650000 0.523148 0.192708 0.314815
20 0.650000 0.697222 0.202344 0.023333
48 0.650000 0.336111 0.038333 0.068148
