445 0.401563 0.953704 0.131037 0.308710
234 0.500000 0.925926 0.117188 0.291667
497 0.598437 0.953704 0.130975 0.308631
4 0.033333 0.094444 0.037500 0.066667
28 0.070833 0.094444 0.037500 0.066667
36 0.108333 0.094444 0.037500 0.066667
67 0.145833 0.094444 0.037500 0.066667
92 0.183333 0.094444 0.037500 0.066667
36 0.220833 0.094444 0.037500 0.066667
130 0.258333 0.094444 0.037500 0.066667
163 0.295833 0.094444 0.037500 0.066667
129 0.333333 0.094444 0.037500 0.066667
129 0.370833 0.094444 0.037500 0.066667
64 0.408333 0.094444 0.037500 0.066667
174 0.334375 0.027778 0.033333 0.059259
254 0.363542 0.027778 0.033333 0.059259
13 0.392708 0.027778 0.033333 0.059259
13 0.421875 0.027778 0.033333 0.059259
13 0.451042 0.027778 0.033333 0.059259
14 0.247917 0.565741 0.114583 0.268519
15 0.247917 0.716667 0.120312 0.023333
220 0.195833 0.744444 0.025000 0.044444
16 0.220833 0.744444 0.025000 0.044444
356 0.245833 0.744444 0.025000 0.044444
369 0.270833 0.744444 0.025000 0.044444
69 0.821354 0.731481 0.025000 0.044444
80 0.846354 0.731481 0.025000 0.044444
74 0.871354 0.731481 0.025000 0.044444
105 0.850000 0.640741 0.067708 0.092593
20 0.850000 0.703704 0.071094 0.023333
82 0.850000 0.564815 0.038333 0.068148
204 0.551042 0.743519 0.025000 0.044444
202 0.576042 0.743519 0.025000 0.044444
416 0.601042 0.743519 0.025000 0.044444
338 0.650000 0.509259 0.208333 0.379630
20 0.650000 0.715741 0.218750 0.023333
48 0.650000 0.289815 0.038333 0.068148
296 0.356250 0.743519 0.025000 0.044444
188 0.381250 0.743519 0.025000 0.044444
50 0.406250 0.743519 0.025000 0.044444
297 0.470833 0.583333 0.239583 0.231481
20 0.470833 0.715741 0.251562 0.023333
48 0.470833 0.437963 0.038333 0.068148
