580 0.226563 1.000000 0.153046 0.323776
635 0.300938 0.968750 0.142404 0.313332
433 0.379687 0.943287 0.130728 0.300556
427 0.458438 0.925926 0.118005 0.285433
430 0.541562 0.925926 0.117945 0.285357
530 0.620313 0.943287 0.130669 0.300481
398 0.693594 0.968750 0.142346 0.313258
403 0.773438 1.000000 0.152989 0.323704
33 0.033333 0.094444 0.037500 0.066667
108 0.070833 0.094444 0.037500 0.066667
163 0.108333 0.094444 0.037500 0.066667
336 0.334375 0.027778 0.033333 0.059259
255 0.363542 0.027778 0.033333 0.059259
13 0.392708 0.027778 0.033333 0.059259
13 0.421875 0.027778 0.033333 0.059259
13 0.451042 0.027778 0.033333 0.059259
14 0.247917 0.565741 0.114583 0.268519
15 0.247917 0.716667 0.120312 0.023333
215 0.195833 0.744444 0.025000 0.044444
328 0.823958 0.706481 0.025000 0.044444
277 0.848958 0.706481 0.025000 0.044444
447 0.873958 0.706481 0.025000 0.044444
71 0.850000 0.569444 0.062500 0.185185
20 0.850000 0.678704 0.065625 0.023333
72 0.850000 0.447222 0.038333 0.068148
164 0.623958 0.733333 0.025000 0.044444
390 0.648958 0.733333 0.025000 0.044444
154 0.650000 0.614815 0.062500 0.148148
20 0.650000 0.705556 0.065625 0.023333
48 0.650000 0.511111 0.038333 0.068148
