588 0.500000 0.925926 0.117188 0.291667
131 0.033333 0.094444 0.037500 0.066667
38 0.070833 0.094444 0.037500 0.066667
37 0.108333 0.094444 0.037500 0.066667
38 0.145833 0.094444 0.037500 0.066667
92 0.183333 0.094444 0.037500 0.066667
7 0.220833 0.094444 0.037500 0.066667
66 0.258333 0.094444 0.037500 0.066667
7 0.295833 0.094444 0.037500 0.066667
109 0.333333 0.094444 0.037500 0.066667
32 0.370833 0.094444 0.037500 0.066667
37 0.408333 0.094444 0.037500 0.066667
110 0.445833 0.094444 0.037500 0.066667
38 0.483333 0.094444 0.037500 0.066667
145 0.334375 0.027778 0.033333 0.059259
13 0.363542 0.027778 0.033333 0.059259
13 0.392708 0.027778 0.033333 0.059259
13 0.421875 0.027778 0.033333 0.059259
13 0.451042 0.027778 0.033333 0.059259
14 0.247917 0.565741 0.114583 0.268519
15 0.247917 0.716667 0.120312 0.023333
177 0.195833 0.744444 0.025000 0.044444
164 0.220833 0.744444 0.025000 0.044444
56 0.245833 0.744444 0.025000 0.044444
435 0.751042 0.731481 0.025000 0.044444
481 0.776042 0.731481 0.025000 0.044444
77 0.801042 0.731481 0.025000 0.044444
220 0.826042 0.731481 0.025000 0.044444
19 0.850000 0.525000 0.208333 0.324074
20 0.850000 0.703704 0.218750 0.023333
21 0.850000 0.333333 0.038333 0.068148
176 0.403125 0.743519 0.025000 0.044444
326 0.428125 0.743519 0.025000 0.044444
306 0.453125 0.743519 0.025000 0.044444
101 0.478125 0.743519 0.025000 0.044444
368 0.450000 0.555556 0.104167 0.287037
20 0.450000 0.715741 0.109375 0.023333
48 0.450000 0.382407 0.038333 0.068148
50 0.571875 0.724074 0.025000 0.044444
441 0.639583 0.563889 0.145833 0.231481
20 0.639583 0.696296 0.153125 0.023333
48 0.639583 0.418519 0.038333 0.068148
