404 0.193750 1.000000 0.149621 0.310807
419 0.259375 0.982716 0.140084 0.302077
210 0.332656 0.955556 0.129526 0.291092
498 0.412500 0.930247 0.117934 0.277839
343 0.500000 0.925926 0.105469 0.262500
467 0.587500 0.930247 0.117877 0.277768
340 0.667344 0.955556 0.129470 0.291021
560 0.740625 0.982716 0.140029 0.302007
497 0.806250 1.000000 0.149567 0.310740
5 0.033333 0.094444 0.037500 0.066667
5 0.070833 0.094444 0.037500 0.066667
92 0.108333 0.094444 0.037500 0.066667
28 0.145833 0.094444 0.037500 0.066667
30 0.183333 0.094444 0.037500 0.066667
67 0.220833 0.094444 0.037500 0.066667
36 0.258333 0.094444 0.037500 0.066667
4 0.295833 0.094444 0.037500 0.066667
94 0.333333 0.094444 0.037500 0.066667
131 0.370833 0.094444 0.037500 0.066667
4 0.408333 0.094444 0.037500 0.066667
10 0.334375 0.027778 0.033333 0.059259
10 0.363542 0.027778 0.033333 0.059259
324 0.392708 0.027778 0.033333 0.059259
13 0.421875 0.027778 0.033333 0.059259
13 0.451042 0.027778 0.033333 0.059259
14 0.247917 0.565741 0.114583 0.268519
15 0.247917 0.716667 0.120312 0.023333
204 0.195833 0.744444 0.025000 0.044444
176 0.220833 0.744444 0.025000 0.044444
120 0.619271 0.750926 0.025000 0.044444
367 0.644271 0.750926 0.025000 0.044444
327 0.669271 0.750926 0.025000 0.044444
269 0.694271 0.750926 0.025000 0.044444
257 0.647917 0.616667 0.067708 0.179630
20 0.647917 0.723148 0.071094 0.023333
48 0.647917 0.497222 0.038333 0.068148
165 0.358854 0.748148 0.025000 0.044444
115 0.383854 0.748148 0.025000 0.044444
402 0.408854 0.748148 0.025000 0.044444
470 0.434375 0.562500 0.161458 0.282407
20 0.434375 0.720370 0.169531 0.023333
48 0.434375 0.391667 0.038333 0.068148
52 0.746875 0.729630 0.025000 0.044444
121 0.865625 0.495370 0.247917 0.379630
20 0.865625 0.701852 0.260312 0.023333
48 0.865625 0.275926 0.038333 0.068148
