595 0.193750 1.000000 0.149621 0.310807
565 0.259375 0.982716 0.140084 0.302077
434 0.332656 0.955556 0.129526 0.291092
161 0.412500 0.930247 0.117934 0.277839
626 0.500000 0.925926 0.105469 0.262500
626 0.587500 0.930247 0.117877 0.277768
302 0.667344 0.955556 0.129470 0.291021
599 0.740625 0.982716 0.140029 0.302007
418 0.806250 1.000000 0.149567 0.310740
109 0.033333 0.094444 0.037500 0.066667
8 0.070833 0.094444 0.037500 0.066667
108 0.108333 0.094444 0.037500 0.066667
173 0.145833 0.094444 0.037500 0.066667
131 0.183333 0.094444 0.037500 0.066667
7 0.220833 0.094444 0.037500 0.066667
131 0.258333 0.094444 0.037500 0.066667
66 0.295833 0.094444 0.037500 0.066667
130 0.333333 0.094444 0.037500 0.066667
108 0.370833 0.094444 0.037500 0.066667
32 0.408333 0.094444 0.037500 0.066667
29 0.445833 0.094444 0.037500 0.066667
4 0.483333 0.094444 0.037500 0.066667
35 0.520833 0.094444 0.037500 0.066667
64 0.558333 0.094444 0.037500 0.066667
93 0.595833 0.094444 0.037500 0.066667
29 0.633333 0.094444 0.037500 0.066667
163 0.670833 0.094444 0.037500 0.066667
64 0.708333 0.094444 0.037500 0.066667
107 0.745833 0.094444 0.037500 0.066667
214 0.334375 0.027778 0.033333 0.059259
186 0.363542 0.027778 0.033333 0.059259
200 0.392708 0.027778 0.033333 0.059259
377 0.421875 0.027778 0.033333 0.059259
13 0.451042 0.027778 0.033333 0.059259
14 0.247917 0.565741 0.114583 0.268519
15 0.247917 0.716667 0.120312 0.023333
296 0.195833 0.744444 0.025000 0.044444
116 0.621354 0.731481 0.025000 0.044444
97 0.646354 0.731481 0.025000 0.044444
241 0.671354 0.731481 0.025000 0.044444
139 0.696354 0.731481 0.025000 0.044444
105 0.650000 0.640741 0.067708 0.092593
20 0.650000 0.703704 0.071094 0.023333
82 0.650000 0.564815 0.038333 0.068148
469 0.758854 0.748148 0.025000 0.044444
137 0.783854 0.748148 0.025000 0.044444
470 0.834375 0.562500 0.161458 0.282407
20 0.834375 0.720370 0.169531 0.023333
170 0.834375 0.391667 0.038333 0.068148
