631 0.182812 1.000000 0.145411 0.296825
60 0.237500 0.976852 0.136936 0.289694
467 0.303125 0.951852 0.127414 0.280350
160 0.379687 0.928704 0.116968 0.268919
478 0.456250 0.921296 0.105583 0.255387
61 0.543750 0.921296 0.105530 0.255319
395 0.620313 0.928704 0.116914 0.268851
429 0.696875 0.951852 0.127362 0.280284
182 0.762500 0.976852 0.136885 0.289630
561 0.817187 1.000000 0.145376 0.296799
5 0.033333 0.094444 0.037500 0.066667
30 0.070833 0.094444 0.037500 0.066667
5 0.108333 0.094444 0.037500 0.066667
94 0.145833 0.094444 0.037500 0.066667
130 0.183333 0.094444 0.037500 0.066667
32 0.220833 0.094444 0.037500 0.066667
113 0.334375 0.027778 0.033333 0.059259
9 0.363542 0.027778 0.033333 0.059259
95 0.392708 0.027778 0.033333 0.059259
13 0.421875 0.027778 0.033333 0.059259
13 0.451042 0.027778 0.033333 0.059259
14 0.247917 0.565741 0.114583 0.268519
15 0.247917 0.716667 0.120312 0.023333
41 0.195833 0.744444 0.025000 0.044444
201 0.220833 0.744444 0.025000 0.044444
101 0.245833 0.744444 0.025000 0.044444
147 0.270833 0.744444 0.025000 0.044444
117 0.771875 0.724074 0.025000 0.044444
306 0.796875 0.724074 0.025000 0.044444
16 0.821875 0.724074 0.025000 0.044444
441 0.839583 0.563889 0.145833 0.231481
20 0.839583 0.696296 0.153125 0.023333
48 0.839583 0.418519 0.038333 0.068148
273 0.546875 0.729630 0.025000 0.044444
226 0.571875 0.729630 0.025000 0.044444
416 0.596875 0.729630 0.025000 0.044444
189 0.621875 0.729630 0.025000 0.044444
121 0.665625 0.495370 0.247917 0.379630
20 0.665625 0.701852 0.260312 0.023333
216 0.665625 0.275926 0.038333 0.068148
