605 0.500000 0.925926 0.117188 0.291667
92 0.033333 0.094444 0.037500 0.066667
173 0.070833 0.094444 0.037500 0.066667
110 0.108333 0.094444 0.037500 0.066667
28 0.145833 0.094444 0.037500 0.066667
163 0.183333 0.094444 0.037500 0.066667
67 0.220833 0.094444 0.037500 0.066667
131 0.258333 0.094444 0.037500 0.066667
30 0.295833 0.094444 0.037500 0.066667
35 0.333333 0.094444 0.037500 0.066667
184 0.370833 0.094444 0.037500 0.066667
8 0.408333 0.094444 0.037500 0.066667
129 0.445833 0.094444 0.037500 0.066667
92 0.483333 0.094444 0.037500 0.066667
34 0.520833 0.094444 0.037500 0.066667
132 0.558333 0.094444 0.037500 0.066667
132 0.595833 0.094444 0.037500 0.066667
324 0.334375 0.027778 0.033333 0.059259
336 0.363542 0.027778 0.033333 0.059259
13 0.392708 0.027778 0.033333 0.059259
13 0.421875 0.027778 0.033333 0.059259
13 0.451042 0.027778 0.033333 0.059259
14 0.247917 0.565741 0.114583 0.268519
15 0.247917 0.716667 0.120312 0.023333
265 0.195833 0.744444 0.025000 0.044444
402 0.619271 0.750926 0.025000 0.044444
327 0.644271 0.750926 0.025000 0.044444
257 0.647917 0.616667 0.067708 0.179630
20 0.647917 0.723148 0.071094 0.023333
48 0.647917 0.497222 0.038333 0.068148
414 0.797917 0.748148 0.025000 0.044444
74 0.822917 0.748148 0.025000 0.044444
124 0.847917 0.748148 0.025000 0.044444
179 0.850000 0.555556 0.114583 0.296296
20 0.850000 0.720370 0.120312 0.023333
170 0.850000 0.377778 0.038333 0.068148
98 0.340625 0.739815 0.025000 0.044444
114 0.365625 0.739815 0.025000 0.044444
446 0.452604 0.551852 0.234375 0.287037
20 0.452604 0.712037 0.246094 0.023333
167 0.452604 0.378704 0.038333 0.068148
