588 0.448594 0.925926 0.124215 0.300456
617 0.557969 0.925926 0.124152 0.300376
98 0.033333 0.094444 0.037500 0.066667
137 0.070833 0.094444 0.037500 0.066667
98 0.108333 0.094444 0.037500 0.066667
287 0.145833 0.094444 0.037500 0.066667
137 0.183333 0.094444 0.037500 0.066667
118 0.220833 0.094444 0.037500 0.066667
100 0.258333 0.094444 0.037500 0.066667
99 0.295833 0.094444 0.037500 0.066667
164 0.333333 0.094444 0.037500 0.066667
10 0.370833 0.094444 0.037500 0.066667
42 0.408333 0.094444 0.037500 0.066667
42 0.445833 0.094444 0.037500 0.066667
97 0.483333 0.094444 0.037500 0.066667
117 0.520833 0.094444 0.037500 0.066667
75 0.558333 0.094444 0.037500 0.066667
98 0.595833 0.094444 0.037500 0.066667
47 0.633333 0.094444 0.037500 0.066667
10 0.670833 0.094444 0.037500 0.066667
261 0.708333 0.094444 0.037500 0.066667
360 0.334375 0.027778 0.033333 0.059259
421 0.363542 0.027778 0.033333 0.059259
190 0.392708 0.027778 0.033333 0.059259
13 0.421875 0.027778 0.033333 0.059259
13 0.451042 0.027778 0.033333 0.059259
14 0.247917 0.565741 0.114583 0.268519
15 0.247917 0.716667 0.120312 0.023333
342 0.195833 0.744444 0.025000 0.044444
370 0.220833 0.744444 0.025000 0.044444
86 0.245833 0.744444 0.025000 0.044444
406 0.758854 0.725000 0.025000 0.044444
144 0.783854 0.725000 0.025000 0.044444
209 0.850000 0.523148 0.192708 0.314815
23 0.850000 0.697222 0.202344 0.023333
61 0.850000 0.336111 0.038333 0.068148
