474 0.193750 1.000000 0.149621 0.310807
236 0.259375 0.982716 0.140084 0.302077
614 0.332656 0.955556 0.129526 0.291092
497 0.412500 0.930247 0.117934 0.277839
311 0.500000 0.925926 0.105469 0.262500
83 0.587500 0.930247 0.117877 0.277768
638 0.667344 0.955556 0.129470 0.291021
576 0.740625 0.982716 0.140029 0.302007
560 0.806250 1.000000 0.149567 0.310740
67 0.033333 0.094444 0.037500 0.066667
109 0.070833 0.094444 0.037500 0.066667
163 0.108333 0.094444 0.037500 0.066667
107 0.145833 0.094444 0.037500 0.066667
36 0.183333 0.094444 0.037500 0.066667
31 0.220833 0.094444 0.037500 0.066667
67 0.258333 0.094444 0.037500 0.066667
110 0.295833 0.094444 0.037500 0.066667
131 0.333333 0.094444 0.037500 0.066667
143 0.334375 0.027778 0.033333 0.059259
12 0.363542 0.027778 0.033333 0.059259
9 0.392708 0.027778 0.033333 0.059259
355 0.421875 0.027778 0.033333 0.059259
381 0.451042 0.027778 0.033333 0.059259
14 0.247917 0.565741 0.114583 0.268519
15 0.247917 0.716667 0.120312 0.023333
49 0.195833 0.744444 0.025000 0.044444
481 0.220833 0.744444 0.025000 0.044444
135 0.803125 0.729630 0.025000 0.044444
187 0.828125 0.729630 0.025000 0.044444
99 0.853125 0.729630 0.025000 0.044444
98 0.878125 0.729630 0.025000 0.044444
531 0.850000 0.583333 0.104167 0.203704
20 0.850000 0.701852 0.109375 0.023333
48 0.850000 0.451852 0.038333 0.068148
307 0.623958 0.706481 0.025000 0.044444
71 0.650000 0.569444 0.062500 0.185185
20 0.650000 0.678704 0.065625 0.023333
72 0.650000 0.447222 0.038333 0.068148
187 0.403125 0.743519 0.025000 0.044444
368 0.450000 0.555556 0.104167 0.287037
20 0.450000 0.715741 0.109375 0.023333
48 0.450000 0.382407 0.038333 0.068148
