62 0.182812 1.000000 0.145411 0.296825
229 0.237500 0.976852 0.136936 0.289694
613 0.303125 0.951852 0.127414 0.280350
83 0.379687 0.928704 0.116968 0.268919
224 0.456250 0.921296 0.105583 0.255387
584 0.543750 0.921296 0.105530 0.255319
518 0.620313 0.928704 0.116914 0.268851
559 0.696875 0.951852 0.127362 0.280284
606 0.762500 0.976852 0.136885 0.289630
433 0.817187 1.000000 0.145376 0.296799
131 0.033333 0.094444 0.037500 0.066667
131 0.070833 0.094444 0.037500 0.066667
173 0.108333 0.094444 0.037500 0.066667
36 0.145833 0.094444 0.037500 0.066667
109 0.183333 0.094444 0.037500 0.066667
36 0.220833 0.094444 0.037500 0.066667
129 0.258333 0.094444 0.037500 0.066667
92 0.295833 0.094444 0.037500 0.066667
30 0.333333 0.094444 0.037500 0.066667
107 0.370833 0.094444 0.037500 0.066667
110 0.408333 0.094444 0.037500 0.066667
35 0.445833 0.094444 0.037500 0.066667
173 0.483333 0.094444 0.037500 0.066667
35 0.520833 0.094444 0.037500 0.066667
32 0.558333 0.094444 0.037500 0.066667
109 0.595833 0.094444 0.037500 0.066667
36 0.633333 0.094444 0.037500 0.066667
36 0.670833 0.094444 0.037500 0.066667
33 0.708333 0.094444 0.037500 0.066667
255 0.334375 0.027778 0.033333 0.059259
13 0.363542 0.027778 0.033333 0.059259
13 0.392708 0.027778 0.033333 0.059259
13 0.421875 0.027778 0.033333 0.059259
13 0.451042 0.027778 0.033333 0.059259
14 0.247917 0.565741 0.114583 0.268519
15 0.247917 0.716667 0.120312 0.023333
239 0.195833 0.744444 0.025000 0.044444
118 0.220833 0.744444 0.025000 0.044444
55 0.591146 0.729630 0.025000 0.044444
221 0.645833 0.574074 0.119792 0.222222
20 0.645833 0.701852 0.125781 0.023333
48 0.645833 0.433333 0.038333 0.068148
256 0.410937 0.729630 0.025000 0.044444
266 0.435937 0.729630 0.025000 0.044444
73 0.460938 0.729630 0.025000 0.044444
275 0.485938 0.729630 0.025000 0.044444
516 0.450000 0.578704 0.088542 0.212963
20 0.450000 0.701852 0.092969 0.023333
21 0.450000 0.442593 0.038333 0.068148
259 0.740625 0.734259 0.025000 0.044444
120 0.765625 0.734259 0.025000 0.044444
481 0.790625 0.734259 0.025000 0.044444
529 0.850000 0.527778 0.229167 0.324074
20 0.850000 0.706481 0.240625 0.023333
72 0.850000 0.336111 0.038333 0.068148
