195 0.237500 1.000000 0.155649 0.335641
88 0.314063 0.968783 0.143917 0.323435
540 0.401563 0.945767 0.131037 0.308710
495 0.500000 0.931481 0.117188 0.291667
627 0.598437 0.945767 0.130975 0.308631
85 0.685938 0.968783 0.143855 0.323357
491 0.762500 1.000000 0.155588 0.335564
32 0.033333 0.094444 0.037500 0.066667
66 0.070833 0.094444 0.037500 0.066667
94 0.108333 0.094444 0.037500 0.066667
28 0.145833 0.094444 0.037500 0.066667
110 0.183333 0.094444 0.037500 0.066667
91 0.220833 0.094444 0.037500 0.066667
131 0.258333 0.094444 0.037500 0.066667
184 0.295833 0.094444 0.037500 0.066667
93 0.333333 0.094444 0.037500 0.066667
37 0.370833 0.094444 0.037500 0.066667
6 0.408333 0.094444 0.037500 0.066667
94 0.445833 0.094444 0.037500 0.066667
29 0.483333 0.094444 0.037500 0.066667
12 0.334375 0.027778 0.033333 0.059259
324 0.363542 0.027778 0.033333 0.059259
214 0.392708 0.027778 0.033333 0.059259
133 0.421875 0.027778 0.033333 0.059259
381 0.451042 0.027778 0.033333 0.059259
14 0.247917 0.565741 0.114583 0.268519
15 0.247917 0.716667 0.120312 0.023333
369 0.195833 0.744444 0.025000 0.044444
327 0.220833 0.744444 0.025000 0.044444
402 0.245833 0.744444 0.025000 0.044444
148 0.618750 0.706481 0.025000 0.044444
57 0.650000 0.601852 0.072917 0.120370
20 0.650000 0.678704 0.076563 0.023333
48 0.650000 0.512037 0.038333 0.068148
117 0.335417 0.729630 0.025000 0.044444
208 0.450000 0.546296 0.239583 0.277778
20 0.450000 0.701852 0.251562 0.023333
48 0.450000 0.377778 0.038333 0.068148
168 0.753646 0.725926 0.025000 0.044444
416 0.778646 0.725926 0.025000 0.044444
175 0.803646 0.725926 0.025000 0.044444
243 0.850000 0.500926 0.203125 0.361111
20 0.850000 0.698148 0.213281 0.023333
170 0.850000 0.290741 0.038333 0.068148
