440 0.351250 0.960648 0.137609 0.316375
434 0.449688 0.935185 0.124215 0.300456
431 0.550312 0.935185 0.124152 0.300376
320 0.648750 0.960648 0.137546 0.316296
28 0.033333 0.094444 0.037500 0.066667
33 0.070833 0.094444 0.037500 0.066667
35 0.108333 0.094444 0.037500 0.066667
66 0.145833 0.094444 0.037500 0.066667
163 0.183333 0.094444 0.037500 0.066667
163 0.220833 0.094444 0.037500 0.066667
199 0.258333 0.094444 0.037500 0.066667
29 0.295833 0.094444 0.037500 0.066667
32 0.333333 0.094444 0.037500 0.066667
65 0.370833 0.094444 0.037500 0.066667
96 0.334375 0.027778 0.033333 0.059259
13 0.363542 0.027778 0.033333 0.059259
13 0.392708 0.027778 0.033333 0.059259
13 0.421875 0.027778 0.033333 0.059259
13 0.451042 0.027778 0.033333 0.059259
14 0.247917 0.565741 0.114583 0.268519
15 0.247917 0.716667 0.120312 0.023333
73 0.195833 0.744444 0.025000 0.044444
371 0.753646 0.725926 0.025000 0.044444
367 0.778646 0.725926 0.025000 0.044444
243 0.850000 0.500926 0.203125 0.361111
20 0.850000 0.698148 0.213281 0.023333
170 0.850000 0.290741 0.038333 0.068148
