394 0.237500 1.000000 0.155649 0.335641
428 0.314063 0.968783 0.143917 0.323435
554 0.401563 0.945767 0.131037 0.308710
409 0.500000 0.931481 0.117188 0.291667
392 0.598437 0.945767 0.130975 0.308631
388 0.685938 0.968783 0.143855 0.323357
559 0.762500 1.000000 0.155588 0.335564
173 0.033333 0.094444 0.037500 0.066667
30 0.070833 0.094444 0.037500 0.066667
4 0.108333 0.094444 0.037500 0.066667
131 0.145833 0.094444 0.037500 0.066667
129 0.183333 0.094444 0.037500 0.066667
129 0.220833 0.094444 0.037500 0.066667
35 0.258333 0.094444 0.037500 0.066667
68 0.334375 0.027778 0.033333 0.059259
272 0.363542 0.027778 0.033333 0.059259
377 0.392708 0.027778 0.033333 0.059259
96 0.421875 0.027778 0.033333 0.059259
13 0.451042 0.027778 0.033333 0.059259
14 0.247917 0.565741 0.114583 0.268519
15 0.247917 0.716667 0.120312 0.023333
135 0.195833 0.744444 0.025000 0.044444
134 0.220833 0.744444 0.025000 0.044444
241 0.808333 0.706481 0.025000 0.044444
483 0.833333 0.706481 0.025000 0.044444
47 0.850000 0.597222 0.093750 0.129630
20 0.850000 0.678704 0.098437 0.023333
48 0.850000 0.502778 0.038333 0.068148
296 0.442187 0.728704 0.025000 0.044444
138 0.467187 0.728704 0.025000 0.044444
406 0.492188 0.728704 0.025000 0.044444
483 0.517187 0.728704 0.025000 0.044444
396 0.470833 0.600926 0.067708 0.166667
20 0.470833 0.700926 0.071094 0.023333
158 0.470833 0.487963 0.038333 0.068148
424 0.597917 0.737037 0.025000 0.044444
426 0.644792 0.562963 0.104167 0.259259
20 0.644792 0.709259 0.109375 0.023333
170 0.644792 0.403704 0.038333 0.068148
