158 0.314063 0.986111 0.143917 0.323435
331 0.401563 0.953704 0.131037 0.308710
526 0.500000 0.935185 0.117188 0.291667
490 0.598437 0.953704 0.130975 0.308631
259 0.685938 0.986111 0.143855 0.323357
40 0.033333 0.094444 0.037500 0.066667
102 0.070833 0.094444 0.037500 0.066667
99 0.108333 0.094444 0.037500 0.066667
8 0.145833 0.094444 0.037500 0.066667
15 0.183333 0.094444 0.037500 0.066667
42 0.220833 0.094444 0.037500 0.066667
8 0.258333 0.094444 0.037500 0.066667
49 0.295833 0.094444 0.037500 0.066667
102 0.333333 0.094444 0.037500 0.066667
41 0.370833 0.094444 0.037500 0.066667
364 0.334375 0.027778 0.033333 0.059259
125 0.363542 0.027778 0.033333 0.059259
162 0.392708 0.027778 0.033333 0.059259
207 0.421875 0.027778 0.033333 0.059259
126 0.451042 0.027778 0.033333 0.059259
25 0.247917 0.565741 0.114583 0.268519
26 0.247917 0.716667 0.120312 0.023333
86 0.195833 0.744444 0.025000 0.044444
187 0.220833 0.744444 0.025000 0.044444
306 0.245833 0.744444 0.025000 0.044444
148 0.270833 0.744444 0.025000 0.044444
132 0.377083 0.729630 0.025000 0.044444
110 0.402083 0.729630 0.025000 0.044444
189 0.427083 0.729630 0.025000 0.044444
400 0.450000 0.601852 0.156250 0.166667
32 0.450000 0.701852 0.164063 0.023333
38 0.450000 0.488889 0.038333 0.068148
275 0.748438 0.729630 0.025000 0.044444
527 0.773438 0.729630 0.025000 0.044444
155 0.860417 0.476852 0.234375 0.416667
32 0.860417 0.701852 0.246094 0.023333
38 0.860417 0.238889 0.038333 0.068148
519 0.582292 0.720370 0.025000 0.044444
325 0.607292 0.720370 0.025000 0.044444
290 0.650000 0.546296 0.145833 0.259259
32 0.650000 0.692593 0.153125 0.023333
33 0.650000 0.387037 0.038333 0.068148
