420 0.401563 0.953704 0.131037 0.308710
613 0.500000 0.925926 0.117188 0.291667
562 0.598437 0.953704 0.130975 0.308631
30 0.033333 0.094444 0.037500 0.066667
110 0.070833 0.094444 0.037500 0.066667
67 0.108333 0.094444 0.037500 0.066667
108 0.145833 0.094444 0.037500 0.066667
28 0.183333 0.094444 0.037500 0.066667
37 0.220833 0.094444 0.037500 0.066667
163 0.258333 0.094444 0.037500 0.066667
110 0.295833 0.094444 0.037500 0.066667
129 0.333333 0.094444 0.037500 0.066667
66 0.370833 0.094444 0.037500 0.066667
4 0.408333 0.094444 0.037500 0.066667
32 0.445833 0.094444 0.037500 0.066667
381 0.334375 0.027778 0.033333 0.059259
381 0.363542 0.027778 0.033333 0.059259
13 0.392708 0.027778 0.033333 0.059259
13 0.421875 0.027778 0.033333 0.059259
13 0.451042 0.027778 0.033333 0.059259
14 0.247917 0.565741 0.114583 0.268519
15 0.247917 0.716667 0.120312 0.023333
228 0.195833 0.744444 0.025000 0.044444
56 0.220833 0.744444 0.025000 0.044444
41 0.782292 0.720370 0.025000 0.044444
178 0.807292 0.720370 0.025000 0.044444
601 0.850000 0.546296 0.145833 0.259259
20 0.850000 0.692593 0.153125 0.023333
167 0.850000 0.387037 0.038333 0.068148
