26 0.182812 1.000000 0.145411 0.296825
537 0.237500 0.976852 0.136936 0.289694
478 0.303125 0.951852 0.127414 0.280350
620 0.379687 0.928704 0.116968 0.268919
509 0.456250 0.921296 0.105583 0.255387
489 0.543750 0.921296 0.105530 0.255319
385 0.620313 0.928704 0.116914 0.268851
354 0.696875 0.951852 0.127362 0.280284
385 0.762500 0.976852 0.136885 0.289630
514 0.817187 1.000000 0.145376 0.296799
4 0.033333 0.094444 0.037500 0.066667
66 0.070833 0.094444 0.037500 0.066667
66 0.108333 0.094444 0.037500 0.066667
35 0.145833 0.094444 0.037500 0.066667
8 0.183333 0.094444 0.037500 0.066667
35 0.220833 0.094444 0.037500 0.066667
92 0.258333 0.094444 0.037500 0.066667
107 0.295833 0.094444 0.037500 0.066667
30 0.333333 0.094444 0.037500 0.066667
37 0.370833 0.094444 0.037500 0.066667
29 0.408333 0.094444 0.037500 0.066667
173 0.445833 0.094444 0.037500 0.066667
132 0.483333 0.094444 0.037500 0.066667
36 0.520833 0.094444 0.037500 0.066667
32 0.558333 0.094444 0.037500 0.066667
38 0.595833 0.094444 0.037500 0.066667
28 0.633333 0.094444 0.037500 0.066667
36 0.670833 0.094444 0.037500 0.066667
32 0.708333 0.094444 0.037500 0.066667
9 0.334375 0.027778 0.033333 0.059259
111 0.363542 0.027778 0.033333 0.059259
238 0.392708 0.027778 0.033333 0.059259
13 0.421875 0.027778 0.033333 0.059259
13 0.451042 0.027778 0.033333 0.059259
14 0.247917 0.565741 0.114583 0.268519
15 0.247917 0.716667 0.120312 0.023333
425 0.195833 0.744444 0.025000 0.044444
189 0.220833 0.744444 0.025000 0.044444
114 0.819271 0.750926 0.025000 0.044444
239 0.844271 0.750926 0.025000 0.044444
416 0.869271 0.750926 0.025000 0.044444
79 0.894271 0.750926 0.025000 0.044444
257 0.847917 0.616667 0.067708 0.179630
20 0.847917 0.723148 0.071094 0.023333
48 0.847917 0.497222 0.038333 0.068148
