176 0.270312 0.986111 0.149899 0.329824
319 0.357812 0.949074 0.137609 0.316375
547 0.452969 0.925926 0.124215 0.300456
275 0.547031 0.925926 0.124152 0.300376
508 0.642187 0.949074 0.137546 0.316296
313 0.729688 0.986111 0.149838 0.329746
42 0.033333 0.094444 0.037500 0.066667
41 0.070833 0.094444 0.037500 0.066667
75 0.108333 0.094444 0.037500 0.066667
138 0.145833 0.094444 0.037500 0.066667
44 0.183333 0.094444 0.037500 0.066667
75 0.220833 0.094444 0.037500 0.066667
76 0.258333 0.094444 0.037500 0.066667
117 0.295833 0.094444 0.037500 0.066667
118 0.333333 0.094444 0.037500 0.066667
138 0.370833 0.094444 0.037500 0.066667
117 0.408333 0.094444 0.037500 0.066667
118 0.445833 0.094444 0.037500 0.066667
121 0.334375 0.027778 0.033333 0.059259
190 0.363542 0.027778 0.033333 0.059259
12 0.392708 0.027778 0.033333 0.059259
13 0.421875 0.027778 0.033333 0.059259
13 0.451042 0.027778 0.033333 0.059259
14 0.247917 0.565741 0.114583 0.268519
15 0.247917 0.716667 0.120312 0.023333
293 0.195833 0.744444 0.025000 0.044444
310 0.623958 0.706481 0.025000 0.044444
303 0.650000 0.569444 0.062500 0.185185
23 0.650000 0.678704 0.065625 0.023333
196 0.650000 0.447222 0.038333 0.068148
344 0.753646 0.729630 0.025000 0.044444
225 0.850000 0.504630 0.203125 0.361111
23 0.850000 0.701852 0.213281 0.023333
30 0.850000 0.294444 0.038333 0.068148
