510 0.500000 0.925926 0.117188 0.291667
107 0.033333 0.094444 0.037500 0.066667
92 0.070833 0.094444 0.037500 0.066667
36 0.108333 0.094444 0.037500 0.066667
92 0.145833 0.094444 0.037500 0.066667
34 0.183333 0.094444 0.037500 0.066667
29 0.220833 0.094444 0.037500 0.066667
36 0.258333 0.094444 0.037500 0.066667
30 0.295833 0.094444 0.037500 0.066667
130 0.333333 0.094444 0.037500 0.066667
30 0.370833 0.094444 0.037500 0.066667
32 0.408333 0.094444 0.037500 0.066667
4 0.445833 0.094444 0.037500 0.066667
173 0.483333 0.094444 0.037500 0.066667
31 0.520833 0.094444 0.037500 0.066667
64 0.558333 0.094444 0.037500 0.066667
173 0.595833 0.094444 0.037500 0.066667
38 0.633333 0.094444 0.037500 0.066667
91 0.670833 0.094444 0.037500 0.066667
304 0.334375 0.027778 0.033333 0.059259
9 0.363542 0.027778 0.033333 0.059259
13 0.392708 0.027778 0.033333 0.059259
13 0.421875 0.027778 0.033333 0.059259
13 0.451042 0.027778 0.033333 0.059259
14 0.247917 0.565741 0.114583 0.268519
15 0.247917 0.716667 0.120312 0.023333
264 0.195833 0.744444 0.025000 0.044444
226 0.220833 0.744444 0.025000 0.044444
187 0.582292 0.720370 0.025000 0.044444
601 0.650000 0.546296 0.145833 0.259259
20 0.650000 0.692593 0.153125 0.023333
167 0.650000 0.387037 0.038333 0.068148
291 0.751042 0.743519 0.025000 0.044444
136 0.776042 0.743519 0.025000 0.044444
258 0.801042 0.743519 0.025000 0.044444
338 0.850000 0.509259 0.208333 0.379630
20 0.850000 0.715741 0.218750 0.023333
48 0.850000 0.289815 0.038333 0.068148
