497 0.193750 1.000000 0.149621 0.310807
318 0.259375 0.982716 0.140084 0.302077
575 0.332656 0.955556 0.129526 0.291092
69 0.412500 0.930247 0.117934 0.277839
256 0.500000 0.925926 0.105469 0.262500
520 0.587500 0.930247 0.117877 0.277768
348 0.667344 0.955556 0.129470 0.291021
568 0.740625 0.982716 0.140029 0.302007
595 0.806250 1.000000 0.149567 0.310740
261 0.033333 0.094444 0.037500 0.066667
164 0.070833 0.094444 0.037500 0.066667
100 0.108333 0.094444 0.037500 0.066667
43 0.145833 0.094444 0.037500 0.066667
162 0.183333 0.094444 0.037500 0.066667
140 0.220833 0.094444 0.037500 0.066667
77 0.258333 0.094444 0.037500 0.066667
48 0.295833 0.094444 0.037500 0.066667
138 0.333333 0.094444 0.037500 0.066667
163 0.370833 0.094444 0.037500 0.066667
77 0.408333 0.094444 0.037500 0.066667
163 0.445833 0.094444 0.037500 0.066667
120 0.334375 0.027778 0.033333 0.059259
189 0.363542 0.027778 0.033333 0.059259
13 0.392708 0.027778 0.033333 0.059259
13 0.421875 0.027778 0.033333 0.059259
13 0.451042 0.027778 0.033333 0.059259
14 0.247917 0.565741 0.114583 0.268519
15 0.247917 0.716667 0.120312 0.023333
304 0.195833 0.744444 0.025000 0.044444
21 0.220833 0.744444 0.025000 0.044444
64 0.245833 0.744444 0.025000 0.044444
477 0.270833 0.744444 0.025000 0.044444
500 0.811979 0.735185 0.025000 0.044444
241 0.845833 0.621296 0.078125 0.138889
23 0.845833 0.707407 0.082031 0.023333
30 0.845833 0.522222 0.038333 0.068148
126 0.525000 0.752778 0.025000 0.044444
247 0.550000 0.752778 0.025000 0.044444
345 0.575000 0.752778 0.025000 0.044444
346 0.600000 0.752778 0.025000 0.044444
347 0.644792 0.509259 0.250000 0.398148
23 0.644792 0.725000 0.262500 0.023333
169 0.644792 0.280556 0.038333 0.068148
