388 0.182812 1.000000 0.145411 0.296825
389 0.237500 0.976852 0.136936 0.289694
390 0.303125 0.951852 0.127414 0.280350
120 0.379687 0.928704 0.116968 0.268919
391 0.456250 0.921296 0.105583 0.255387
192 0.543750 0.921296 0.105530 0.255319
392 0.620313 0.928704 0.116914 0.268851
319 0.696875 0.951852 0.127362 0.280284
73 0.762500 0.976852 0.136885 0.289630
244 0.817187 1.000000 0.145376 0.296799
15 0.033333 0.094444 0.037500 0.066667
101 0.070833 0.094444 0.037500 0.066667
49 0.108333 0.094444 0.037500 0.066667
218 0.145833 0.094444 0.037500 0.066667
218 0.183333 0.094444 0.037500 0.066667
12 0.220833 0.094444 0.037500 0.066667
52 0.334375 0.027778 0.033333 0.059259
364 0.363542 0.027778 0.033333 0.059259
53 0.392708 0.027778 0.033333 0.059259
261 0.421875 0.027778 0.033333 0.059259
24 0.451042 0.027778 0.033333 0.059259
25 0.247917 0.565741 0.114583 0.268519
26 0.247917 0.716667 0.120312 0.023333
65 0.195833 0.744444 0.025000 0.044444
185 0.220833 0.744444 0.025000 0.044444
304 0.808333 0.706481 0.025000 0.044444
361 0.850000 0.597222 0.093750 0.129630
32 0.850000 0.678704 0.098437 0.023333
33 0.850000 0.502778 0.038333 0.068148
107 0.411979 0.735185 0.025000 0.044444
393 0.445833 0.621296 0.078125 0.138889
32 0.445833 0.707407 0.082031 0.023333
178 0.445833 0.522222 0.038333 0.068148
325 0.566667 0.738889 0.025000 0.044444
219 0.591667 0.738889 0.025000 0.044444
148 0.616667 0.738889 0.025000 0.044444
268 0.641667 0.738889 0.025000 0.044444
191 0.652604 0.490741 0.182292 0.407407
32 0.652604 0.711111 0.191406 0.023333
62 0.652604 0.257407 0.038333 0.068148
