625 0.314063 0.986111 0.143917 0.323435
628 0.401563 0.953704 0.131037 0.308710
511 0.500000 0.935185 0.117188 0.291667
500 0.598437 0.953704 0.130975 0.308631
27 0.685938 0.986111 0.143855 0.323357
28 0.033333 0.094444 0.037500 0.066667
28 0.070833 0.094444 0.037500 0.066667
38 0.108333 0.094444 0.037500 0.066667
7 0.145833 0.094444 0.037500 0.066667
65 0.183333 0.094444 0.037500 0.066667
33 0.220833 0.094444 0.037500 0.066667
64 0.258333 0.094444 0.037500 0.066667
92 0.295833 0.094444 0.037500 0.066667
32 0.333333 0.094444 0.037500 0.066667
29 0.370833 0.094444 0.037500 0.066667
28 0.408333 0.094444 0.037500 0.066667
33 0.445833 0.094444 0.037500 0.066667
109 0.483333 0.094444 0.037500 0.066667
131 0.520833 0.094444 0.037500 0.066667
110 0.558333 0.094444 0.037500 0.066667
324 0.334375 0.027778 0.033333 0.059259
174 0.363542 0.027778 0.033333 0.059259
10 0.392708 0.027778 0.033333 0.059259
255 0.421875 0.027778 0.033333 0.059259
111 0.451042 0.027778 0.033333 0.059259
14 0.247917 0.565741 0.114583 0.268519
15 0.247917 0.716667 0.120312 0.023333
447 0.195833 0.744444 0.025000 0.044444
264 0.797917 0.737037 0.025000 0.044444
52 0.822917 0.737037 0.025000 0.044444
240 0.847917 0.737037 0.025000 0.044444
426 0.844792 0.562963 0.104167 0.259259
20 0.844792 0.709259 0.109375 0.023333
170 0.844792 0.403704 0.038333 0.068148
