332 0.226563 1.000000 0.153046 0.323776
421 0.300938 0.968750 0.142404 0.313332
555 0.379687 0.943287 0.130728 0.300556
631 0.458438 0.925926 0.118005 0.285433
361 0.541562 0.925926 0.117945 0.285357
391 0.620313 0.943287 0.130669 0.300481
618 0.693594 0.968750 0.142346 0.313258
449 0.773438 1.000000 0.152989 0.323704
163 0.033333 0.094444 0.037500 0.066667
93 0.070833 0.094444 0.037500 0.066667
184 0.108333 0.094444 0.037500 0.066667
129 0.145833 0.094444 0.037500 0.066667
64 0.183333 0.094444 0.037500 0.066667
34 0.220833 0.094444 0.037500 0.066667
91 0.258333 0.094444 0.037500 0.066667
6 0.295833 0.094444 0.037500 0.066667
163 0.333333 0.094444 0.037500 0.066667
163 0.370833 0.094444 0.037500 0.066667
35 0.408333 0.094444 0.037500 0.066667
131 0.445833 0.094444 0.037500 0.066667
199 0.483333 0.094444 0.037500 0.066667
64 0.520833 0.094444 0.037500 0.066667
65 0.558333 0.094444 0.037500 0.066667
130 0.595833 0.094444 0.037500 0.066667
108 0.633333 0.094444 0.037500 0.066667
64 0.670833 0.094444 0.037500 0.066667
37 0.708333 0.094444 0.037500 0.066667
65 0.745833 0.094444 0.037500 0.066667
303 0.334375 0.027778 0.033333 0.059259
304 0.363542 0.027778 0.033333 0.059259
13 0.392708 0.027778 0.033333 0.059259
13 0.421875 0.027778 0.033333 0.059259
13 0.451042 0.027778 0.033333 0.059259
14 0.247917 0.565741 0.114583 0.268519
15 0.247917 0.716667 0.120312 0.023333
390 0.195833 0.744444 0.025000 0.044444
43 0.220833 0.744444 0.025000 0.044444
135 0.587500 0.729630 0.025000 0.044444
124 0.612500 0.729630 0.025000 0.044444
166 0.650000 0.606481 0.135417 0.157407
20 0.650000 0.701852 0.142188 0.023333
167 0.650000 0.498148 0.038333 0.068148
215 0.756250 0.743519 0.025000 0.044444
270 0.781250 0.743519 0.025000 0.044444
454 0.806250 0.743519 0.025000 0.044444
297 0.870833 0.583333 0.239583 0.231481
20 0.870833 0.715741 0.251562 0.023333
48 0.870833 0.437963 0.038333 0.068148
