142 0.401563 0.953704 0.131037 0.308710
191 0.500000 0.925926 0.117188 0.291667
393 0.598437 0.953704 0.130975 0.308631
199 0.033333 0.094444 0.037500 0.066667
29 0.070833 0.094444 0.037500 0.066667
30 0.108333 0.094444 0.037500 0.066667
108 0.145833 0.094444 0.037500 0.066667
91 0.183333 0.094444 0.037500 0.066667
109 0.220833 0.094444 0.037500 0.066667
92 0.258333 0.094444 0.037500 0.066667
109 0.295833 0.094444 0.037500 0.066667
199 0.333333 0.094444 0.037500 0.066667
34 0.370833 0.094444 0.037500 0.066667
31 0.408333 0.094444 0.037500 0.066667
110 0.445833 0.094444 0.037500 0.066667
186 0.334375 0.027778 0.033333 0.059259
13 0.363542 0.027778 0.033333 0.059259
13 0.392708 0.027778 0.033333 0.059259
13 0.421875 0.027778 0.033333 0.059259
13 0.451042 0.027778 0.033333 0.059259
14 0.247917 0.565741 0.114583 0.268519
15 0.247917 0.716667 0.120312 0.023333
239 0.195833 0.744444 0.025000 0.044444
43 0.791146 0.729630 0.025000 0.044444
221 0.845833 0.574074 0.119792 0.222222
20 0.845833 0.701852 0.125781 0.023333
48 0.845833 0.433333 0.038333 0.068148
307 0.621354 0.731481 0.025000 0.044444
357 0.646354 0.731481 0.025000 0.044444
275 0.671354 0.731481 0.025000 0.044444
105 0.650000 0.640741 0.067708 0.092593
20 0.650000 0.703704 0.071094 0.023333
82 0.650000 0.564815 0.038333 0.068148
