349 0.270312 0.986111 0.149899 0.329824
24 0.357812 0.949074 0.137609 0.316375
183 0.452969 0.925926 0.124215 0.300456
22 0.547031 0.925926 0.124152 0.300376
508 0.642187 0.949074 0.137546 0.316296
413 0.729688 0.986111 0.149838 0.329746
93 0.033333 0.094444 0.037500 0.066667
64 0.070833 0.094444 0.037500 0.066667
7 0.108333 0.094444 0.037500 0.066667
35 0.145833 0.094444 0.037500 0.066667
132 0.183333 0.094444 0.037500 0.066667
36 0.220833 0.094444 0.037500 0.066667
130 0.258333 0.094444 0.037500 0.066667
107 0.295833 0.094444 0.037500 0.066667
65 0.333333 0.094444 0.037500 0.066667
92 0.370833 0.094444 0.037500 0.066667
131 0.408333 0.094444 0.037500 0.066667
93 0.445833 0.094444 0.037500 0.066667
381 0.334375 0.027778 0.033333 0.059259
355 0.363542 0.027778 0.033333 0.059259
381 0.392708 0.027778 0.033333 0.059259
355 0.421875 0.027778 0.033333 0.059259
13 0.451042 0.027778 0.033333 0.059259
14 0.247917 0.565741 0.114583 0.268519
15 0.247917 0.716667 0.120312 0.023333
75 0.195833 0.744444 0.025000 0.044444
226 0.220833 0.744444 0.025000 0.044444
306 0.818750 0.706481 0.025000 0.044444
57 0.850000 0.601852 0.072917 0.120370
20 0.850000 0.678704 0.076563 0.023333
48 0.850000 0.512037 0.038333 0.068148
268 0.540625 0.739815 0.025000 0.044444
446 0.652604 0.551852 0.234375 0.287037
20 0.652604 0.712037 0.246094 0.023333
48 0.652604 0.378704 0.038333 0.068148
