542 0.401563 0.953704 0.131037 0.308710
552 0.500000 0.925926 0.117188 0.291667
363 0.598437 0.953704 0.130975 0.308631
6 0.033333 0.094444 0.037500 0.066667
129 0.070833 0.094444 0.037500 0.066667
5 0.108333 0.094444 0.037500 0.066667
92 0.145833 0.094444 0.037500 0.066667
131 0.183333 0.094444 0.037500 0.066667
92 0.220833 0.094444 0.037500 0.066667
34 0.258333 0.094444 0.037500 0.066667
66 0.295833 0.094444 0.037500 0.066667
38 0.333333 0.094444 0.037500 0.066667
184 0.370833 0.094444 0.037500 0.066667
36 0.408333 0.094444 0.037500 0.066667
38 0.445833 0.094444 0.037500 0.066667
64 0.483333 0.094444 0.037500 0.066667
303 0.334375 0.027778 0.033333 0.059259
355 0.363542 0.027778 0.033333 0.059259
13 0.392708 0.027778 0.033333 0.059259
13 0.421875 0.027778 0.033333 0.059259
13 0.451042 0.027778 0.033333 0.059259
14 0.247917 0.565741 0.114583 0.268519
15 0.247917 0.716667 0.120312 0.023333
187 0.195833 0.744444 0.025000 0.044444
455 0.220833 0.744444 0.025000 0.044444
239 0.245833 0.744444 0.025000 0.044444
117 0.270833 0.744444 0.025000 0.044444
187 0.740625 0.739815 0.025000 0.044444
273 0.765625 0.739815 0.025000 0.044444
124 0.790625 0.739815 0.025000 0.044444
446 0.852604 0.551852 0.234375 0.287037
20 0.852604 0.712037 0.246094 0.023333
167 0.852604 0.378704 0.038333 0.068148
