577 0.193750 1.000000 0.149621 0.310807
652 0.259375 0.982716 0.140084 0.302077
449 0.332656 0.955556 0.129526 0.291092
196 0.412500 0.930247 0.117934 0.277839
637 0.500000 0.925926 0.105469 0.262500
641 0.587500 0.930247 0.117877 0.277768
498 0.667344 0.955556 0.129470 0.291021
380 0.740625 0.982716 0.140029 0.302007
513 0.806250 1.000000 0.149567 0.310740
132 0.033333 0.094444 0.037500 0.066667
67 0.070833 0.094444 0.037500 0.066667
7 0.108333 0.094444 0.037500 0.066667
29 0.145833 0.094444 0.037500 0.066667
7 0.183333 0.094444 0.037500 0.066667
67 0.220833 0.094444 0.037500 0.066667
36 0.258333 0.094444 0.037500 0.066667
109 0.295833 0.094444 0.037500 0.066667
94 0.333333 0.094444 0.037500 0.066667
184 0.370833 0.094444 0.037500 0.066667
184 0.408333 0.094444 0.037500 0.066667
94 0.445833 0.094444 0.037500 0.066667
36 0.483333 0.094444 0.037500 0.066667
200 0.334375 0.027778 0.033333 0.059259
174 0.363542 0.027778 0.033333 0.059259
96 0.392708 0.027778 0.033333 0.059259
111 0.421875 0.027778 0.033333 0.059259
13 0.451042 0.027778 0.033333 0.059259
14 0.247917 0.565741 0.114583 0.268519
15 0.247917 0.716667 0.120312 0.023333
327 0.195833 0.744444 0.025000 0.044444
228 0.787500 0.729630 0.025000 0.044444
189 0.812500 0.729630 0.025000 0.044444
166 0.850000 0.606481 0.135417 0.157407
20 0.850000 0.701852 0.142188 0.023333
167 0.850000 0.498148 0.038333 0.068148
156 0.608333 0.711111 0.025000 0.044444
222 0.633333 0.711111 0.025000 0.044444
206 0.650000 0.523148 0.093750 0.287037
20 0.650000 0.683333 0.098437 0.023333
48 0.650000 0.350000 0.038333 0.068148
