493 0.351250 0.960648 0.137609 0.316375
312 0.449688 0.935185 0.124215 0.300456
509 0.550312 0.935185 0.124152 0.300376
209 0.648750 0.960648 0.137546 0.316296
132 0.033333 0.094444 0.037500 0.066667
34 0.070833 0.094444 0.037500 0.066667
31 0.108333 0.094444 0.037500 0.066667
131 0.145833 0.094444 0.037500 0.066667
64 0.183333 0.094444 0.037500 0.066667
6 0.220833 0.094444 0.037500 0.066667
199 0.258333 0.094444 0.037500 0.066667
36 0.295833 0.094444 0.037500 0.066667
31 0.333333 0.094444 0.037500 0.066667
32 0.370833 0.094444 0.037500 0.066667
65 0.408333 0.094444 0.037500 0.066667
199 0.445833 0.094444 0.037500 0.066667
163 0.483333 0.094444 0.037500 0.066667
109 0.520833 0.094444 0.037500 0.066667
199 0.558333 0.094444 0.037500 0.066667
65 0.595833 0.094444 0.037500 0.066667
133 0.334375 0.027778 0.033333 0.059259
255 0.363542 0.027778 0.033333 0.059259
39 0.392708 0.027778 0.033333 0.059259
324 0.421875 0.027778 0.033333 0.059259
13 0.451042 0.027778 0.033333 0.059259
14 0.247917 0.565741 0.114583 0.268519
15 0.247917 0.716667 0.120312 0.023333
275 0.195833 0.744444 0.025000 0.044444
483 0.220833 0.744444 0.025000 0.044444
201 0.245833 0.744444 0.025000 0.044444
46 0.270833 0.744444 0.025000 0.044444
55 0.808333 0.711111 0.025000 0.044444
424 0.833333 0.711111 0.025000 0.044444
47 0.850000 0.601852 0.093750 0.129630
20 0.850000 0.683333 0.098437 0.023333
48 0.850000 0.507407 0.038333 0.068148
52 0.340625 0.734259 0.025000 0.044444
281 0.365625 0.734259 0.025000 0.044444
203 0.390625 0.734259 0.025000 0.044444
483 0.415625 0.734259 0.025000 0.044444
529 0.450000 0.527778 0.229167 0.324074
20 0.450000 0.706481 0.240625 0.023333
72 0.450000 0.336111 0.038333 0.068148
258 0.558854 0.725000 0.025000 0.044444
476 0.650000 0.523148 0.192708 0.314815
20 0.650000 0.697222 0.202344 0.023333
48 0.650000 0.336111 0.038333 0.068148
