572 0.401563 0.953704 0.131037 0.308710
575 0.500000 0.925926 0.117188 0.291667
581 0.598437 0.953704 0.130975 0.308631
91 0.033333 0.094444 0.037500 0.066667
94 0.070833 0.094444 0.037500 0.066667
93 0.108333 0.094444 0.037500 0.066667
108 0.145833 0.094444 0.037500 0.066667
5 0.183333 0.094444 0.037500 0.066667
91 0.220833 0.094444 0.037500 0.066667
67 0.258333 0.094444 0.037500 0.066667
35 0.295833 0.094444 0.037500 0.066667
35 0.333333 0.094444 0.037500 0.066667
132 0.370833 0.094444 0.037500 0.066667
144 0.334375 0.027778 0.033333 0.059259
13 0.363542 0.027778 0.033333 0.059259
13 0.392708 0.027778 0.033333 0.059259
13 0.421875 0.027778 0.033333 0.059259
13 0.451042 0.027778 0.033333 0.059259
14 0.247917 0.565741 0.114583 0.268519
15 0.247917 0.716667 0.120312 0.023333
118 0.195833 0.744444 0.025000 0.044444
357 0.220833 0.744444 0.025000 0.044444
178 0.571875 0.734259 0.025000 0.044444
149 0.650000 0.587963 0.166667 0.203704
20 0.650000 0.706481 0.175000 0.023333
150 0.650000 0.456481 0.038333 0.068148
295 0.740625 0.739815 0.025000 0.044444
203 0.765625 0.739815 0.025000 0.044444
446 0.852604 0.551852 0.234375 0.287037
20 0.852604 0.712037 0.246094 0.023333
167 0.852604 0.378704 0.038333 0.068148
