332 0.314063 0.986111 0.143917 0.323435
231 0.401563 0.953704 0.131037 0.308710
614 0.500000 0.935185 0.117188 0.291667
587 0.598437 0.953704 0.130975 0.308631
580 0.685938 0.986111 0.143855 0.323357
173 0.033333 0.094444 0.037500 0.066667
5 0.070833 0.094444 0.037500 0.066667
163 0.108333 0.094444 0.037500 0.066667
173 0.145833 0.094444 0.037500 0.066667
35 0.183333 0.094444 0.037500 0.066667
303 0.334375 0.027778 0.033333 0.059259
68 0.363542 0.027778 0.033333 0.059259
113 0.392708 0.027778 0.033333 0.059259
133 0.421875 0.027778 0.033333 0.059259
96 0.451042 0.027778 0.033333 0.059259
14 0.247917 0.565741 0.114583 0.268519
15 0.247917 0.716667 0.120312 0.023333
357 0.195833 0.744444 0.025000 0.044444
256 0.220833 0.744444 0.025000 0.044444
118 0.245833 0.744444 0.025000 0.044444
390 0.605729 0.757407 0.025000 0.044444
141 0.652604 0.583333 0.104167 0.259259
20 0.652604 0.729630 0.109375 0.023333
82 0.652604 0.424074 0.038333 0.068148
175 0.756250 0.743519 0.025000 0.044444
137 0.781250 0.743519 0.025000 0.044444
268 0.806250 0.743519 0.025000 0.044444
297 0.870833 0.583333 0.239583 0.231481
20 0.870833 0.715741 0.251562 0.023333
48 0.870833 0.437963 0.038333 0.068148
