430 0.500000 0.925926 0.117188 0.291667
35 0.033333 0.094444 0.037500 0.066667
110 0.070833 0.094444 0.037500 0.066667
129 0.108333 0.094444 0.037500 0.066667
38 0.145833 0.094444 0.037500 0.066667
30 0.183333 0.094444 0.037500 0.066667
38 0.220833 0.094444 0.037500 0.066667
7 0.258333 0.094444 0.037500 0.066667
32 0.295833 0.094444 0.037500 0.066667
7 0.333333 0.094444 0.037500 0.066667
131 0.370833 0.094444 0.037500 0.066667
92 0.408333 0.094444 0.037500 0.066667
5 0.445833 0.094444 0.037500 0.066667
64 0.483333 0.094444 0.037500 0.066667
5 0.520833 0.094444 0.037500 0.066667
377 0.334375 0.027778 0.033333 0.059259
95 0.363542 0.027778 0.033333 0.059259
174 0.392708 0.027778 0.033333 0.059259
13 0.421875 0.027778 0.033333 0.059259
13 0.451042 0.027778 0.033333 0.059259
14 0.247917 0.565741 0.114583 0.268519
15 0.247917 0.716667 0.120312 0.023333
222 0.195833 0.744444 0.025000 0.044444
371 0.220833 0.744444 0.025000 0.044444
337 0.803125 0.743519 0.025000 0.044444
51 0.828125 0.743519 0.025000 0.044444
408 0.853125 0.743519 0.025000 0.044444
327 0.878125 0.743519 0.025000 0.044444
368 0.850000 0.555556 0.104167 0.287037
20 0.850000 0.715741 0.109375 0.023333
48 0.850000 0.382407 0.038333 0.068148
