403 0.193750 1.000000 0.149621 0.310807
219 0.259375 0.982716 0.140084 0.302077
229 0.332656 0.955556 0.129526 0.291092
317 0.412500 0.930247 0.117934 0.277839
573 0.500000 0.925926 0.105469 0.262500
287 0.587500 0.930247 0.117877 0.277768
460 0.667344 0.955556 0.129470 0.291021
339 0.740625 0.982716 0.140029 0.302007
27 0.806250 1.000000 0.149567 0.310740
8 0.033333 0.094444 0.037500 0.066667
4 0.070833 0.094444 0.037500 0.066667
107 0.108333 0.094444 0.037500 0.066667
29 0.145833 0.094444 0.037500 0.066667
5 0.183333 0.094444 0.037500 0.066667
92 0.220833 0.094444 0.037500 0.066667
30 0.258333 0.094444 0.037500 0.066667
184 0.295833 0.094444 0.037500 0.066667
4 0.333333 0.094444 0.037500 0.066667
199 0.370833 0.094444 0.037500 0.066667
108 0.408333 0.094444 0.037500 0.066667
184 0.445833 0.094444 0.037500 0.066667
36 0.483333 0.094444 0.037500 0.066667
290 0.334375 0.027778 0.033333 0.059259
272 0.363542 0.027778 0.033333 0.059259
39 0.392708 0.027778 0.033333 0.059259
96 0.421875 0.027778 0.033333 0.059259
95 0.451042 0.027778 0.033333 0.059259
14 0.247917 0.565741 0.114583 0.268519
15 0.247917 0.716667 0.120312 0.023333
378 0.195833 0.744444 0.025000 0.044444
79 0.220833 0.744444 0.025000 0.044444
45 0.245833 0.744444 0.025000 0.044444
293 0.270833 0.744444 0.025000 0.044444
165 0.619271 0.750926 0.025000 0.044444
257 0.647917 0.616667 0.067708 0.179630
20 0.647917 0.723148 0.071094 0.023333
48 0.647917 0.497222 0.038333 0.068148
73 0.395312 0.748148 0.025000 0.044444
357 0.420312 0.748148 0.025000 0.044444
482 0.450000 0.587963 0.119792 0.231481
20 0.450000 0.720370 0.125781 0.023333
216 0.450000 0.442593 0.038333 0.068148
226 0.803125 0.743519 0.025000 0.044444
368 0.850000 0.555556 0.104167 0.287037
20 0.850000 0.715741 0.109375 0.023333
331 0.850000 0.382407 0.038333 0.068148
