609 0.270312 0.986111 0.149899 0.329824
428 0.357812 0.949074 0.137609 0.316375
559 0.452969 0.925926 0.124215 0.300456
650 0.547031 0.925926 0.124152 0.300376
607 0.642187 0.949074 0.137546 0.316296
436 0.729688 0.986111 0.149838 0.329746
34 0.033333 0.094444 0.037500 0.066667
92 0.070833 0.094444 0.037500 0.066667
110 0.108333 0.094444 0.037500 0.066667
8 0.145833 0.094444 0.037500 0.066667
91 0.183333 0.094444 0.037500 0.066667
130 0.220833 0.094444 0.037500 0.066667
94 0.258333 0.094444 0.037500 0.066667
92 0.295833 0.094444 0.037500 0.066667
37 0.333333 0.094444 0.037500 0.066667
143 0.334375 0.027778 0.033333 0.059259
255 0.363542 0.027778 0.033333 0.059259
185 0.392708 0.027778 0.033333 0.059259
9 0.421875 0.027778 0.033333 0.059259
13 0.451042 0.027778 0.033333 0.059259
14 0.247917 0.565741 0.114583 0.268519
15 0.247917 0.716667 0.120312 0.023333
296 0.195833 0.744444 0.025000 0.044444
101 0.764063 0.751852 0.025000 0.044444
52 0.789063 0.751852 0.025000 0.044444
590 0.850000 0.540741 0.182292 0.333333
20 0.850000 0.724074 0.191406 0.023333
48 0.850000 0.344444 0.038333 0.068148
116 0.558854 0.748148 0.025000 0.044444
470 0.634375 0.562500 0.161458 0.282407
20 0.634375 0.720370 0.169531 0.023333
170 0.634375 0.391667 0.038333 0.068148
116 0.384896 0.738889 0.025000 0.044444
357 0.409896 0.738889 0.025000 0.044444
50 0.434896 0.738889 0.025000 0.044444
176 0.459896 0.738889 0.025000 0.044444
53 0.450000 0.509259 0.140625 0.370370
20 0.450000 0.711111 0.147656 0.023333
331 0.450000 0.294444 0.038333 0.068148
