585 0.193750 1.000000 0.149621 0.310807
460 0.259375 0.982716 0.140084 0.302077
633 0.332656 0.955556 0.129526 0.291092
413 0.412500 0.930247 0.117934 0.277839
477 0.500000 0.925926 0.105469 0.262500
284 0.587500 0.930247 0.117877 0.277768
407 0.667344 0.955556 0.129470 0.291021
289 0.740625 0.982716 0.140029 0.302007
612 0.806250 1.000000 0.149567 0.310740
129 0.033333 0.094444 0.037500 0.066667
130 0.070833 0.094444 0.037500 0.066667
30 0.108333 0.094444 0.037500 0.066667
4 0.145833 0.094444 0.037500 0.066667
36 0.183333 0.094444 0.037500 0.066667
37 0.220833 0.094444 0.037500 0.066667
5 0.258333 0.094444 0.037500 0.066667
30 0.295833 0.094444 0.037500 0.066667
6 0.333333 0.094444 0.037500 0.066667
32 0.370833 0.094444 0.037500 0.066667
163 0.408333 0.094444 0.037500 0.066667
173 0.445833 0.094444 0.037500 0.066667
32 0.483333 0.094444 0.037500 0.066667
163 0.520833 0.094444 0.037500 0.066667
39 0.334375 0.027778 0.033333 0.059259
13 0.363542 0.027778 0.033333 0.059259
13 0.392708 0.027778 0.033333 0.059259
13 0.421875 0.027778 0.033333 0.059259
13 0.451042 0.027778 0.033333 0.059259
14 0.247917 0.565741 0.114583 0.268519
15 0.247917 0.716667 0.120312 0.023333
16 0.195833 0.744444 0.025000 0.044444
215 0.819271 0.750926 0.025000 0.044444
425 0.844271 0.750926 0.025000 0.044444
257 0.847917 0.616667 0.067708 0.179630
20 0.847917 0.723148 0.071094 0.023333
48 0.847917 0.497222 0.038333 0.068148
357 0.403125 0.729630 0.025000 0.044444
100 0.428125 0.729630 0.025000 0.044444
382 0.450000 0.583333 0.104167 0.203704
20 0.450000 0.701852 0.109375 0.023333
48 0.450000 0.451852 0.038333 0.068148
274 0.571875 0.724074 0.025000 0.044444
177 0.596875 0.724074 0.025000 0.044444
305 0.621875 0.724074 0.025000 0.044444
441 0.639583 0.563889 0.145833 0.231481
20 0.639583 0.696296 0.153125 0.023333
170 0.639583 0.418519 0.038333 0.068148
