407 0.351250 0.960648 0.137609 0.316375
560 0.449688 0.935185 0.124215 0.300456
509 0.550312 0.935185 0.124152 0.300376
465 0.648750 0.960648 0.137546 0.316296
37 0.033333 0.094444 0.037500 0.066667
67 0.070833 0.094444 0.037500 0.066667
33 0.108333 0.094444 0.037500 0.066667
94 0.145833 0.094444 0.037500 0.066667
173 0.183333 0.094444 0.037500 0.066667
38 0.220833 0.094444 0.037500 0.066667
31 0.258333 0.094444 0.037500 0.066667
29 0.295833 0.094444 0.037500 0.066667
131 0.333333 0.094444 0.037500 0.066667
200 0.334375 0.027778 0.033333 0.059259
145 0.363542 0.027778 0.033333 0.059259
144 0.392708 0.027778 0.033333 0.059259
144 0.421875 0.027778 0.033333 0.059259
13 0.451042 0.027778 0.033333 0.059259
14 0.247917 0.565741 0.114583 0.268519
15 0.247917 0.716667 0.120312 0.023333
74 0.195833 0.744444 0.025000 0.044444
73 0.587500 0.729630 0.025000 0.044444
98 0.612500 0.729630 0.025000 0.044444
153 0.637500 0.729630 0.025000 0.044444
148 0.662500 0.729630 0.025000 0.044444
166 0.650000 0.606481 0.135417 0.157407
20 0.650000 0.701852 0.142188 0.023333
167 0.650000 0.498148 0.038333 0.068148
115 0.746875 0.729630 0.025000 0.044444
202 0.771875 0.729630 0.025000 0.044444
424 0.796875 0.729630 0.025000 0.044444
121 0.865625 0.495370 0.247917 0.379630
20 0.865625 0.701852 0.260312 0.023333
48 0.865625 0.275926 0.038333 0.068148
