514 0.270312 0.986111 0.149899 0.329824
353 0.357812 0.949074 0.137609 0.316375
520 0.452969 0.925926 0.124215 0.300456
60 0.547031 0.925926 0.124152 0.300376
541 0.642187 0.949074 0.137546 0.316296
618 0.729688 0.986111 0.149838 0.329746
29 0.033333 0.094444 0.037500 0.066667
93 0.070833 0.094444 0.037500 0.066667
7 0.108333 0.094444 0.037500 0.066667
199 0.145833 0.094444 0.037500 0.066667
65 0.183333 0.094444 0.037500 0.066667
38 0.220833 0.094444 0.037500 0.066667
108 0.258333 0.094444 0.037500 0.066667
64 0.295833 0.094444 0.037500 0.066667
7 0.333333 0.094444 0.037500 0.066667
355 0.334375 0.027778 0.033333 0.059259
304 0.363542 0.027778 0.033333 0.059259
355 0.392708 0.027778 0.033333 0.059259
13 0.421875 0.027778 0.033333 0.059259
13 0.451042 0.027778 0.033333 0.059259
14 0.247917 0.565741 0.114583 0.268519
15 0.247917 0.716667 0.120312 0.023333
134 0.195833 0.744444 0.025000 0.044444
175 0.220833 0.744444 0.025000 0.044444
469 0.245833 0.744444 0.025000 0.044444
326 0.726042 0.729630 0.025000 0.044444
282 0.844792 0.495370 0.247917 0.379630
20 0.844792 0.701852 0.260312 0.023333
48 0.844792 0.275926 0.038333 0.068148
